wind_speed,wind_direction,temperature,relative_humidity,pressure,mjd
31,29.0,2.41,17,619.1,57961.416666666664
29,50.0,2.44,17,619.1,57961.41736111111
28,47.0,2.47,19,619.1,57961.41805555556
28,45.0,2.48,18,619.1,57961.41875
29,47.0,2.5,16,619.1,57961.419444444444
30,51.0,2.51,17,619.1,57961.42013888889
30,41.0,2.53,17,619.1,57961.42083333333
31,39.0,2.54,16,619.1,57961.42152777778
30,44.0,2.54,16,619.1,57961.42222222222
30,38.0,2.53,16,619.0,57961.42291666667
29,46.0,2.5,16,619.0,57961.42361111111
29,53.0,2.47,16,619.0,57961.424305555556
29,48.0,2.44,16,619.0,57961.425
29,43.0,2.42,17,619.0,57961.42569444444
29,49.0,2.42,17,619.1,57961.42638888889
29,59.0,2.42,17,619.1,57961.427083333336
28,51.0,2.41,16,619.1,57961.427777777775
28,42.0,2.39,16,619.1,57961.42847222222
28,48.0,2.39,16,619.0,57961.42916666667
27,36.0,2.37,16,619.0,57961.42986111111
27,25.0,2.36,16,619.0,57961.430555555555
30,46.0,2.36,17,619.0,57961.43125
28,53.0,2.36,16,618.9,57961.43194444444
29,54.0,2.36,16,618.9,57961.43263888889
28,37.0,2.36,16,619.0,57961.433333333334
29,34.0,2.35,16,619.0,57961.43402777778
29,31.0,2.33,15,618.9,57961.43472222222
29,19.0,2.31,15,618.9,57961.43541666667
30,44.0,2.28,15,618.9,57961.436111111114
30,52.0,2.25,16,618.9,57961.43680555555
32,41.0,2.23,16,618.9,57961.4375
31,38.0,2.21,15,618.9,57961.43819444445
31,38.0,2.19,16,618.9,57961.438888888886
30,37.0,2.18,16,618.9,57961.43958333333
29,32.0,2.16,16,618.9,57961.44027777778
30,43.0,2.17,16,618.9,57961.44097222222
30,42.0,2.17,16,618.8,57961.441666666666
31,40.0,2.18,16,618.8,57961.44236111111
30,28.0,2.18,16,618.8,57961.44305555556
30,42.0,2.18,16,618.8,57961.44375
28,41.0,2.18,16,618.9,57961.444444444445
29,44.0,2.18,16,618.9,57961.44513888889
28,36.0,2.17,15,618.9,57961.44583333333
29,45.0,2.16,16,618.9,57961.44652777778
28,46.0,2.15,16,618.9,57961.447222222225
27,45.0,2.15,16,618.8,57961.447916666664
28,43.0,2.14,16,618.8,57961.44861111111
28,49.0,2.13,16,618.8,57961.44930555556
29,43.0,2.12,16,618.8,57961.45
29,39.0,2.12,16,618.8,57961.450694444444
29,36.0,2.12,16,618.8,57961.45138888889
29,34.0,2.11,16,618.8,57961.45208333333
29,52.0,2.1,16,618.7,57961.45277777778
30,40.0,2.1,16,618.7,57961.45347222222
28,40.0,2.09,16,618.7,57961.45416666667
29,46.0,2.1,16,618.7,57961.45486111111
29,40.0,2.11,16,618.7,57961.455555555556
28,52.0,2.12,16,618.7,57961.45625
29,44.0,2.13,16,618.7,57961.45694444444
28,51.0,2.15,16,618.7,57961.45763888889
29,64.0,2.16,16,618.7,57961.458333333336
29,53.0,2.16,16,618.7,57961.459027777775
29,48.0,2.16,16,618.7,57961.45972222222
30,37.0,2.15,16,618.7,57961.46041666667
30,38.0,2.14,16,618.7,57961.46111111111
30,51.0,2.12,16,618.7,57961.461805555555
30,40.0,2.1,16,618.7,57961.4625
30,40.0,2.09,16,618.6,57961.46319444444
31,43.0,2.08,16,618.6,57961.46388888889
31,40.0,2.06,16,618.6,57961.464583333334
31,42.0,2.06,16,618.6,57961.46527777778
30,40.0,2.05,16,618.6,57961.46597222222
28,51.0,2.06,15,618.6,57961.46666666667
28,51.0,2.07,15,618.7,57961.467361111114
29,43.0,2.09,15,618.7,57961.46805555555
28,39.0,2.11,15,618.7,57961.46875
28,48.0,2.14,15,618.7,57961.46944444445
28,40.0,2.16,15,618.7,57961.470138888886
28,52.0,2.2,16,618.7,57961.47083333333
27,38.0,2.23,15,618.7,57961.47152777778
27,45.0,2.27,15,618.7,57961.47222222222
27,41.0,2.31,15,618.7,57961.472916666666
28,43.0,2.35,15,618.7,57961.47361111111
29,38.0,2.4,15,618.7,57961.47430555556
29,33.0,2.44,15,618.6,57961.475
30,36.0,2.49,15,618.6,57961.475694444445
30,31.0,2.53,15,618.6,57961.47638888889
29,45.0,2.58,15,618.6,57961.47708333333
29,40.0,2.62,15,618.6,57961.47777777778
30,44.0,2.65,15,618.6,57961.478472222225
31,44.0,2.67,15,618.6,57961.479166666664
31,34.0,2.69,15,618.6,57961.47986111111
32,51.0,2.7,15,618.6,57961.48055555556
30,39.0,2.7,15,618.6,57961.48125
30,40.0,2.7,15,618.6,57961.481944444444
29,33.0,2.69,15,618.6,57961.48263888889
29,42.0,2.66,15,618.6,57961.48333333333
30,46.0,2.63,15,618.6,57961.48402777778
30,43.0,2.6,15,618.5,57961.48472222222
31,44.0,2.57,15,618.5,57961.48541666667
31,44.0,2.54,15,618.5,57961.48611111111
31,43.0,2.52,15,618.5,57961.486805555556
32,47.0,2.51,15,618.5,57961.4875
32,39.0,2.51,15,618.5,57961.48819444444
32,37.0,2.51,15,618.5,57961.48888888889
31,41.0,2.49,15,618.5,57961.489583333336
32,45.0,2.48,15,618.5,57961.490277777775
33,35.0,2.49,15,618.5,57961.49097222222
32,42.0,2.5,15,618.5,57961.49166666667
32,45.0,2.51,15,618.5,57961.49236111111
33,41.0,2.51,15,618.4,57961.493055555555
33,37.0,2.52,15,618.4,57961.49375
33,43.0,2.53,16,618.4,57961.49444444444
34,39.0,2.53,16,618.4,57961.49513888889
34,40.0,2.53,16,618.4,57961.495833333334
34,37.0,2.53,16,618.3,57961.49652777778
35,37.0,2.52,16,618.3,57961.49722222222
34,39.0,2.51,16,618.3,57961.49791666667
34,40.0,2.51,16,618.4,57961.498611111114
33,40.0,2.51,17,618.3,57961.49930555555
34,36.0,2.51,17,618.3,57961.5
34,35.0,2.51,17,618.4,57961.50069444445
33,38.0,2.51,17,618.4,57961.501388888886
32,39.0,2.51,17,618.4,57961.50208333333
33,38.0,2.5,17,618.3,57961.50277777778
33,39.0,2.49,17,618.4,57961.50347222222
33,34.0,2.48,17,618.3,57961.504166666666
31,42.0,2.47,16,618.4,57961.50486111111
31,38.0,2.45,16,618.3,57961.50555555556
32,38.0,2.42,17,618.3,57961.50625
32,35.0,2.41,16,618.3,57961.506944444445
33,34.0,2.39,17,618.3,57961.50763888889
31,37.0,2.37,17,618.3,57961.50833333333
33,45.0,2.36,17,618.3,57961.50902777778
32,44.0,2.36,18,618.3,57961.509722222225
32,42.0,2.36,18,618.3,57961.510416666664
32,40.0,2.36,18,618.3,57961.51111111111
33,40.0,2.36,18,618.3,57961.51180555556
33,35.0,2.36,18,618.3,57961.5125
33,37.0,2.37,18,618.3,57961.513194444444
33,37.0,2.38,18,618.3,57961.51388888889
34,39.0,2.39,18,618.3,57961.51458333333
32,39.0,2.39,18,618.3,57961.51527777778
32,36.0,2.39,18,618.3,57961.51597222222
31,36.0,2.36,17,618.3,57961.51666666667
32,34.0,2.34,17,618.3,57961.51736111111
31,38.0,2.31,17,618.3,57961.518055555556
33,41.0,2.3,18,618.3,57961.51875
32,36.0,2.28,18,618.2,57961.51944444444
33,33.0,2.27,18,618.3,57961.52013888889
34,39.0,2.28,19,618.3,57961.520833333336
33,44.0,2.3,19,618.3,57961.521527777775
32,35.0,2.32,19,618.3,57961.52222222222
31,41.0,2.34,19,618.4,57961.52291666667
31,41.0,2.37,19,618.3,57961.52361111111
32,39.0,2.39,19,618.3,57961.524305555555
32,37.0,2.41,18,618.3,57961.525
31,40.0,2.42,18,618.3,57961.52569444444
31,42.0,2.42,18,618.3,57961.52638888889
32,39.0,2.41,17,618.3,57961.527083333334
31,39.0,2.4,17,618.3,57961.52777777778
31,39.0,2.39,18,618.3,57961.52847222222
31,41.0,2.39,19,618.3,57961.52916666667
33,42.0,2.4,19,618.3,57961.529861111114
34,46.0,2.42,19,618.2,57961.53055555555
34,30.0,2.43,20,618.1,57961.53125
37,43.0,2.45,20,618.2,57961.53194444445
35,38.0,2.48,20,618.2,57961.532638888886
35,37.0,2.5,20,618.2,57961.53333333333
37,37.0,2.51,20,618.2,57961.53402777778
36,44.0,2.53,20,618.3,57961.53472222222
35,36.0,2.54,20,618.1,57961.535416666666
37,41.0,2.56,21,618.1,57961.53611111111
35,51.0,2.58,21,618.1,57961.53680555556
34,39.0,2.61,20,618.1,57961.5375
37,42.0,2.64,21,618.1,57961.538194444445
36,37.0,2.68,21,618.2,57961.53888888889
35,42.0,2.72,21,618.2,57961.53958333333
37,42.0,2.75,21,618.2,57961.54027777778
37,37.0,2.78,22,618.1,57961.540972222225
36,33.0,2.81,22,618.1,57961.541666666664
35,44.0,2.82,22,618.2,57961.54236111111
36,34.0,2.82,21,618.2,57961.54305555556
38,34.0,2.83,22,618.2,57961.54375
37,40.0,2.84,21,618.2,57961.544444444444
35,40.0,2.85,21,618.3,57961.54513888889
34,45.0,2.84,21,618.2,57961.54583333333
35,34.0,2.82,21,618.2,57961.54652777778
35,39.0,2.82,21,618.2,57961.54722222222
35,46.0,2.81,21,618.3,57961.54791666667
35,47.0,2.79,21,618.3,57961.54861111111
34,40.0,2.79,21,618.2,57961.549305555556
35,39.0,2.79,21,618.3,57961.55
34,37.0,2.77,21,618.3,57961.55069444444
33,30.0,2.76,21,618.3,57961.55138888889
32,38.0,2.74,21,618.3,57961.552083333336
32,40.0,2.72,20,618.2,57961.552777777775
32,37.0,2.7,19,618.3,57961.55347222222
34,38.0,2.67,20,618.2,57961.55416666667
32,37.0,2.65,20,618.3,57961.55486111111
32,37.0,2.63,19,618.2,57961.555555555555
31,37.0,2.6,18,618.3,57961.55625
31,35.0,2.56,17,618.3,57961.55694444444
31,40.0,2.52,17,618.3,57961.55763888889
32,36.0,2.48,17,618.3,57961.558333333334
31,34.0,2.45,18,618.3,57961.55902777778
32,36.0,2.43,18,618.3,57961.55972222222
32,35.0,2.42,19,618.3,57961.56041666667
32,39.0,2.4,19,618.3,57961.561111111114
32,39.0,2.39,19,618.3,57961.56180555555
29,32.0,2.39,19,618.3,57961.5625
31,35.0,2.39,19,618.3,57961.56319444445
30,37.0,2.39,19,618.3,57961.563888888886
31,37.0,2.39,18,618.3,57961.56458333333
30,41.0,2.39,19,618.3,57961.56527777778
31,37.0,2.39,19,618.3,57961.56597222222
31,37.0,2.4,19,618.3,57961.566666666666
29,35.0,2.41,19,618.3,57961.56736111111
29,35.0,2.41,19,618.3,57961.56805555556
27,38.0,2.42,19,618.3,57961.56875
27,32.0,2.41,19,618.3,57961.569444444445
27,37.0,2.4,19,618.4,57961.57013888889
27,34.0,2.39,19,618.4,57961.57083333333
30,32.0,2.39,20,618.4,57961.57152777778
29,22.0,2.39,20,618.4,57961.572222222225
31,44.0,2.4,20,618.4,57961.572916666664
29,35.0,2.43,20,618.4,57961.57361111111
31,32.0,2.46,20,618.4,57961.57430555556
30,36.0,2.49,20,618.4,57961.575
29,26.0,2.52,20,618.4,57961.575694444444
29,35.0,2.54,20,618.4,57961.57638888889
31,39.0,2.57,20,618.4,57961.57708333333
29,35.0,2.59,19,618.4,57961.57777777778
31,32.0,2.61,19,618.4,57961.57847222222
30,36.0,2.63,19,618.4,57961.57916666667
32,44.0,2.66,19,618.4,57961.57986111111
34,33.0,2.67,18,618.4,57961.580555555556
35,32.0,2.7,18,618.4,57961.58125
33,40.0,2.73,18,618.4,57961.58194444444
33,33.0,2.76,18,618.4,57961.58263888889
32,36.0,2.79,18,618.4,57961.583333333336
32,30.0,2.81,18,618.4,57961.584027777775
32,36.0,2.82,18,618.4,57961.58472222222
31,34.0,2.82,18,618.4,57961.58541666667
33,39.0,2.82,17,618.3,57961.58611111111
33,34.0,2.82,17,618.3,57961.586805555555
34,37.0,2.81,17,618.3,57961.5875
34,37.0,2.8,17,618.2,57961.58819444444
33,36.0,2.8,17,618.3,57961.58888888889
32,36.0,2.79,17,618.2,57961.589583333334
35,31.0,2.79,17,618.2,57961.59027777778
34,36.0,2.79,17,618.2,57961.59097222222
34,33.0,2.79,17,618.2,57961.59166666667
33,37.0,2.78,17,618.2,57961.592361111114
31,35.0,2.77,17,618.2,57961.59305555555
31,37.0,2.77,17,618.2,57961.59375
33,32.0,2.76,17,618.2,57961.59444444445
34,36.0,2.75,16,618.2,57961.595138888886
34,36.0,2.75,16,618.2,57961.59583333333
33,38.0,2.75,16,618.2,57961.59652777778
32,36.0,2.75,16,618.2,57961.59722222222
32,49.0,2.75,16,618.2,57961.597916666666
33,43.0,2.75,16,618.2,57961.59861111111
34,39.0,2.75,16,618.1,57961.59930555556
33,37.0,2.76,16,618.2,57961.6
34,36.0,2.76,16,618.2,57961.600694444445
33,37.0,2.76,16,618.2,57961.60138888889
32,42.0,2.76,15,618.3,57961.60208333333
33,46.0,2.76,15,618.3,57961.60277777778
32,44.0,2.77,15,618.3,57961.603472222225
32,42.0,2.77,15,618.3,57961.604166666664
32,40.0,2.76,15,618.2,57961.60486111111
33,43.0,2.76,15,618.3,57961.60555555556
30,40.0,2.74,15,618.3,57961.60625
32,38.0,2.72,15,618.2,57961.606944444444
32,37.0,2.7,15,618.2,57961.60763888889
34,37.0,2.69,15,618.2,57961.60833333333
32,36.0,2.68,15,618.1,57961.60902777778
33,46.0,2.67,15,618.2,57961.60972222222
33,36.0,2.67,15,618.1,57961.61041666667
35,41.0,2.67,15,618.2,57961.61111111111
34,35.0,2.67,15,618.2,57961.611805555556
34,46.0,2.68,15,618.2,57961.6125
32,36.0,2.69,15,618.2,57961.61319444444
35,37.0,2.69,15,618.2,57961.61388888889
34,35.0,2.7,15,618.2,57961.614583333336
33,35.0,2.7,15,618.3,57961.615277777775
32,39.0,2.72,16,618.3,57961.61597222222
32,40.0,2.73,16,618.3,57961.61666666667
32,39.0,2.72,16,618.3,57961.61736111111
31,41.0,2.71,16,618.3,57961.618055555555
32,30.0,2.69,16,618.3,57961.61875
32,25.0,2.66,15,618.2,57961.61944444444
32,39.0,2.63,15,618.2,57961.62013888889
34,48.0,2.61,15,618.2,57961.620833333334
33,36.0,2.58,15,618.2,57961.62152777778
32,38.0,2.57,15,618.3,57961.62222222222
32,49.0,2.55,15,618.3,57961.62291666667
29,41.0,2.54,15,618.4,57961.623611111114
31,41.0,2.54,15,618.4,57961.62430555555
30,48.0,2.53,15,618.4,57961.625
31,40.0,2.54,15,618.3,57961.62569444445
30,41.0,2.54,15,618.3,57961.626388888886
31,39.0,2.56,15,618.3,57961.62708333333
30,39.0,2.57,15,618.3,57961.62777777778
31,44.0,2.57,15,618.3,57961.62847222222
32,39.0,2.56,15,618.3,57961.629166666666
32,32.0,2.57,15,618.4,57961.62986111111
32,31.0,2.56,15,618.4,57961.63055555556
33,35.0,2.55,14,618.4,57961.63125
34,42.0,2.54,14,618.4,57961.631944444445
35,42.0,2.54,14,618.4,57961.63263888889
33,35.0,2.54,14,618.4,57961.63333333333
33,41.0,2.53,15,618.4,57961.63402777778
35,37.0,2.51,15,618.3,57961.634722222225
33,46.0,2.51,16,618.4,57961.635416666664
31,39.0,2.49,16,618.4,57961.63611111111
32,35.0,2.46,16,618.4,57961.63680555556
32,33.0,2.42,17,618.4,57961.6375
32,36.0,2.38,17,618.4,57961.638194444444
32,42.0,2.34,18,618.4,57961.63888888889
30,41.0,2.3,17,618.4,57961.63958333333
33,34.0,2.27,16,618.4,57961.64027777778
32,43.0,2.27,16,618.4,57961.64097222222
33,37.0,2.25,16,618.4,57961.64166666667
32,38.0,2.24,16,618.4,57961.64236111111
32,38.0,2.25,16,618.4,57961.643055555556
31,38.0,2.26,16,618.4,57961.64375
33,49.0,2.25,16,618.4,57961.64444444444
32,36.0,2.24,16,618.4,57961.64513888889
35,44.0,2.24,15,618.4,57961.645833333336
34,41.0,2.24,15,618.4,57961.646527777775
33,36.0,2.24,16,618.3,57961.64722222222
34,36.0,2.25,16,618.3,57961.64791666667
36,37.0,2.24,15,618.3,57961.64861111111
35,37.0,2.25,15,618.3,57961.649305555555
34,34.0,2.27,15,618.3,57961.65
33,34.0,2.28,14,618.4,57961.65069444444
34,35.0,2.3,15,618.4,57961.65138888889
36,37.0,2.33,15,618.4,57961.652083333334
34,36.0,2.36,15,618.4,57961.65277777778
34,35.0,2.39,14,618.4,57961.65347222222
34,35.0,2.41,13,618.4,57961.65416666667
35,26.0,2.42,13,618.4,57961.654861111114
35,37.0,2.44,13,618.4,57961.65555555555
36,39.0,2.45,12,618.4,57961.65625
33,38.0,2.47,12,618.4,57961.65694444445
35,32.0,2.48,13,618.4,57961.657638888886
34,40.0,2.5,12,618.4,57961.65833333333
33,36.0,2.52,12,618.4,57961.65902777778
33,49.0,2.54,12,618.4,57961.65972222222
33,36.0,2.54,12,618.5,57961.660416666666
33,38.0,2.52,12,618.5,57961.66111111111
35,35.0,2.51,12,618.4,57961.66180555556
35,35.0,2.51,12,618.4,57961.6625
35,36.0,2.5,12,618.4,57961.663194444445
35,39.0,2.48,12,618.4,57961.66388888889
33,39.0,2.47,12,618.4,57961.66458333333
36,37.0,2.45,12,618.4,57961.66527777778
35,37.0,2.42,11,618.5,57961.665972222225
35,38.0,2.39,11,618.5,57961.666666666664
35,37.0,2.37,11,618.5,57961.66736111111
36,36.0,2.35,11,618.5,57961.66805555556
35,36.0,2.33,10,618.5,57961.66875
36,40.0,2.31,10,618.5,57961.669444444444
35,38.0,2.3,10,618.5,57961.67013888889
33,39.0,2.28,10,618.5,57961.67083333333
33,39.0,2.26,9,618.5,57961.67152777778
33,40.0,2.24,9,618.5,57961.67222222222
33,40.0,2.24,9,618.5,57961.67291666667
34,37.0,2.23,9,618.5,57961.67361111111
35,39.0,2.23,9,618.5,57961.674305555556
35,35.0,2.21,9,618.5,57961.675
35,36.0,2.21,9,618.5,57961.67569444444
34,37.0,2.22,10,618.5,57961.67638888889
35,42.0,2.24,10,618.5,57961.677083333336
35,36.0,2.25,11,618.5,57961.677777777775
35,38.0,2.28,11,618.6,57961.67847222222
35,40.0,2.31,11,618.6,57961.67916666667
35,42.0,2.34,11,618.6,57961.67986111111
33,40.0,2.38,11,618.6,57961.680555555555
34,39.0,2.41,11,618.6,57961.68125
35,43.0,2.43,11,618.6,57961.68194444444
35,35.0,2.45,11,618.6,57961.68263888889
33,37.0,2.48,11,618.6,57961.683333333334
35,39.0,2.5,11,618.6,57961.68402777778
35,37.0,2.52,11,618.7,57961.68472222222
33,40.0,2.54,11,618.7,57961.68541666667
34,39.0,2.55,11,618.7,57961.686111111114
33,40.0,2.57,11,618.7,57961.68680555555
35,40.0,2.6,11,618.7,57961.6875
33,31.0,2.63,11,618.7,57961.68819444445
33,39.0,2.64,11,618.8,57961.688888888886
33,42.0,2.66,12,618.7,57961.68958333333
32,35.0,2.65,12,618.7,57961.69027777778
33,48.0,2.64,12,618.7,57961.69097222222
34,37.0,2.64,12,618.7,57961.691666666666
33,47.0,2.64,12,618.7,57961.69236111111
35,34.0,2.66,12,618.7,57961.69305555556
34,31.0,2.67,12,618.7,57961.69375
34,41.0,2.69,12,618.7,57961.694444444445
32,45.0,2.72,12,618.8,57961.69513888889
32,41.0,2.76,12,618.8,57961.69583333333
32,38.0,2.8,12,618.8,57961.69652777778
33,44.0,2.85,12,618.8,57961.697222222225
32,43.0,2.91,12,618.8,57961.697916666664
33,44.0,2.97,12,618.8,57961.69861111111
32,40.0,3.02,11,618.8,57961.69930555556
34,37.0,3.06,11,618.8,57961.7
33,39.0,3.09,11,618.8,57961.700694444444
33,39.0,3.12,11,618.8,57961.70138888889
32,39.0,3.12,11,618.8,57961.70208333333
31,35.0,3.11,11,618.8,57961.70277777778
32,37.0,3.09,11,618.7,57961.70347222222
33,36.0,3.07,11,618.8,57961.70416666667
33,33.0,3.06,11,618.8,57961.70486111111
34,36.0,3.07,11,618.8,57961.705555555556
33,37.0,3.13,11,618.8,57961.70625
34,39.0,3.19,11,618.8,57961.70694444444
34,42.0,3.27,11,618.8,57961.70763888889
32,42.0,3.33,11,618.8,57961.708333333336
34,40.0,3.37,11,618.8,57961.709027777775
32,38.0,3.4,11,618.8,57961.70972222222
33,37.0,3.4,11,618.8,57961.71041666667
31,41.0,3.4,11,618.7,57961.71111111111
34,40.0,3.39,11,618.7,57961.711805555555
32,41.0,3.38,11,618.7,57961.7125
34,51.0,3.39,11,618.7,57961.71319444444
33,31.0,3.4,11,618.6,57961.71388888889
36,42.0,3.43,11,618.6,57961.714583333334
36,41.0,3.45,11,618.6,57961.71527777778
34,37.0,3.48,11,618.6,57961.71597222222
35,50.0,3.51,11,618.7,57961.71666666667
34,45.0,3.55,11,618.7,57961.717361111114
35,38.0,3.6,11,618.7,57961.71805555555
34,42.0,3.65,12,618.7,57961.71875
36,38.0,3.71,12,618.7,57961.71944444445
34,46.0,3.76,12,618.7,57961.720138888886
35,35.0,3.81,13,618.7,57961.72083333333
35,45.0,3.85,13,618.7,57961.72152777778
36,30.0,3.88,12,618.7,57961.72222222222
35,36.0,3.89,11,618.7,57961.722916666666
36,41.0,3.91,11,618.7,57961.72361111111
35,40.0,3.92,11,618.7,57961.72430555556
34,39.0,3.92,11,618.7,57961.725
35,41.0,3.91,11,618.8,57961.725694444445
35,33.0,3.89,11,618.7,57961.72638888889
35,43.0,3.89,11,618.7,57961.72708333333
36,41.0,3.89,11,618.7,57961.72777777778
35,37.0,3.9,11,618.7,57961.728472222225
39,40.0,3.92,11,618.7,57961.729166666664
39,40.0,3.95,11,618.7,57961.72986111111
37,43.0,3.99,10,618.6,57961.73055555556
37,32.0,4.04,10,618.6,57961.73125
37,41.0,4.07,10,618.6,57961.731944444444
39,38.0,4.1,10,618.7,57961.73263888889
37,30.0,4.13,10,618.6,57961.73333333333
39,39.0,4.15,10,618.6,57961.73402777778
37,26.0,4.18,10,618.6,57961.73472222222
38,35.0,4.2,10,618.6,57961.73541666667
39,40.0,4.22,10,618.6,57961.73611111111
36,35.0,4.22,10,618.6,57961.736805555556
36,36.0,4.23,11,618.6,57961.7375
39,44.0,4.22,11,618.7,57961.73819444444
34,41.0,4.21,11,618.7,57961.73888888889
35,39.0,4.19,10,618.6,57961.739583333336
36,35.0,4.19,10,618.7,57961.740277777775
34,47.0,4.19,10,618.8,57961.74097222222
34,36.0,4.19,11,618.8,57961.74166666667
36,38.0,4.19,11,618.8,57961.74236111111
35,35.0,4.21,12,618.8,57961.743055555555
32,38.0,4.22,11,618.9,57961.74375
30,29.0,4.24,11,618.9,57961.74444444444
31,33.0,4.27,11,618.9,57961.74513888889
33,36.0,4.33,10,618.9,57961.745833333334
31,43.0,4.41,10,618.9,57961.74652777778
32,38.0,4.51,10,618.9,57961.74722222222
32,35.0,4.61,10,618.9,57961.74791666667
34,37.0,4.7,9,618.9,57961.748611111114
33,36.0,4.79,9,618.9,57961.74930555555
33,37.0,4.86,9,618.9,57961.75
30,35.0,4.92,9,619.0,57961.75069444445
31,32.0,4.97,9,618.9,57961.751388888886
29,44.0,4.99,8,619.0,57961.75208333333
30,35.0,5.02,8,618.9,57961.75277777778
31,35.0,5.06,9,618.9,57961.75347222222
32,36.0,5.12,8,618.9,57961.754166666666
32,46.0,5.19,8,618.9,57961.75486111111
31,34.0,5.29,9,618.9,57961.75555555556
29,46.0,5.4,9,618.9,57961.75625
31,32.0,5.52,9,618.9,57961.756944444445
30,33.0,5.66,10,618.9,57961.75763888889
28,33.0,5.77,9,618.9,57961.75833333333
29,36.0,5.85,9,618.9,57961.75902777778
28,36.0,5.94,9,618.9,57961.759722222225
30,34.0,6.01,9,619.0,57961.760416666664
29,31.0,6.08,8,619.0,57961.76111111111
29,43.0,6.16,8,619.0,57961.76180555556
30,40.0,6.23,8,619.0,57961.7625
31,35.0,6.32,8,619.0,57961.763194444444
31,32.0,6.41,8,619.0,57961.76388888889
28,23.0,6.52,9,619.1,57961.76458333333
30,39.0,6.6,9,619.0,57961.76527777778
32,34.0,6.68,9,619.0,57961.76597222222
33,40.0,6.74,9,619.0,57961.76666666667
33,34.0,6.8,9,619.0,57961.76736111111
33,33.0,6.83,10,618.9,57961.768055555556
31,38.0,6.84,10,619.0,57961.76875
33,36.0,6.82,10,618.9,57961.76944444444
32,39.0,6.79,10,619.0,57961.77013888889
33,42.0,6.75,10,618.9,57961.770833333336
30,37.0,6.71,11,619.0,57961.771527777775
33,36.0,6.66,10,619.0,57961.77222222222
32,50.0,6.62,11,619.0,57961.77291666667
33,41.0,6.6,11,619.0,57961.77361111111
34,35.0,6.59,12,619.0,57961.774305555555
33,39.0,6.57,12,619.0,57961.775
33,33.0,6.56,11,619.0,57961.77569444444
33,29.0,6.54,11,619.0,57961.77638888889
31,40.0,6.5,11,619.0,57961.777083333334
32,32.0,6.46,11,619.0,57961.77777777778
27,44.0,6.42,12,619.0,57961.77847222222
30,38.0,6.35,11,619.0,57961.77916666667
29,43.0,6.31,12,619.0,57961.779861111114
27,39.0,6.28,13,619.0,57961.78055555555
28,49.0,6.24,13,619.1,57961.78125
28,32.0,6.22,12,619.1,57961.78194444445
30,43.0,6.24,13,619.1,57961.782638888886
30,39.0,6.29,13,619.1,57961.78333333333
29,35.0,6.36,13,619.1,57961.78402777778
30,30.0,6.44,13,619.1,57961.78472222222
33,31.0,6.53,13,619.0,57961.785416666666
31,42.0,6.64,14,619.1,57961.78611111111
31,35.0,6.77,14,619.0,57961.78680555556
30,38.0,6.89,14,619.1,57961.7875
30,33.0,6.99,12,619.0,57961.788194444445
32,42.0,7.11,13,619.0,57961.78888888889
35,30.0,7.25,13,618.9,57961.78958333333
31,44.0,7.4,12,619.0,57961.79027777778
31,24.0,7.51,11,619.0,57961.790972222225
33,34.0,7.6,12,619.0,57961.791666666664
32,19.0,7.66,12,619.0,57961.79236111111
33,39.0,7.69,11,619.0,57961.79305555556
33,39.0,7.69,11,619.0,57961.79375
30,34.0,7.68,10,619.0,57961.794444444444
31,35.0,7.64,10,619.0,57961.79513888889
31,33.0,7.6,10,619.0,57961.79583333333
30,47.0,7.55,10,619.1,57961.79652777778
32,36.0,7.5,10,619.1,57961.79722222222
28,38.0,7.45,10,619.1,57961.79791666667
29,34.0,7.37,10,619.1,57961.79861111111
29,31.0,7.28,10,619.1,57961.799305555556
27,35.0,7.15,10,619.1,57961.8
29,39.0,7.02,11,619.1,57961.80069444444
27,38.0,6.89,11,619.1,57961.80138888889
26,41.0,6.76,11,619.2,57961.802083333336
30,36.0,6.66,11,619.2,57961.802777777775
31,34.0,6.61,11,619.2,57961.80347222222
28,33.0,6.61,11,619.2,57961.80416666667
29,32.0,6.66,12,619.2,57961.80486111111
27,28.0,6.78,12,619.2,57961.805555555555
29,22.0,6.9,11,619.2,57961.80625
33,30.0,7.0,11,619.2,57961.80694444444
30,48.0,7.11,11,619.2,57961.80763888889
29,29.0,7.24,11,619.2,57961.808333333334
33,39.0,7.39,11,619.1,57961.80902777778
32,37.0,7.54,11,619.2,57961.80972222222
29,41.0,7.63,11,619.2,57961.81041666667
33,41.0,7.67,11,619.1,57961.811111111114
33,37.0,7.69,10,619.1,57961.81180555555
30,42.0,7.68,10,619.2,57961.8125
31,38.0,7.63,10,619.1,57961.81319444445
32,38.0,7.57,11,619.1,57961.813888888886
30,28.0,7.51,11,619.1,57961.81458333333
29,37.0,7.44,11,619.1,57961.81527777778
32,33.0,7.37,11,619.1,57961.81597222222
31,37.0,7.31,11,619.1,57961.816666666666
32,44.0,7.27,11,619.1,57961.81736111111
30,36.0,7.23,11,619.0,57961.81805555556
32,28.0,7.16,11,619.0,57961.81875
29,36.0,7.12,11,619.1,57961.819444444445
32,31.0,7.13,11,619.0,57961.82013888889
33,39.0,7.17,11,619.0,57961.82083333333
30,51.0,7.24,10,619.1,57961.82152777778
27,36.0,7.27,10,619.1,57961.822222222225
32,40.0,7.28,10,619.0,57961.822916666664
28,41.0,7.27,10,619.0,57961.82361111111
32,40.0,7.23,10,619.0,57961.82430555556
26,48.0,7.16,10,619.1,57961.825
27,46.0,7.04,10,619.1,57961.825694444444
34,44.0,6.91,10,619.0,57961.82638888889
26,32.0,6.81,10,619.1,57961.82708333333
28,47.0,6.72,9,619.1,57961.82777777778
30,37.0,6.68,9,619.1,57961.82847222222
35,40.0,6.69,9,619.0,57961.82916666667
30,34.0,6.76,9,619.0,57961.82986111111
31,35.0,6.81,8,619.0,57961.830555555556
33,38.0,6.87,8,619.0,57961.83125
29,50.0,6.95,9,619.0,57961.83194444444
26,43.0,7.01,8,618.9,57961.83263888889
30,37.0,7.08,8,618.9,57961.833333333336
36,38.0,7.11,8,618.9,57961.834027777775
34,57.0,7.14,8,618.9,57961.83472222222
31,31.0,7.15,8,618.9,57961.83541666667
33,30.0,7.15,8,618.9,57961.83611111111
34,49.0,7.18,7,619.0,57961.836805555555
31,43.0,7.23,7,618.9,57961.8375
34,30.0,7.28,7,618.9,57961.83819444444
30,37.0,7.3,7,618.9,57961.83888888889
34,40.0,7.28,7,618.9,57961.839583333334
30,49.0,7.24,7,618.8,57961.84027777778
36,39.0,7.19,7,618.8,57961.84097222222
32,43.0,7.13,7,618.9,57961.84166666667
30,38.0,7.05,7,618.8,57961.842361111114
34,48.0,7.0,7,618.8,57961.84305555555
31,52.0,6.94,7,618.8,57961.84375
33,48.0,6.86,7,618.8,57961.84444444445
37,35.0,6.8,7,618.8,57961.845138888886
34,48.0,6.76,7,618.9,57961.84583333333
31,48.0,6.75,7,618.9,57961.84652777778
28,61.0,6.75,7,618.8,57961.84722222222
33,49.0,6.73,7,618.8,57961.847916666666
35,41.0,6.72,8,618.8,57961.84861111111
31,38.0,6.72,8,618.9,57961.84930555556
27,35.0,6.72,8,618.9,57961.85
29,50.0,6.71,7,619.0,57961.850694444445
29,49.0,6.72,7,618.9,57961.85138888889
29,51.0,6.73,7,618.9,57961.85208333333
23,51.0,6.74,7,619.0,57961.85277777778
27,39.0,6.72,7,618.9,57961.853472222225
30,54.0,6.72,7,618.9,57961.854166666664
30,50.0,6.73,7,618.9,57961.85486111111
26,45.0,6.73,7,619.0,57961.85555555556
28,43.0,6.71,7,618.9,57961.85625
29,39.0,6.7,7,618.9,57961.856944444444
29,50.0,6.68,7,618.9,57961.85763888889
29,43.0,6.62,7,618.8,57961.85833333333
28,59.0,6.55,7,618.9,57961.85902777778
29,53.0,6.51,7,618.9,57961.85972222222
29,56.0,6.46,7,618.9,57961.86041666667
27,40.0,6.39,7,618.9,57961.86111111111
28,47.0,6.32,7,618.9,57961.861805555556
30,57.0,6.27,7,618.9,57961.8625
27,53.0,6.22,7,618.9,57961.86319444444
36,54.0,6.2,7,618.9,57961.86388888889
27,47.0,6.22,7,619.0,57961.864583333336
29,41.0,6.23,7,619.0,57961.865277777775
26,63.0,6.23,7,619.0,57961.86597222222
26,52.0,6.23,7,619.0,57961.86666666667
26,50.0,6.21,7,618.9,57961.86736111111
24,63.0,6.18,7,618.9,57961.868055555555
29,43.0,6.18,7,618.9,57961.86875
30,46.0,6.21,7,618.9,57961.86944444444
29,33.0,6.24,7,618.9,57961.87013888889
32,58.0,6.23,7,618.8,57961.870833333334
29,60.0,6.19,7,618.9,57961.87152777778
33,46.0,6.14,7,618.8,57961.87222222222
33,56.0,6.11,7,618.8,57961.87291666667
31,57.0,6.08,7,618.8,57961.873611111114
29,37.0,6.05,7,618.8,57961.87430555555
33,64.0,6.05,7,618.8,57961.875
31,57.0,6.08,7,618.8,57961.87569444445
31,51.0,6.08,7,618.8,57961.876388888886
32,72.0,6.11,7,618.8,57961.87708333333
25,68.0,6.11,7,618.8,57961.87777777778
28,42.0,6.08,7,618.8,57961.87847222222
30,29.0,6.08,8,618.8,57961.879166666666
32,66.0,6.11,7,618.8,57961.87986111111
33,55.0,6.14,7,618.8,57961.88055555556
29,46.0,6.17,7,618.8,57961.88125
31,51.0,6.19,8,618.7,57961.881944444445
31,55.0,6.21,8,618.7,57961.88263888889
30,56.0,6.21,8,618.7,57961.88333333333
28,44.0,6.2,8,618.7,57961.88402777778
28,59.0,6.18,8,618.7,57961.884722222225
33,36.0,6.17,8,618.7,57961.885416666664
30,63.0,6.16,9,618.7,57961.88611111111
29,51.0,6.13,8,618.8,57961.88680555556
31,63.0,6.11,8,618.7,57961.8875
32,52.0,6.07,8,618.7,57961.888194444444
29,53.0,6.04,8,618.7,57961.88888888889
29,57.0,6.0,8,618.7,57961.88958333333
27,49.0,5.97,8,618.7,57961.89027777778
30,49.0,5.95,8,618.7,57961.89097222222
30,40.0,5.92,8,618.7,57961.89166666667
27,63.0,5.9,8,618.7,57961.89236111111
28,65.0,5.92,8,618.7,57961.893055555556
30,59.0,5.98,9,618.6,57961.89375
28,68.0,6.04,10,618.6,57961.89444444444
27,53.0,6.07,10,618.7,57961.89513888889
32,64.0,6.09,10,618.6,57961.895833333336
35,53.0,6.11,11,618.6,57961.896527777775
32,66.0,6.1,11,618.6,57961.89722222222
31,64.0,6.08,10,618.6,57961.89791666667
32,59.0,6.08,9,618.6,57961.89861111111
32,66.0,6.08,9,618.6,57961.899305555555
29,69.0,6.09,10,618.6,57961.9
31,45.0,6.09,11,618.6,57961.90069444444
32,49.0,6.11,11,618.7,57961.90138888889
33,56.0,6.15,10,618.7,57961.902083333334
34,88.0,6.24,11,618.6,57961.90277777778
29,70.0,6.36,12,618.6,57961.90347222222
34,47.0,6.46,12,618.7,57961.90416666667
34,52.0,6.59,13,618.6,57961.904861111114
32,96.0,6.69,13,618.6,57961.90555555555
31,69.0,6.72,11,618.7,57961.90625
27,67.0,6.71,12,618.7,57961.90694444445
35,69.0,6.69,13,618.6,57961.907638888886
33,59.0,6.69,13,618.7,57961.90833333333
32,57.0,6.65,12,618.6,57961.90902777778
34,52.0,6.57,12,618.5,57961.90972222222
33,53.0,6.48,12,618.5,57961.910416666666
31,39.0,6.35,13,618.5,57961.91111111111
27,78.0,6.21,12,618.6,57961.91180555556
33,63.0,6.09,11,618.7,57961.9125
29,61.0,6.04,12,618.7,57961.913194444445
34,68.0,5.99,13,618.5,57961.91388888889
31,77.0,5.95,13,618.6,57961.91458333333
25,54.0,5.9,12,618.6,57961.91527777778
28,48.0,5.91,12,618.6,57961.915972222225
30,61.0,5.98,12,618.6,57961.916666666664
29,86.0,6.08,12,618.6,57961.91736111111
28,59.0,6.15,12,618.6,57961.91805555556
30,64.0,6.19,14,618.5,57961.91875
28,60.0,6.21,13,618.5,57961.919444444444
33,51.0,6.25,14,618.6,57961.92013888889
33,40.0,6.24,15,618.5,57961.92083333333
33,53.0,6.19,14,618.5,57961.92152777778
33,59.0,6.15,15,618.5,57961.92222222222
28,75.0,6.09,15,618.5,57961.92291666667
29,79.0,6.0,14,618.6,57961.92361111111
31,56.0,5.93,14,618.6,57961.924305555556
32,66.0,5.9,15,618.6,57961.925
32,62.0,5.93,15,618.5,57961.92569444444
29,54.0,5.95,15,618.6,57961.92638888889
30,58.0,5.96,15,618.6,57961.927083333336
27,60.0,5.96,14,618.6,57961.927777777775
33,61.0,5.96,13,618.5,57961.92847222222
30,65.0,5.99,14,618.5,57961.92916666667
28,60.0,6.01,13,618.5,57961.92986111111
33,75.0,6.03,14,618.5,57961.930555555555
29,56.0,6.07,14,618.5,57961.93125
30,24.0,6.05,13,618.5,57961.93194444444
31,59.0,6.03,14,618.5,57961.93263888889
31,52.0,6.06,15,618.5,57961.933333333334
34,69.0,6.1,15,618.3,57961.93402777778
33,61.0,6.16,15,618.4,57961.93472222222
32,56.0,6.19,15,618.4,57961.93541666667
34,42.0,6.2,15,618.4,57961.936111111114
30,69.0,6.21,15,618.5,57961.93680555555
29,63.0,6.23,14,618.4,57961.9375
29,55.0,6.24,14,618.4,57961.93819444445
30,65.0,6.28,15,618.4,57961.938888888886
28,28.0,6.32,14,618.5,57961.93958333333
35,40.0,6.36,15,618.4,57961.94027777778
28,53.0,6.37,15,618.4,57961.94097222222
27,60.0,6.37,16,618.5,57961.941666666666
29,44.0,6.36,15,618.5,57961.94236111111
35,60.0,6.38,16,618.5,57961.94305555556
29,56.0,6.39,16,618.5,57961.94375
31,53.0,6.43,16,618.5,57961.944444444445
27,52.0,6.47,16,618.5,57961.94513888889
28,43.0,6.48,16,618.5,57961.94583333333
33,58.0,6.5,17,618.3,57961.94652777778
28,63.0,6.51,17,618.4,57961.947222222225
26,59.0,6.5,16,618.4,57961.947916666664
29,68.0,6.48,16,618.4,57961.94861111111
27,77.0,6.47,17,618.5,57961.94930555556
29,58.0,6.48,17,618.5,57961.95
30,52.0,6.5,17,618.5,57961.950694444444
29,52.0,6.51,17,618.4,57961.95138888889
26,85.0,6.53,16,618.5,57961.95208333333
25,85.0,6.54,16,618.4,57961.95277777778
26,85.0,6.58,17,618.5,57961.95347222222
22,52.0,6.62,17,618.5,57961.95416666667
21,39.0,6.65,18,618.5,57961.95486111111
25,69.0,6.73,18,618.5,57961.955555555556
23,75.0,6.8,17,618.5,57961.95625
23,102.0,6.84,15,618.5,57961.95694444444
21,75.0,6.84,15,618.5,57961.95763888889
21,79.0,6.87,15,618.5,57961.958333333336
25,87.0,6.91,16,618.4,57961.959027777775
24,63.0,6.95,17,618.5,57961.95972222222
26,55.0,6.97,16,618.5,57961.96041666667
27,76.0,6.94,16,618.4,57961.96111111111
21,87.0,6.94,16,618.5,57961.961805555555
26,68.0,6.97,16,618.4,57961.9625
26,54.0,7.01,15,618.5,57961.96319444444
29,60.0,7.03,16,618.4,57961.96388888889
31,64.0,7.03,15,618.5,57961.964583333334
28,57.0,7.0,15,618.5,57961.96527777778
24,74.0,6.95,15,618.5,57961.96597222222
27,75.0,6.89,17,618.5,57961.96666666667
28,67.0,6.84,16,618.5,57961.967361111114
22,50.0,6.77,17,618.5,57961.96805555555
26,63.0,6.73,19,618.5,57961.96875
22,84.0,6.74,20,618.5,57961.96944444445
20,69.0,6.79,20,618.5,57961.970138888886
20,95.0,6.83,22,618.5,57961.97083333333
27,64.0,6.83,20,618.5,57961.97152777778
28,50.0,6.82,17,618.5,57961.97222222222
27,68.0,6.8,21,618.4,57961.972916666666
28,63.0,6.73,18,618.5,57961.97361111111
27,84.0,6.65,16,618.4,57961.97430555556
22,79.0,6.63,17,618.5,57961.975
17,24.0,6.6,18,618.6,57961.975694444445
21,81.0,6.58,17,618.5,57961.97638888889
21,67.0,6.6,16,618.5,57961.97708333333
21,70.0,6.63,17,618.5,57961.97777777778
17,62.0,6.63,17,618.5,57961.978472222225
26,68.0,6.62,17,618.5,57961.979166666664
24,79.0,6.58,20,618.5,57961.97986111111
27,71.0,6.52,18,618.4,57961.98055555556
26,57.0,6.48,20,618.4,57961.98125
25,55.0,6.4,20,618.4,57961.981944444444
22,75.0,6.31,19,618.4,57961.98263888889
23,58.0,6.27,18,618.4,57961.98333333333
23,68.0,6.27,19,618.4,57961.98402777778
20,68.0,6.29,23,618.4,57961.98472222222
21,59.0,6.33,24,618.5,57961.98541666667
26,55.0,6.36,21,618.4,57961.98611111111
25,79.0,6.4,20,618.4,57961.986805555556
25,83.0,6.43,16,618.4,57961.9875
23,61.0,6.49,15,618.5,57961.98819444444
24,83.0,6.56,15,618.5,57961.98888888889
23,57.0,6.6,15,618.5,57961.989583333336
24,98.0,6.62,14,618.4,57961.990277777775
22,64.0,6.63,15,618.5,57961.99097222222
24,62.0,6.66,15,618.5,57961.99166666667
24,57.0,6.66,15,618.5,57961.99236111111
25,74.0,6.64,15,618.4,57961.993055555555
19,50.0,6.63,14,618.4,57961.99375
28,78.0,6.61,14,618.4,57961.99444444444
25,72.0,6.63,15,618.4,57961.99513888889
20,48.0,6.63,15,618.5,57961.995833333334
17,77.0,6.61,14,618.5,57961.99652777778
20,74.0,6.6,14,618.5,57961.99722222222
17,87.0,6.63,14,618.5,57961.99791666667
19,72.0,6.69,15,618.5,57961.998611111114
18,108.0,6.72,16,618.5,57961.99930555555
16,87.0,6.72,16,618.5,57962.0
19,90.0,6.71,17,618.5,57962.00069444445
16,88.0,6.73,19,618.5,57962.001388888886
20,80.0,6.77,18,618.5,57962.00208333333
18,107.0,6.86,16,618.5,57962.00277777778
23,61.0,6.95,15,618.5,57962.00347222222
18,73.0,7.0,15,618.5,57962.004166666666
16,90.0,7.01,17,618.5,57962.00486111111
18,78.0,7.05,20,618.5,57962.00555555556
19,46.0,7.09,20,618.6,57962.00625
19,33.0,7.06,19,618.5,57962.006944444445
21,56.0,7.02,15,618.5,57962.00763888889
20,58.0,6.98,13,618.5,57962.00833333333
20,59.0,6.93,14,618.4,57962.00902777778
23,48.0,6.87,15,618.4,57962.009722222225
21,75.0,6.81,15,618.4,57962.010416666664
19,70.0,6.75,15,618.4,57962.01111111111
25,73.0,6.71,14,618.4,57962.01180555556
21,66.0,6.69,12,618.4,57962.0125
21,59.0,6.69,13,618.4,57962.013194444444
17,55.0,6.68,14,618.5,57962.01388888889
21,64.0,6.63,15,618.4,57962.01458333333
19,28.0,6.59,15,618.4,57962.01527777778
18,87.0,6.55,13,618.4,57962.01597222222
22,45.0,6.53,12,618.4,57962.01666666667
24,101.0,6.52,12,618.4,57962.01736111111
15,84.0,6.5,13,618.4,57962.018055555556
21,60.0,6.48,14,618.4,57962.01875
24,63.0,6.45,13,618.4,57962.01944444444
22,72.0,6.45,13,618.3,57962.02013888889
24,58.0,6.45,13,618.4,57962.020833333336
21,54.0,6.45,14,618.4,57962.021527777775
20,59.0,6.46,14,618.3,57962.02222222222
24,62.0,6.51,14,618.4,57962.02291666667
24,48.0,6.54,14,618.3,57962.02361111111
26,75.0,6.53,14,618.3,57962.024305555555
25,72.0,6.51,14,618.2,57962.025
24,88.0,6.49,15,618.3,57962.02569444444
24,67.0,6.44,15,618.3,57962.02638888889
25,70.0,6.42,15,618.3,57962.027083333334
21,59.0,6.41,15,618.3,57962.02777777778
24,61.0,6.41,16,618.2,57962.02847222222
23,73.0,6.41,16,618.2,57962.02916666667
27,65.0,6.38,16,618.3,57962.029861111114
23,61.0,6.37,17,618.2,57962.03055555555
22,85.0,6.36,17,618.2,57962.03125
20,66.0,6.38,17,618.3,57962.03194444445
19,39.0,6.39,17,618.3,57962.032638888886
23,38.0,6.39,16,618.3,57962.03333333333
20,84.0,6.38,16,618.3,57962.03402777778
23,57.0,6.38,17,618.3,57962.03472222222
25,49.0,6.39,17,618.2,57962.035416666666
24,62.0,6.39,18,618.2,57962.03611111111
23,69.0,6.38,18,618.2,57962.03680555556
23,83.0,6.37,19,618.2,57962.0375
20,89.0,6.38,19,618.2,57962.038194444445
22,50.0,6.39,20,618.3,57962.03888888889
25,76.0,6.39,19,618.2,57962.03958333333
25,87.0,6.41,19,618.2,57962.04027777778
23,92.0,6.43,20,618.2,57962.040972222225
19,29.0,6.43,19,618.2,57962.041666666664
28,73.0,6.41,19,618.2,57962.04236111111
25,69.0,6.36,19,618.1,57962.04305555556
23,44.0,6.29,18,618.1,57962.04375
23,126.0,6.21,18,618.1,57962.044444444444
25,52.0,6.18,18,618.2,57962.04513888889
23,88.0,6.17,18,618.1,57962.04583333333
20,54.0,6.15,18,618.1,57962.04652777778
30,48.0,6.13,18,618.1,57962.04722222222
28,85.0,6.12,18,618.0,57962.04791666667
24,68.0,6.08,17,618.1,57962.04861111111
31,38.0,6.04,17,618.1,57962.049305555556
23,0.0,6.02,17,618.2,57962.05
25,91.0,5.98,17,618.1,57962.05069444444
24,62.0,5.94,17,618.1,57962.05138888889
24,67.0,5.9,16,618.1,57962.052083333336
22,47.0,5.86,16,618.1,57962.052777777775
26,42.0,5.82,16,618.2,57962.05347222222
24,58.0,5.76,16,618.1,57962.05416666667
23,85.0,5.7,16,618.1,57962.05486111111
20,63.0,5.68,17,618.1,57962.055555555555
23,67.0,5.68,17,618.1,57962.05625
19,47.0,5.71,17,618.2,57962.05694444444
26,53.0,5.73,16,618.1,57962.05763888889
22,91.0,5.72,16,618.0,57962.058333333334
20,98.0,5.73,17,618.0,57962.05902777778
17,97.0,5.76,17,618.1,57962.05972222222
20,50.0,5.83,16,618.1,57962.06041666667
26,61.0,5.91,17,618.0,57962.061111111114
22,57.0,5.98,18,618.0,57962.06180555555
22,58.0,6.03,18,618.1,57962.0625
21,25.0,6.05,18,618.0,57962.06319444445
20,104.0,6.06,18,618.1,57962.063888888886
23,74.0,6.08,17,618.1,57962.06458333333
24,62.0,6.07,16,618.1,57962.06527777778
23,56.0,6.05,16,618.1,57962.06597222222
20,54.0,6.05,17,618.1,57962.066666666666
20,84.0,6.04,17,618.2,57962.06736111111
20,44.0,6.0,16,618.2,57962.06805555556
18,99.0,5.95,17,618.2,57962.06875
17,69.0,5.91,17,618.2,57962.069444444445
20,71.0,5.87,17,618.2,57962.07013888889
19,64.0,5.87,18,618.1,57962.07083333333
21,70.0,5.88,19,618.1,57962.07152777778
18,87.0,5.9,19,618.1,57962.072222222225
20,87.0,5.91,18,618.1,57962.072916666664
19,78.0,5.94,17,618.1,57962.07361111111
19,63.0,5.98,16,618.1,57962.07430555556
24,47.0,5.99,16,618.1,57962.075
22,74.0,5.97,16,618.1,57962.075694444444
21,76.0,5.94,16,618.1,57962.07638888889
24,63.0,5.91,16,618.0,57962.07708333333
20,90.0,5.87,16,618.0,57962.07777777778
17,87.0,5.84,16,618.0,57962.07847222222
17,78.0,5.81,16,618.1,57962.07916666667
17,115.0,5.83,16,618.1,57962.07986111111
18,52.0,5.88,16,618.1,57962.080555555556
22,54.0,5.95,16,618.1,57962.08125
22,70.0,5.97,16,618.0,57962.08194444444
20,74.0,5.95,16,618.0,57962.08263888889
20,64.0,5.91,16,618.0,57962.083333333336
21,59.0,5.88,17,618.0,57962.084027777775
24,59.0,5.87,16,618.0,57962.08472222222
18,29.0,5.89,16,618.1,57962.08541666667
21,53.0,5.87,17,618.1,57962.08611111111
23,67.0,5.86,17,618.0,57962.086805555555
21,67.0,5.82,17,618.0,57962.0875
25,58.0,5.76,16,618.1,57962.08819444444
22,90.0,5.72,16,618.0,57962.08888888889
21,53.0,5.69,16,618.0,57962.089583333334
21,82.0,5.68,16,618.1,57962.09027777778
18,81.0,5.64,16,618.1,57962.09097222222
16,88.0,5.61,16,618.1,57962.09166666667
19,108.0,5.59,16,618.1,57962.092361111114
21,67.0,5.58,16,618.1,57962.09305555555
16,34.0,5.56,16,618.1,57962.09375
18,103.0,5.52,16,618.1,57962.09444444445
20,72.0,5.48,16,618.0,57962.095138888886
19,81.0,5.47,16,618.0,57962.09583333333
20,70.0,5.48,16,618.0,57962.09652777778
24,81.0,5.48,16,618.0,57962.09722222222
22,74.0,5.46,16,618.0,57962.097916666666
22,77.0,5.43,16,618.0,57962.09861111111
20,78.0,5.39,16,618.0,57962.09930555556
16,129.0,5.34,16,618.0,57962.1
19,63.0,5.32,17,618.1,57962.100694444445
17,50.0,5.32,17,618.0,57962.10138888889
16,59.0,5.32,18,618.0,57962.10208333333
17,69.0,5.31,18,618.1,57962.10277777778
20,83.0,5.27,18,618.0,57962.103472222225
18,97.0,5.23,18,617.9,57962.104166666664
16,63.0,5.2,17,618.0,57962.10486111111
21,73.0,5.17,17,618.1,57962.10555555556
21,58.0,5.15,16,618.0,57962.10625
20,73.0,5.13,16,618.0,57962.106944444444
20,49.0,5.09,17,617.9,57962.10763888889
18,69.0,5.08,18,617.9,57962.10833333333
21,78.0,5.11,17,617.9,57962.10902777778
23,88.0,5.16,18,617.9,57962.10972222222
18,84.0,5.17,18,617.9,57962.11041666667
17,61.0,5.17,17,618.0,57962.11111111111
23,61.0,5.17,17,618.0,57962.111805555556
19,85.0,5.19,17,618.0,57962.1125
18,86.0,5.2,18,618.0,57962.11319444444
17,84.0,5.22,17,618.0,57962.11388888889
16,70.0,5.23,17,618.1,57962.114583333336
15,49.0,5.24,17,618.1,57962.115277777775
18,51.0,5.28,17,618.1,57962.11597222222
22,65.0,5.31,17,618.0,57962.11666666667
21,51.0,5.35,16,618.0,57962.11736111111
19,80.0,5.38,16,618.0,57962.118055555555
18,64.0,5.37,16,618.0,57962.11875
16,75.0,5.35,16,618.0,57962.11944444444
14,67.0,5.32,16,618.1,57962.12013888889
16,78.0,5.29,16,618.1,57962.120833333334
17,81.0,5.26,16,618.1,57962.12152777778
18,52.0,5.23,16,618.1,57962.12222222222
16,84.0,5.2,16,618.2,57962.12291666667
16,76.0,5.16,16,618.2,57962.123611111114
15,80.0,5.12,17,618.2,57962.12430555555
19,69.0,5.09,16,618.3,57962.125
20,72.0,5.06,16,618.3,57962.12569444445
18,75.0,5.01,16,618.2,57962.126388888886
17,80.0,4.98,17,618.3,57962.12708333333
15,80.0,4.95,17,618.3,57962.12777777778
18,80.0,4.93,17,618.2,57962.12847222222
19,70.0,4.92,16,618.2,57962.129166666666
19,84.0,4.9,16,618.2,57962.12986111111
17,59.0,4.89,17,618.1,57962.13055555556
23,61.0,4.86,17,618.2,57962.13125
23,74.0,4.83,17,618.1,57962.131944444445
22,69.0,4.81,16,618.1,57962.13263888889
20,62.0,4.78,16,618.0,57962.13333333333
20,48.0,4.73,16,618.1,57962.13402777778
19,51.0,4.69,17,618.1,57962.134722222225
19,73.0,4.65,17,618.1,57962.135416666664
18,89.0,4.63,17,618.1,57962.13611111111
18,90.0,4.62,17,618.1,57962.13680555556
18,87.0,4.6,17,618.1,57962.1375
18,83.0,4.59,17,618.2,57962.138194444444
17,82.0,4.59,17,618.2,57962.13888888889
16,109.0,4.59,17,618.2,57962.13958333333
18,85.0,4.6,17,618.1,57962.14027777778
21,74.0,4.62,17,618.1,57962.14097222222
23,41.0,4.62,17,618.1,57962.14166666667
23,64.0,4.61,17,618.1,57962.14236111111
21,59.0,4.58,17,618.2,57962.143055555556
23,83.0,4.54,17,618.2,57962.14375
20,80.0,4.5,17,618.1,57962.14444444444
18,57.0,4.47,17,618.2,57962.14513888889
19,68.0,4.43,17,618.2,57962.145833333336
19,69.0,4.4,17,618.2,57962.146527777775
19,72.0,4.38,18,618.2,57962.14722222222
18,79.0,4.35,17,618.3,57962.14791666667
16,83.0,4.31,17,618.3,57962.14861111111
17,80.0,4.28,17,618.3,57962.149305555555
18,40.0,4.24,17,618.3,57962.15
19,78.0,4.21,17,618.3,57962.15069444444
19,65.0,4.17,18,618.3,57962.15138888889
19,73.0,4.14,18,618.3,57962.152083333334
19,72.0,4.13,18,618.3,57962.15277777778
18,64.0,4.1,18,618.3,57962.15347222222
21,84.0,4.1,18,618.3,57962.15416666667
17,59.0,4.08,18,618.3,57962.154861111114
17,76.0,4.06,18,618.4,57962.15555555555
18,64.0,4.04,18,618.4,57962.15625
18,70.0,4.04,20,618.3,57962.15694444445
20,64.0,4.05,20,618.3,57962.157638888886
23,69.0,4.07,19,618.3,57962.15833333333
24,49.0,4.07,19,618.3,57962.15902777778
20,73.0,4.07,18,618.2,57962.15972222222
16,64.0,4.05,18,618.2,57962.160416666666
18,72.0,4.04,18,618.3,57962.16111111111
20,67.0,4.04,18,618.3,57962.16180555556
19,64.0,4.04,18,618.3,57962.1625
18,56.0,4.02,18,618.4,57962.163194444445
17,66.0,4.0,17,618.4,57962.16388888889
16,69.0,3.97,18,618.4,57962.16458333333
15,57.0,3.95,17,618.5,57962.16527777778
16,41.0,3.92,17,618.4,57962.165972222225
18,64.0,3.92,18,618.4,57962.166666666664
17,72.0,3.91,18,618.4,57962.16736111111
15,55.0,3.89,18,618.4,57962.16805555556
15,50.0,3.87,17,618.4,57962.16875
18,46.0,3.86,17,618.4,57962.169444444444
19,77.0,3.83,18,618.4,57962.17013888889
16,68.0,3.82,18,618.4,57962.17083333333
17,67.0,3.8,18,618.4,57962.17152777778
16,63.0,3.76,17,618.4,57962.17222222222
15,61.0,3.72,17,618.5,57962.17291666667
17,73.0,3.69,18,618.5,57962.17361111111
16,86.0,3.65,18,618.5,57962.174305555556
13,43.0,3.62,18,618.5,57962.175
12,67.0,3.59,18,618.6,57962.17569444444
12,48.0,3.57,18,618.5,57962.17638888889
15,68.0,3.55,17,618.5,57962.177083333336
16,67.0,3.55,17,618.5,57962.177777777775
17,76.0,3.55,18,618.5,57962.17847222222
16,65.0,3.54,17,618.5,57962.17916666667
15,59.0,3.52,17,618.5,57962.17986111111
16,58.0,3.5,17,618.5,57962.180555555555
16,75.0,3.48,17,618.5,57962.18125
16,58.0,3.46,16,618.5,57962.18194444444
19,61.0,3.43,16,618.5,57962.18263888889
18,60.0,3.42,17,618.5,57962.183333333334
18,64.0,3.4,17,618.6,57962.18402777778
18,59.0,3.37,17,618.6,57962.18472222222
17,64.0,3.35,17,618.6,57962.18541666667
13,67.0,3.32,17,618.6,57962.186111111114
12,67.0,3.31,17,618.6,57962.18680555555
14,54.0,3.29,16,618.6,57962.1875
16,84.0,3.27,16,618.6,57962.18819444445
16,88.0,3.25,16,618.6,57962.188888888886
16,57.0,3.24,16,618.6,57962.18958333333
15,60.0,3.21,16,618.6,57962.19027777778
13,28.0,3.19,17,618.7,57962.19097222222
12,84.0,3.15,17,618.7,57962.191666666666
13,82.0,3.11,17,618.7,57962.19236111111
13,68.0,3.06,17,618.7,57962.19305555556
14,60.0,3.03,17,618.7,57962.19375
13,59.0,3.0,17,618.7,57962.194444444445
13,38.0,2.97,17,618.8,57962.19513888889
12,50.0,2.95,17,618.8,57962.19583333333
11,51.0,2.91,17,618.8,57962.19652777778
11,50.0,2.91,17,618.8,57962.197222222225
12,70.0,2.88,17,618.8,57962.197916666664
13,64.0,2.87,17,618.8,57962.19861111111
15,56.0,2.85,17,618.8,57962.19930555556
12,42.0,2.84,17,618.8,57962.2
13,55.0,2.82,17,618.8,57962.200694444444
14,64.0,2.82,16,618.8,57962.20138888889
16,40.0,2.82,17,618.8,57962.20208333333
15,61.0,2.82,18,618.8,57962.20277777778
16,74.0,2.84,19,618.8,57962.20347222222
14,74.0,2.86,19,618.8,57962.20416666667
15,25.0,2.89,20,618.8,57962.20486111111
20,60.0,2.92,22,618.8,57962.205555555556
19,63.0,2.98,25,618.8,57962.20625
21,63.0,3.01,24,618.8,57962.20694444444
20,65.0,3.05,25,618.8,57962.20763888889
16,57.0,3.08,23,618.8,57962.208333333336
21,38.0,3.11,23,618.8,57962.209027777775
20,62.0,3.14,25,618.8,57962.20972222222
23,53.0,3.16,27,618.7,57962.21041666667
22,68.0,3.18,26,618.8,57962.21111111111
17,61.0,3.19,23,618.8,57962.211805555555
15,71.0,3.19,21,618.9,57962.2125
14,73.0,3.19,21,618.9,57962.21319444444
15,62.0,3.17,19,618.9,57962.21388888889
18,58.0,3.15,22,618.9,57962.214583333334
16,63.0,3.14,24,618.9,57962.21527777778
15,54.0,3.11,21,618.9,57962.21597222222
17,40.0,3.09,22,618.9,57962.21666666667
14,64.0,3.09,23,618.9,57962.217361111114
18,59.0,3.07,21,618.9,57962.21805555555
18,72.0,3.06,24,618.9,57962.21875
17,85.0,3.06,23,618.9,57962.21944444445
16,71.0,3.05,22,618.9,57962.220138888886
14,75.0,3.04,21,618.9,57962.22083333333
19,64.0,3.03,21,618.9,57962.22152777778
21,74.0,3.02,24,618.9,57962.22222222222
19,62.0,3.02,25,618.9,57962.222916666666
20,48.0,3.03,26,618.9,57962.22361111111
16,44.0,3.03,25,618.9,57962.22430555556
19,63.0,3.05,26,618.9,57962.225
19,40.0,3.06,27,618.9,57962.225694444445
20,83.0,3.07,25,618.9,57962.22638888889
18,64.0,3.09,26,618.9,57962.22708333333
20,57.0,3.09,26,618.9,57962.22777777778
19,56.0,3.09,26,618.9,57962.228472222225
15,53.0,3.1,26,618.9,57962.229166666664
15,63.0,3.1,26,618.9,57962.22986111111
17,69.0,3.1,26,618.9,57962.23055555556
17,68.0,3.09,25,618.9,57962.23125
17,60.0,3.09,25,618.9,57962.231944444444
18,65.0,3.09,26,618.9,57962.23263888889
16,53.0,3.09,26,618.9,57962.23333333333
19,71.0,3.09,26,618.9,57962.23402777778
16,65.0,3.09,27,619.0,57962.23472222222
16,67.0,3.09,26,619.0,57962.23541666667
19,65.0,3.09,27,619.0,57962.23611111111
18,67.0,3.09,27,619.0,57962.236805555556
18,54.0,3.09,25,619.0,57962.2375
17,68.0,3.09,24,618.9,57962.23819444444
19,67.0,3.11,26,618.9,57962.23888888889
19,71.0,3.12,28,618.9,57962.239583333336
18,60.0,3.12,27,618.9,57962.240277777775
17,65.0,3.12,25,618.9,57962.24097222222
18,82.0,3.09,27,618.9,57962.24166666667
18,54.0,3.09,28,618.9,57962.24236111111
19,68.0,3.09,27,618.9,57962.243055555555
18,58.0,3.09,27,618.9,57962.24375
19,60.0,3.1,27,618.9,57962.24444444444
19,56.0,3.1,27,619.0,57962.24513888889
18,63.0,3.1,27,619.0,57962.245833333334
18,56.0,3.1,26,619.0,57962.24652777778
18,52.0,3.12,28,619.0,57962.24722222222
14,51.0,3.12,26,619.0,57962.24791666667
19,59.0,3.12,25,619.0,57962.248611111114
19,66.0,3.12,24,619.0,57962.24930555555
18,58.0,3.11,22,619.0,57962.25
18,80.0,3.1,22,619.0,57962.25069444445
17,60.0,3.12,25,619.0,57962.251388888886
18,43.0,3.12,25,619.0,57962.25208333333
19,52.0,3.12,24,619.0,57962.25277777778
17,65.0,3.1,22,619.0,57962.25347222222
17,67.0,3.09,21,619.0,57962.254166666666
17,68.0,3.06,20,619.0,57962.25486111111
17,68.0,3.04,20,619.0,57962.25555555556
16,72.0,3.01,22,619.0,57962.25625
18,76.0,3.0,24,619.1,57962.256944444445
18,66.0,2.99,24,619.1,57962.25763888889
18,62.0,2.99,24,619.1,57962.25833333333
16,63.0,2.99,23,619.1,57962.25902777778
18,37.0,2.99,24,619.0,57962.259722222225
20,61.0,3.0,25,619.1,57962.260416666664
21,56.0,3.0,26,619.1,57962.26111111111
20,64.0,3.0,25,619.1,57962.26180555556
23,63.0,3.01,25,619.0,57962.2625
22,54.0,3.03,25,619.0,57962.263194444444
20,58.0,3.03,23,619.1,57962.26388888889
16,61.0,3.03,20,619.1,57962.26458333333
16,57.0,3.01,19,619.1,57962.26527777778
17,51.0,2.99,19,619.1,57962.26597222222
18,54.0,2.96,20,619.1,57962.26666666667
21,59.0,2.94,22,619.1,57962.26736111111
20,58.0,2.93,21,619.1,57962.268055555556
17,60.0,2.91,19,619.1,57962.26875
17,57.0,2.89,18,619.1,57962.26944444444
18,67.0,2.87,17,619.0,57962.27013888889
18,58.0,2.82,17,619.0,57962.270833333336
18,53.0,2.77,16,619.0,57962.271527777775
21,46.0,2.71,17,619.0,57962.27222222222
18,63.0,2.68,18,619.0,57962.27291666667
17,56.0,2.63,17,619.0,57962.27361111111
17,60.0,2.59,16,619.1,57962.274305555555
17,58.0,2.55,16,619.1,57962.275
18,48.0,2.5,16,619.1,57962.27569444444
16,71.0,2.47,16,619.1,57962.27638888889
17,60.0,2.43,16,619.1,57962.277083333334
17,63.0,2.4,16,619.1,57962.27777777778
17,71.0,2.37,16,619.1,57962.27847222222
18,53.0,2.34,16,619.1,57962.27916666667
20,53.0,2.32,16,619.1,57962.279861111114
18,59.0,2.3,16,619.1,57962.28055555555
19,53.0,2.27,16,619.2,57962.28125
19,61.0,2.26,16,619.2,57962.28194444445
19,59.0,2.24,16,619.2,57962.282638888886
17,59.0,2.22,16,619.2,57962.28333333333
15,64.0,2.21,16,619.2,57962.28402777778
16,60.0,2.21,16,619.2,57962.28472222222
17,61.0,2.21,16,619.2,57962.285416666666
19,60.0,2.2,17,619.2,57962.28611111111
19,61.0,2.21,17,619.2,57962.28680555556
20,58.0,2.21,16,619.2,57962.2875
21,58.0,2.21,16,619.2,57962.288194444445
20,54.0,2.21,17,619.2,57962.28888888889
19,62.0,2.19,17,619.1,57962.28958333333
19,67.0,2.18,17,619.1,57962.29027777778
20,59.0,2.16,17,619.1,57962.290972222225
18,52.0,2.14,17,619.1,57962.291666666664
18,62.0,2.12,17,619.1,57962.29236111111
17,45.0,2.11,17,619.1,57962.29305555556
19,64.0,2.09,17,619.1,57962.29375
20,71.0,2.09,17,619.1,57962.294444444444
20,63.0,2.09,17,619.1,57962.29513888889
18,67.0,2.08,17,619.1,57962.29583333333
17,81.0,2.09,17,619.1,57962.29652777778
21,65.0,2.09,17,619.1,57962.29722222222
19,63.0,2.09,17,619.1,57962.29791666667
19,55.0,2.09,17,619.1,57962.29861111111
18,76.0,2.09,17,619.1,57962.299305555556
17,57.0,2.09,17,619.1,57962.3
19,53.0,2.08,17,619.1,57962.30069444444
19,63.0,2.08,17,619.2,57962.30138888889
18,60.0,2.08,17,619.2,57962.302083333336
17,56.0,2.08,17,619.2,57962.302777777775
18,59.0,2.09,17,619.2,57962.30347222222
19,56.0,2.09,17,619.2,57962.30416666667
19,56.0,2.08,17,619.2,57962.30486111111
20,65.0,2.08,17,619.2,57962.305555555555
19,64.0,2.07,17,619.2,57962.30625
20,64.0,2.06,17,619.1,57962.30694444444
18,52.0,2.06,17,619.2,57962.30763888889
19,63.0,2.07,17,619.2,57962.308333333334
20,63.0,2.08,17,619.2,57962.30902777778
20,65.0,2.08,17,619.2,57962.30972222222
20,62.0,2.09,17,619.2,57962.31041666667
20,71.0,2.09,17,619.2,57962.311111111114
20,52.0,2.07,17,619.1,57962.31180555555
19,60.0,2.06,17,619.2,57962.3125
21,62.0,2.06,17,619.2,57962.31319444445
20,60.0,2.05,17,619.2,57962.313888888886
18,56.0,2.05,17,619.2,57962.31458333333
18,56.0,2.05,16,619.2,57962.31527777778
19,58.0,2.05,16,619.2,57962.31597222222
20,59.0,2.04,17,619.2,57962.316666666666
19,63.0,2.04,17,619.1,57962.31736111111
19,63.0,2.04,17,619.1,57962.31805555556
19,57.0,2.04,17,619.2,57962.31875
19,71.0,2.02,17,619.2,57962.319444444445
21,63.0,2.01,17,619.2,57962.32013888889
20,55.0,2.0,17,619.2,57962.32083333333
19,54.0,1.99,17,619.2,57962.32152777778
20,63.0,1.99,17,619.2,57962.322222222225
20,61.0,1.99,17,619.1,57962.322916666664
22,76.0,2.01,17,619.1,57962.32361111111
20,63.0,2.02,17,619.1,57962.32430555556
19,64.0,2.03,17,619.1,57962.325
19,72.0,2.04,17,619.1,57962.325694444444
18,35.0,2.05,17,619.1,57962.32638888889
18,74.0,2.05,17,619.1,57962.32708333333
18,55.0,2.05,17,619.1,57962.32777777778
19,64.0,2.05,16,619.1,57962.32847222222
18,69.0,2.05,16,619.1,57962.32916666667
18,73.0,2.05,16,619.1,57962.32986111111
17,50.0,2.05,16,619.2,57962.330555555556
16,66.0,2.05,16,619.2,57962.33125
18,70.0,2.05,16,619.1,57962.33194444444
17,59.0,2.05,17,619.1,57962.33263888889
19,56.0,2.05,17,619.2,57962.333333333336
19,56.0,2.05,17,619.1,57962.334027777775
17,74.0,2.05,17,619.1,57962.33472222222
16,58.0,2.05,17,619.1,57962.33541666667
17,58.0,2.05,17,619.1,57962.33611111111
15,67.0,2.05,17,619.2,57962.336805555555
14,80.0,2.03,17,619.1,57962.3375
15,60.0,2.02,17,619.1,57962.33819444444
16,55.0,2.0,17,619.1,57962.33888888889
17,55.0,1.99,17,619.1,57962.339583333334
18,60.0,1.98,17,619.1,57962.34027777778
17,71.0,1.99,17,619.1,57962.34097222222
18,66.0,2.0,17,619.1,57962.34166666667
19,56.0,2.02,17,619.1,57962.342361111114
20,59.0,2.02,17,619.1,57962.34305555555
19,53.0,2.03,17,619.0,57962.34375
18,54.0,2.03,17,619.0,57962.34444444445
18,40.0,2.03,17,619.0,57962.345138888886
18,63.0,2.03,17,619.0,57962.34583333333
18,60.0,2.02,18,619.0,57962.34652777778
17,48.0,2.03,18,619.0,57962.34722222222
17,69.0,2.02,18,619.0,57962.347916666666
16,65.0,2.03,18,619.0,57962.34861111111
17,60.0,2.02,18,619.0,57962.34930555556
15,70.0,2.0,18,619.0,57962.35
16,74.0,1.99,18,619.0,57962.350694444445
15,52.0,1.96,18,619.0,57962.35138888889
14,70.0,1.94,18,619.0,57962.35208333333
16,63.0,1.92,18,619.0,57962.35277777778
15,68.0,1.9,18,619.0,57962.353472222225
16,50.0,1.88,18,619.0,57962.354166666664
17,58.0,1.87,18,619.0,57962.35486111111
17,58.0,1.87,18,619.0,57962.35555555556
18,56.0,1.87,18,619.0,57962.35625
18,64.0,1.87,18,619.0,57962.356944444444
19,68.0,1.86,18,619.0,57962.35763888889
17,73.0,1.85,18,619.1,57962.35833333333
17,59.0,1.83,18,619.1,57962.35902777778
20,71.0,1.8,18,619.0,57962.35972222222
20,62.0,1.78,19,619.0,57962.36041666667
21,53.0,1.78,19,619.0,57962.36111111111
20,73.0,1.78,19,619.0,57962.361805555556
21,59.0,1.78,19,619.0,57962.3625
21,49.0,1.78,19,619.0,57962.36319444444
20,62.0,1.8,19,619.0,57962.36388888889
21,59.0,1.82,19,619.0,57962.364583333336
19,80.0,1.84,18,619.0,57962.365277777775
18,60.0,1.86,18,618.9,57962.36597222222
20,60.0,1.86,18,618.9,57962.36666666667
22,64.0,1.85,18,618.9,57962.36736111111
21,64.0,1.84,18,618.9,57962.368055555555
19,55.0,1.84,18,618.9,57962.36875
20,67.0,1.84,18,619.0,57962.36944444444
19,70.0,1.83,18,619.0,57962.37013888889
21,56.0,1.83,18,618.9,57962.370833333334
19,59.0,1.84,18,619.0,57962.37152777778
20,67.0,1.84,18,619.0,57962.37222222222
21,73.0,1.84,18,619.0,57962.37291666667
22,60.0,1.84,18,618.9,57962.373611111114
21,59.0,1.84,18,618.9,57962.37430555555
21,66.0,1.85,18,618.9,57962.375
21,59.0,1.87,18,618.9,57962.37569444445
20,55.0,1.87,18,618.9,57962.376388888886
20,59.0,1.89,18,618.9,57962.37708333333
21,60.0,1.9,18,618.9,57962.37777777778
21,52.0,1.9,18,618.9,57962.37847222222
22,62.0,1.9,18,618.9,57962.379166666666
20,56.0,1.91,18,618.9,57962.37986111111
21,52.0,1.91,18,618.8,57962.38055555556
21,54.0,1.91,18,618.8,57962.38125
20,41.0,1.91,18,618.8,57962.381944444445
20,75.0,1.9,18,618.8,57962.38263888889
19,64.0,1.9,18,618.8,57962.38333333333
19,46.0,1.88,18,618.8,57962.38402777778
17,65.0,1.87,18,618.8,57962.384722222225
18,68.0,1.87,18,618.8,57962.385416666664
20,66.0,1.84,18,618.8,57962.38611111111
19,64.0,1.81,17,618.8,57962.38680555556
19,67.0,1.78,18,618.8,57962.3875
18,45.0,1.75,18,618.8,57962.388194444444
18,52.0,1.73,17,618.8,57962.38888888889
18,52.0,1.71,18,618.7,57962.38958333333
20,61.0,1.69,18,618.7,57962.39027777778
23,57.0,1.68,18,618.7,57962.39097222222
20,62.0,1.67,18,618.8,57962.39166666667
19,75.0,1.68,17,618.8,57962.39236111111
19,62.0,1.69,18,618.8,57962.393055555556
18,66.0,1.69,18,618.7,57962.39375
20,61.0,1.69,18,618.7,57962.39444444444
20,53.0,1.69,18,618.8,57962.39513888889
19,49.0,1.71,18,618.7,57962.395833333336
19,63.0,1.73,18,618.7,57962.396527777775
18,73.0,1.75,18,618.7,57962.39722222222
18,63.0,1.76,18,618.8,57962.39791666667
17,61.0,1.76,18,618.7,57962.39861111111
19,58.0,1.75,17,618.8,57962.399305555555
17,56.0,1.74,17,618.8,57962.4
18,82.0,1.73,17,618.7,57962.40069444444
18,45.0,1.72,18,618.7,57962.40138888889
18,54.0,1.72,17,618.6,57962.402083333334
17,59.0,1.72,17,618.7,57962.40277777778
17,76.0,1.72,17,618.7,57962.40347222222
17,42.0,1.72,17,618.7,57962.40416666667
17,76.0,1.72,17,618.7,57962.404861111114
16,59.0,1.72,18,618.7,57962.40555555555
18,82.0,1.74,18,618.6,57962.40625
20,65.0,1.75,18,618.6,57962.40694444445
20,63.0,1.77,18,618.6,57962.407638888886
21,50.0,1.78,18,618.6,57962.40833333333
20,66.0,1.8,18,618.6,57962.40902777778
20,66.0,1.83,18,618.6,57962.40972222222
20,76.0,1.84,18,618.6,57962.410416666666
19,50.0,1.87,18,618.6,57962.41111111111
21,55.0,1.87,19,618.6,57962.41180555556
23,59.0,1.9,19,618.6,57962.4125
19,52.0,1.93,20,618.6,57962.413194444445
19,64.0,1.96,19,618.6,57962.41388888889
19,64.0,1.99,19,618.7,57962.41458333333
20,55.0,2.0,19,618.7,57962.41527777778
20,74.0,2.02,19,618.6,57962.415972222225
