wind_speed,wind_direction,temperature,relative_humidity,pressure,mjd
4,85.0,3.55,15,620.8,57972.416666666664
5,82.0,3.55,15,620.8,57972.41736111111
4,80.0,3.56,15,620.8,57972.41805555556
3,84.0,3.58,15,620.8,57972.41875
3,85.0,3.6,15,620.8,57972.419444444444
2,86.0,3.63,15,620.8,57972.42013888889
3,82.0,3.66,15,620.8,57972.42083333333
5,84.0,3.67,15,620.8,57972.42152777778
5,84.0,3.67,15,620.8,57972.42222222222
4,87.0,3.65,15,620.8,57972.42291666667
4,82.0,3.61,15,620.7,57972.42361111111
6,78.0,3.56,15,620.7,57972.424305555556
5,83.0,3.52,14,620.7,57972.425
4,85.0,3.5,14,620.7,57972.42569444444
5,86.0,3.52,14,620.7,57972.42638888889
4,84.0,3.53,14,620.7,57972.427083333336
2,93.0,3.58,14,620.7,57972.427777777775
4,90.0,3.61,14,620.7,57972.42847222222
4,89.0,3.63,14,620.7,57972.42916666667
4,87.0,3.64,14,620.7,57972.42986111111
6,94.0,3.64,14,620.7,57972.430555555555
7,64.0,3.65,14,620.7,57972.43125
7,101.0,3.66,14,620.7,57972.43194444444
6,84.0,3.65,14,620.6,57972.43263888889
6,88.0,3.64,15,620.6,57972.433333333334
4,93.0,3.61,15,620.6,57972.43402777778
3,86.0,3.61,15,620.6,57972.43472222222
5,80.0,3.61,15,620.6,57972.43541666667
8,81.0,3.59,15,620.6,57972.436111111114
7,89.0,3.58,15,620.6,57972.43680555555
8,82.0,3.58,14,620.6,57972.4375
6,91.0,3.59,14,620.6,57972.43819444445
7,91.0,3.63,14,620.6,57972.438888888886
6,88.0,3.64,15,620.6,57972.43958333333
4,85.0,3.64,15,620.6,57972.44027777778
6,81.0,3.65,15,620.6,57972.44097222222
5,85.0,3.67,15,620.6,57972.441666666666
6,93.0,3.67,15,620.6,57972.44236111111
4,84.0,3.68,15,620.6,57972.44305555556
4,86.0,3.68,16,620.6,57972.44375
4,83.0,3.65,16,620.6,57972.444444444445
5,94.0,3.61,16,620.6,57972.44513888889
6,80.0,3.57,15,620.6,57972.44583333333
6,82.0,3.55,14,620.6,57972.44652777778
5,76.0,3.58,14,620.6,57972.447222222225
5,81.0,3.63,14,620.5,57972.447916666664
7,76.0,3.65,14,620.5,57972.44861111111
6,100.0,3.66,14,620.5,57972.44930555556
3,83.0,3.69,14,620.5,57972.45
6,80.0,3.72,14,620.5,57972.450694444444
6,74.0,3.73,14,620.5,57972.45138888889
4,86.0,3.73,14,620.5,57972.45208333333
4,83.0,3.74,14,620.5,57972.45277777778
5,89.0,3.76,14,620.5,57972.45347222222
5,83.0,3.76,14,620.5,57972.45416666667
4,83.0,3.77,14,620.5,57972.45486111111
4,76.0,3.78,14,620.5,57972.455555555556
5,91.0,3.78,14,620.5,57972.45625
4,92.0,3.79,14,620.5,57972.45694444444
3,107.0,3.79,14,620.4,57972.45763888889
2,99.0,3.8,14,620.4,57972.458333333336
1,99.0,3.82,14,620.4,57972.459027777775
1,80.0,3.8,14,620.4,57972.45972222222
1,90.0,3.79,14,620.4,57972.46041666667
1,90.0,3.81,14,620.4,57972.46111111111
1,89.0,3.83,14,620.4,57972.461805555555
3,87.0,3.85,14,620.4,57972.4625
5,82.0,3.85,14,620.4,57972.46319444444
5,86.0,3.84,14,620.4,57972.46388888889
5,94.0,3.83,14,620.4,57972.464583333334
3,93.0,3.82,14,620.4,57972.46527777778
4,91.0,3.78,14,620.3,57972.46597222222
3,97.0,3.74,14,620.3,57972.46666666667
2,93.0,3.71,14,620.3,57972.467361111114
2,96.0,3.68,14,620.3,57972.46805555555
2,97.0,3.67,14,620.3,57972.46875
1,97.0,3.69,14,620.3,57972.46944444445
1,94.0,3.71,14,620.3,57972.470138888886
1,95.0,3.74,14,620.3,57972.47083333333
2,93.0,3.78,14,620.3,57972.47152777778
1,87.0,3.81,14,620.3,57972.47222222222
1,94.0,3.84,14,620.3,57972.472916666666
1,91.0,3.87,14,620.3,57972.47361111111
0,93.0,3.89,14,620.3,57972.47430555556
2,88.0,3.9,14,620.3,57972.475
2,98.0,3.89,14,620.3,57972.475694444445
0,91.0,3.89,14,620.3,57972.47638888889
2,99.0,3.91,14,620.3,57972.47708333333
2,93.0,3.92,14,620.3,57972.47777777778
3,101.0,3.91,14,620.3,57972.478472222225
2,92.0,3.9,14,620.2,57972.479166666664
2,109.0,3.91,14,620.2,57972.47986111111
2,103.0,3.93,14,620.2,57972.48055555556
2,99.0,3.95,14,620.2,57972.48125
2,96.0,3.97,14,620.2,57972.481944444444
2,100.0,3.96,14,620.2,57972.48263888889
2,99.0,3.95,14,620.2,57972.48333333333
3,90.0,3.95,14,620.2,57972.48402777778
3,92.0,3.94,14,620.2,57972.48472222222
3,93.0,3.92,14,620.2,57972.48541666667
3,97.0,3.89,14,620.2,57972.48611111111
3,100.0,3.87,14,620.1,57972.486805555556
3,96.0,3.85,14,620.1,57972.4875
3,94.0,3.83,14,620.1,57972.48819444444
4,92.0,3.81,14,620.1,57972.48888888889
5,95.0,3.77,14,620.1,57972.489583333336
5,81.0,3.72,14,620.1,57972.490277777775
5,93.0,3.65,14,620.1,57972.49097222222
5,97.0,3.6,14,620.1,57972.49166666667
4,96.0,3.57,14,620.1,57972.49236111111
4,89.0,3.53,14,620.0,57972.493055555555
4,82.0,3.49,14,620.1,57972.49375
5,87.0,3.46,14,620.0,57972.49444444444
5,91.0,3.42,14,620.0,57972.49513888889
5,93.0,3.38,14,620.0,57972.495833333334
5,91.0,3.32,14,620.0,57972.49652777778
5,87.0,3.27,14,620.0,57972.49722222222
6,84.0,3.19,14,620.0,57972.49791666667
5,93.0,3.13,14,620.0,57972.498611111114
4,86.0,3.07,15,620.0,57972.49930555555
4,86.0,3.05,15,620.0,57972.5
6,79.0,3.03,15,620.0,57972.50069444445
7,77.0,3.01,15,620.0,57972.501388888886
7,84.0,2.99,15,620.0,57972.50208333333
6,75.0,2.97,15,619.9,57972.50277777778
5,87.0,2.97,15,619.9,57972.50347222222
5,86.0,2.97,16,619.9,57972.504166666666
5,84.0,2.99,16,619.9,57972.50486111111
6,84.0,3.0,16,619.9,57972.50555555556
5,79.0,2.98,16,619.9,57972.50625
4,86.0,2.98,16,619.9,57972.506944444445
3,86.0,3.0,16,619.9,57972.50763888889
3,84.0,3.02,16,619.9,57972.50833333333
3,88.0,3.03,16,619.9,57972.50902777778
3,84.0,3.03,16,619.9,57972.509722222225
2,87.0,3.04,16,619.9,57972.510416666664
3,83.0,3.06,15,619.9,57972.51111111111
3,85.0,3.08,15,619.8,57972.51180555556
4,95.0,3.12,15,619.8,57972.5125
4,86.0,3.15,16,619.8,57972.513194444444
3,81.0,3.15,16,619.8,57972.51388888889
3,86.0,3.15,16,619.8,57972.51458333333
3,88.0,3.11,16,619.8,57972.51527777778
2,91.0,3.06,16,619.8,57972.51597222222
0,100.0,3.01,16,619.8,57972.51666666667
0,106.0,2.99,16,619.8,57972.51736111111
0,101.0,2.97,16,619.8,57972.518055555556
0,107.0,2.96,16,619.8,57972.51875
0,103.0,2.96,16,619.8,57972.51944444444
0,97.0,2.97,16,619.8,57972.52013888889
0,91.0,3.01,16,619.8,57972.520833333336
0,94.0,3.05,16,619.8,57972.521527777775
1,93.0,3.08,15,619.8,57972.52222222222
1,93.0,3.13,15,619.7,57972.52291666667
2,88.0,3.17,15,619.7,57972.52361111111
3,90.0,3.19,15,619.7,57972.524305555555
3,92.0,3.22,15,619.7,57972.525
2,95.0,3.25,15,619.7,57972.52569444444
1,96.0,3.26,15,619.7,57972.52638888889
0,96.0,3.27,15,619.7,57972.527083333334
0,95.0,3.27,15,619.7,57972.52777777778
0,90.0,3.29,15,619.7,57972.52847222222
0,92.0,3.33,14,619.7,57972.52916666667
0,92.0,3.39,14,619.7,57972.529861111114
0,93.0,3.45,14,619.7,57972.53055555555
0,96.0,3.51,14,619.7,57972.53125
0,99.0,3.58,14,619.7,57972.53194444445
0,96.0,3.64,14,619.7,57972.532638888886
0,97.0,3.7,14,619.7,57972.53333333333
0,96.0,3.75,14,619.7,57972.53402777778
1,95.0,3.79,14,619.7,57972.53472222222
2,95.0,3.82,14,619.7,57972.535416666666
2,95.0,3.84,14,619.7,57972.53611111111
2,94.0,3.87,14,619.7,57972.53680555556
2,96.0,3.89,15,619.7,57972.5375
3,98.0,3.92,15,619.7,57972.538194444445
3,101.0,3.94,15,619.7,57972.53888888889
3,101.0,3.96,15,619.7,57972.53958333333
3,99.0,3.99,14,619.7,57972.54027777778
2,97.0,4.04,14,619.7,57972.540972222225
2,97.0,4.1,14,619.7,57972.541666666664
3,93.0,4.15,14,619.7,57972.54236111111
5,93.0,4.18,14,619.6,57972.54305555556
6,91.0,4.19,14,619.6,57972.54375
6,92.0,4.17,13,619.6,57972.544444444444
7,95.0,4.13,13,619.6,57972.54513888889
6,99.0,4.08,13,619.6,57972.54583333333
6,94.0,4.03,13,619.6,57972.54652777778
6,94.0,3.98,13,619.6,57972.54722222222
6,93.0,3.93,13,619.6,57972.54791666667
6,91.0,3.89,13,619.6,57972.54861111111
5,89.0,3.85,13,619.6,57972.549305555556
4,86.0,3.82,13,619.7,57972.55
3,92.0,3.82,14,619.7,57972.55069444444
3,83.0,3.86,14,619.7,57972.55138888889
2,82.0,3.91,14,619.7,57972.552083333336
2,80.0,3.98,14,619.7,57972.552777777775
3,80.0,4.06,14,619.7,57972.55347222222
3,79.0,4.13,14,619.7,57972.55416666667
4,79.0,4.19,14,619.7,57972.55486111111
4,79.0,4.25,13,619.6,57972.555555555555
5,79.0,4.29,13,619.6,57972.55625
6,80.0,4.33,13,619.6,57972.55694444444
7,78.0,4.34,13,619.6,57972.55763888889
8,80.0,4.34,13,619.6,57972.558333333334
9,87.0,4.33,13,619.6,57972.55902777778
9,88.0,4.27,13,619.6,57972.55972222222
8,89.0,4.19,13,619.6,57972.56041666667
8,86.0,4.11,13,619.5,57972.561111111114
8,88.0,4.01,13,619.5,57972.56180555555
6,88.0,3.92,13,619.5,57972.5625
5,90.0,3.86,14,619.5,57972.56319444445
4,90.0,3.82,14,619.6,57972.563888888886
3,94.0,3.79,14,619.6,57972.56458333333
3,90.0,3.79,14,619.6,57972.56527777778
2,88.0,3.8,14,619.6,57972.56597222222
1,89.0,3.82,14,619.6,57972.566666666666
1,90.0,3.84,14,619.6,57972.56736111111
0,86.0,3.87,14,619.6,57972.56805555556
1,87.0,3.89,14,619.6,57972.56875
1,89.0,3.9,14,619.6,57972.569444444445
1,90.0,3.9,14,619.5,57972.57013888889
2,88.0,3.89,14,619.5,57972.57083333333
2,87.0,3.89,14,619.5,57972.57152777778
3,88.0,3.89,14,619.5,57972.572222222225
4,93.0,3.89,14,619.5,57972.572916666664
4,82.0,3.89,14,619.5,57972.57361111111
4,87.0,3.88,14,619.5,57972.57430555556
3,86.0,3.84,14,619.5,57972.575
3,85.0,3.78,14,619.5,57972.575694444444
3,85.0,3.72,14,619.5,57972.57638888889
4,86.0,3.66,14,619.5,57972.57708333333
5,88.0,3.6,14,619.5,57972.57777777778
5,88.0,3.54,14,619.5,57972.57847222222
5,87.0,3.48,14,619.5,57972.57916666667
5,89.0,3.43,14,619.5,57972.57986111111
5,88.0,3.38,14,619.4,57972.580555555556
6,91.0,3.33,15,619.4,57972.58125
6,89.0,3.27,15,619.4,57972.58194444444
5,93.0,3.21,15,619.4,57972.58263888889
4,94.0,3.13,15,619.4,57972.583333333336
3,94.0,3.07,15,619.4,57972.584027777775
3,91.0,3.03,15,619.4,57972.58472222222
3,91.0,3.0,15,619.5,57972.58541666667
4,86.0,2.96,15,619.5,57972.58611111111
3,87.0,2.94,15,619.5,57972.586805555555
3,86.0,2.92,15,619.5,57972.5875
4,72.0,2.91,15,619.5,57972.58819444444
5,85.0,2.91,15,619.4,57972.58888888889
6,101.0,2.9,15,619.4,57972.589583333334
5,88.0,2.91,16,619.4,57972.59027777778
5,90.0,2.91,16,619.4,57972.59097222222
5,92.0,2.91,16,619.4,57972.59166666667
4,98.0,2.91,16,619.4,57972.592361111114
4,95.0,2.91,16,619.4,57972.59305555555
3,96.0,2.9,16,619.4,57972.59375
3,97.0,2.88,16,619.4,57972.59444444445
3,95.0,2.88,16,619.4,57972.595138888886
3,86.0,2.86,16,619.4,57972.59583333333
5,100.0,2.85,16,619.4,57972.59652777778
4,92.0,2.85,16,619.4,57972.59722222222
5,97.0,2.83,16,619.4,57972.597916666666
5,99.0,2.8,16,619.4,57972.59861111111
4,90.0,2.76,16,619.4,57972.59930555556
5,98.0,2.7,16,619.4,57972.6
4,88.0,2.65,16,619.4,57972.600694444445
5,87.0,2.6,16,619.4,57972.60138888889
5,91.0,2.55,16,619.3,57972.60208333333
5,93.0,2.52,16,619.3,57972.60277777778
5,92.0,2.49,16,619.4,57972.603472222225
6,94.0,2.46,16,619.4,57972.604166666664
4,94.0,2.43,16,619.3,57972.60486111111
3,99.0,2.42,17,619.3,57972.60555555556
3,82.0,2.42,16,619.3,57972.60625
5,91.0,2.43,16,619.3,57972.606944444444
4,100.0,2.45,16,619.3,57972.60763888889
4,97.0,2.45,16,619.3,57972.60833333333
4,89.0,2.45,16,619.3,57972.60902777778
5,90.0,2.48,16,619.2,57972.60972222222
5,99.0,2.52,16,619.2,57972.61041666667
4,93.0,2.57,16,619.2,57972.61111111111
4,94.0,2.62,15,619.2,57972.611805555556
5,89.0,2.65,15,619.2,57972.6125
5,92.0,2.66,15,619.2,57972.61319444444
6,90.0,2.67,15,619.2,57972.61388888889
6,92.0,2.67,15,619.2,57972.614583333336
5,93.0,2.66,15,619.2,57972.615277777775
5,87.0,2.63,15,619.2,57972.61597222222
7,87.0,2.61,16,619.2,57972.61666666667
8,97.0,2.56,16,619.2,57972.61736111111
7,97.0,2.52,16,619.2,57972.618055555555
6,100.0,2.47,16,619.2,57972.61875
4,102.0,2.41,16,619.2,57972.61944444444
4,65.0,2.34,16,619.2,57972.62013888889
4,82.0,2.27,16,619.2,57972.620833333334
5,96.0,2.24,16,619.2,57972.62152777778
5,97.0,2.21,16,619.2,57972.62222222222
5,101.0,2.21,16,619.2,57972.62291666667
6,115.0,2.19,16,619.2,57972.623611111114
5,101.0,2.16,16,619.2,57972.62430555555
5,100.0,2.13,17,619.2,57972.625
6,87.0,2.1,17,619.2,57972.62569444445
5,86.0,2.05,17,619.2,57972.626388888886
4,102.0,2.05,17,619.2,57972.62708333333
4,104.0,2.06,17,619.2,57972.62777777778
5,88.0,2.09,17,619.2,57972.62847222222
5,97.0,2.11,17,619.2,57972.629166666666
5,97.0,2.1,17,619.2,57972.62986111111
4,98.0,2.09,16,619.2,57972.63055555556
4,93.0,2.09,16,619.2,57972.63125
4,101.0,2.12,16,619.2,57972.631944444445
5,101.0,2.15,16,619.2,57972.63263888889
4,95.0,2.17,16,619.2,57972.63333333333
5,97.0,2.18,16,619.2,57972.63402777778
5,94.0,2.18,16,619.2,57972.634722222225
5,106.0,2.19,16,619.2,57972.635416666664
5,98.0,2.18,16,619.2,57972.63611111111
5,98.0,2.16,16,619.2,57972.63680555556
5,95.0,2.13,16,619.2,57972.6375
4,94.0,2.09,16,619.2,57972.638194444444
6,84.0,2.03,16,619.2,57972.63888888889
7,94.0,1.96,17,619.2,57972.63958333333
6,98.0,1.9,17,619.2,57972.64027777778
6,91.0,1.83,17,619.2,57972.64097222222
6,87.0,1.77,17,619.2,57972.64166666667
7,92.0,1.7,17,619.3,57972.64236111111
7,82.0,1.64,17,619.3,57972.643055555556
6,89.0,1.6,17,619.3,57972.64375
5,98.0,1.6,17,619.3,57972.64444444444
4,95.0,1.6,17,619.3,57972.64513888889
4,94.0,1.61,17,619.3,57972.645833333336
5,91.0,1.66,16,619.3,57972.646527777775
4,100.0,1.72,16,619.3,57972.64722222222
4,95.0,1.81,16,619.3,57972.64791666667
4,102.0,1.9,16,619.3,57972.64861111111
4,89.0,2.0,16,619.3,57972.649305555555
6,92.0,2.1,16,619.3,57972.65
6,100.0,2.18,16,619.3,57972.65069444444
5,90.0,2.23,16,619.3,57972.65138888889
5,98.0,2.28,16,619.3,57972.652083333334
4,96.0,2.32,16,619.4,57972.65277777778
4,96.0,2.36,16,619.4,57972.65347222222
5,93.0,2.39,16,619.4,57972.65416666667
5,84.0,2.42,16,619.4,57972.654861111114
6,86.0,2.42,15,619.4,57972.65555555555
8,72.0,2.41,15,619.4,57972.65625
9,89.0,2.39,15,619.4,57972.65694444445
9,93.0,2.36,15,619.4,57972.657638888886
9,81.0,2.35,15,619.4,57972.65833333333
11,78.0,2.36,15,619.4,57972.65902777778
10,85.0,2.36,15,619.4,57972.65972222222
7,82.0,2.36,15,619.4,57972.660416666666
9,92.0,2.36,16,619.4,57972.66111111111
8,93.0,2.38,16,619.4,57972.66180555556
7,90.0,2.38,16,619.4,57972.6625
8,87.0,2.36,16,619.4,57972.663194444445
9,86.0,2.33,16,619.4,57972.66388888889
8,90.0,2.3,16,619.4,57972.66458333333
8,92.0,2.25,16,619.4,57972.66527777778
9,88.0,2.22,16,619.4,57972.665972222225
8,95.0,2.19,16,619.4,57972.666666666664
8,91.0,2.17,16,619.5,57972.66736111111
8,83.0,2.17,16,619.5,57972.66805555556
9,90.0,2.18,16,619.5,57972.66875
9,91.0,2.21,16,619.5,57972.669444444444
8,92.0,2.24,16,619.5,57972.67013888889
8,77.0,2.25,17,619.5,57972.67083333333
7,88.0,2.25,17,619.5,57972.67152777778
8,85.0,2.24,17,619.5,57972.67222222222
8,87.0,2.24,17,619.5,57972.67291666667
9,69.0,2.25,17,619.5,57972.67361111111
9,85.0,2.3,16,619.5,57972.674305555556
9,90.0,2.35,17,619.5,57972.675
8,95.0,2.41,16,619.5,57972.67569444444
8,88.0,2.47,17,619.5,57972.67638888889
9,81.0,2.52,17,619.5,57972.677083333336
10,85.0,2.55,16,619.5,57972.677777777775
9,91.0,2.58,16,619.5,57972.67847222222
9,97.0,2.61,16,619.5,57972.67916666667
8,82.0,2.64,16,619.6,57972.67986111111
10,84.0,2.67,16,619.6,57972.680555555555
11,89.0,2.7,16,619.6,57972.68125
12,85.0,2.72,16,619.6,57972.68194444444
10,94.0,2.75,16,619.6,57972.68263888889
10,83.0,2.79,16,619.6,57972.683333333334
9,77.0,2.82,16,619.6,57972.68402777778
10,68.0,2.85,16,619.6,57972.68472222222
9,87.0,2.88,16,619.6,57972.68541666667
9,91.0,2.92,16,619.6,57972.686111111114
10,87.0,2.97,16,619.6,57972.68680555555
9,101.0,3.03,16,619.6,57972.6875
8,75.0,3.09,16,619.7,57972.68819444445
9,84.0,3.16,16,619.7,57972.688888888886
8,83.0,3.22,16,619.7,57972.68958333333
8,75.0,3.27,16,619.7,57972.69027777778
7,86.0,3.32,16,619.7,57972.69097222222
8,80.0,3.37,16,619.7,57972.691666666666
10,66.0,3.41,16,619.8,57972.69236111111
8,85.0,3.46,16,619.8,57972.69305555556
7,83.0,3.5,16,619.8,57972.69375
9,71.0,3.54,16,619.8,57972.694444444445
10,86.0,3.59,15,619.8,57972.69513888889
11,50.0,3.63,15,619.8,57972.69583333333
9,102.0,3.67,15,620.0,57972.69652777778
8,81.0,3.7,15,619.8,57972.697222222225
9,92.0,3.72,15,619.8,57972.697916666664
11,79.0,3.73,15,619.8,57972.69861111111
12,72.0,3.73,15,619.8,57972.69930555556
11,86.0,3.74,15,619.9,57972.7
10,52.0,3.75,15,619.8,57972.700694444444
9,86.0,3.76,15,619.8,57972.70138888889
10,75.0,3.76,15,619.8,57972.70208333333
10,76.0,3.75,15,619.9,57972.70277777778
10,87.0,3.76,15,619.9,57972.70347222222
8,86.0,3.76,15,619.9,57972.70416666667
9,96.0,3.76,15,619.9,57972.70486111111
9,40.0,3.77,15,619.9,57972.705555555556
10,58.0,3.8,15,619.9,57972.70625
9,74.0,3.82,15,619.9,57972.70694444444
10,43.0,3.83,15,619.9,57972.70763888889
11,54.0,3.86,15,619.9,57972.708333333336
11,70.0,3.88,15,619.9,57972.709027777775
12,44.0,3.9,15,619.9,57972.70972222222
10,77.0,3.92,15,619.9,57972.71041666667
10,97.0,3.95,15,619.9,57972.71111111111
10,74.0,4.0,15,619.9,57972.711805555555
10,67.0,4.04,15,619.9,57972.7125
11,55.0,4.1,15,620.0,57972.71319444444
12,83.0,4.15,15,620.0,57972.71388888889
10,84.0,4.22,15,620.0,57972.714583333334
9,52.0,4.28,15,620.0,57972.71527777778
9,75.0,4.35,15,620.0,57972.71597222222
9,76.0,4.39,15,620.0,57972.71666666667
10,67.0,4.43,15,620.0,57972.717361111114
11,61.0,4.47,15,620.0,57972.71805555555
11,54.0,4.51,15,620.0,57972.71875
10,88.0,4.54,14,620.0,57972.71944444445
10,49.0,4.56,14,620.0,57972.720138888886
10,17.0,4.58,14,620.0,57972.72083333333
10,45.0,4.59,14,620.0,57972.72152777778
12,65.0,4.6,15,620.0,57972.72222222222
12,101.0,4.62,15,620.0,57972.722916666666
10,59.0,4.62,15,620.1,57972.72361111111
10,92.0,4.62,15,620.1,57972.72430555556
10,59.0,4.62,15,620.1,57972.725
12,83.0,4.59,15,620.1,57972.725694444445
10,99.0,4.58,14,620.1,57972.72638888889
8,84.0,4.56,15,620.1,57972.72708333333
10,58.0,4.59,15,620.1,57972.72777777778
9,84.0,4.62,14,620.1,57972.728472222225
9,76.0,4.65,14,620.1,57972.729166666664
11,60.0,4.68,15,620.1,57972.72986111111
12,86.0,4.71,14,620.1,57972.73055555556
11,28.0,4.72,14,620.1,57972.73125
12,72.0,4.74,14,620.1,57972.731944444444
12,36.0,4.76,14,620.1,57972.73263888889
13,64.0,4.78,14,620.1,57972.73333333333
13,52.0,4.79,14,620.1,57972.73402777778
11,63.0,4.78,14,620.2,57972.73472222222
11,56.0,4.78,14,620.2,57972.73541666667
12,66.0,4.77,14,620.2,57972.73611111111
14,64.0,4.77,14,620.2,57972.736805555556
10,69.0,4.77,14,620.2,57972.7375
7,79.0,4.75,14,620.2,57972.73819444444
12,84.0,4.76,14,620.2,57972.73888888889
12,71.0,4.77,14,620.2,57972.739583333336
12,54.0,4.77,14,620.2,57972.740277777775
13,101.0,4.79,14,620.2,57972.74097222222
13,58.0,4.8,15,620.2,57972.74166666667
14,55.0,4.84,14,620.2,57972.74236111111
13,74.0,4.86,14,620.2,57972.743055555555
14,47.0,4.89,14,620.2,57972.74375
12,60.0,4.93,14,620.2,57972.74444444444
12,54.0,4.95,14,620.2,57972.74513888889
12,39.0,4.97,14,620.2,57972.745833333334
13,58.0,4.98,14,620.2,57972.74652777778
14,60.0,4.99,14,620.2,57972.74722222222
15,63.0,4.99,14,620.2,57972.74791666667
14,72.0,4.99,14,620.2,57972.748611111114
15,55.0,5.01,14,620.2,57972.74930555555
12,77.0,5.03,14,620.2,57972.75
14,66.0,5.07,14,620.2,57972.75069444445
15,63.0,5.1,14,620.2,57972.751388888886
13,61.0,5.14,14,620.2,57972.75208333333
12,54.0,5.17,14,620.2,57972.75277777778
13,75.0,5.19,14,620.2,57972.75347222222
13,80.0,5.21,13,620.3,57972.754166666666
10,68.0,5.24,14,620.3,57972.75486111111
13,69.0,5.27,14,620.3,57972.75555555556
12,93.0,5.3,14,620.3,57972.75625
10,51.0,5.34,14,620.3,57972.756944444445
13,70.0,5.4,14,620.3,57972.75763888889
14,53.0,5.46,14,620.3,57972.75833333333
14,63.0,5.52,14,620.3,57972.75902777778
15,63.0,5.54,14,620.3,57972.759722222225
14,59.0,5.56,14,620.3,57972.760416666664
14,59.0,5.56,14,620.3,57972.76111111111
13,72.0,5.56,14,620.3,57972.76180555556
15,55.0,5.55,14,620.3,57972.7625
14,81.0,5.57,14,620.3,57972.763194444444
12,72.0,5.56,14,620.4,57972.76388888889
11,68.0,5.52,14,620.4,57972.76458333333
11,61.0,5.5,14,620.4,57972.76527777778
14,96.0,5.51,14,620.4,57972.76597222222
13,78.0,5.56,14,620.4,57972.76666666667
15,67.0,5.61,14,620.3,57972.76736111111
12,71.0,5.65,14,620.3,57972.768055555556
14,66.0,5.68,14,620.3,57972.76875
13,68.0,5.68,13,620.3,57972.76944444444
13,60.0,5.66,13,620.3,57972.77013888889
13,49.0,5.65,13,620.3,57972.770833333336
14,62.0,5.66,13,620.3,57972.771527777775
15,51.0,5.7,13,620.3,57972.77222222222
18,78.0,5.75,13,620.3,57972.77291666667
18,55.0,5.79,13,620.3,57972.77361111111
16,63.0,5.81,13,620.3,57972.774305555555
15,55.0,5.81,13,620.3,57972.775
14,65.0,5.84,14,620.3,57972.77569444444
18,52.0,5.89,13,620.3,57972.77638888889
17,50.0,5.92,13,620.3,57972.777083333334
17,57.0,5.93,13,620.4,57972.77777777778
17,68.0,5.94,13,620.4,57972.77847222222
17,59.0,5.96,12,620.4,57972.77916666667
15,67.0,5.98,13,620.4,57972.779861111114
16,49.0,5.99,13,620.5,57972.78055555555
16,58.0,5.98,13,620.5,57972.78125
16,84.0,5.95,12,620.5,57972.78194444445
14,49.0,5.91,12,620.5,57972.782638888886
14,60.0,5.88,13,620.4,57972.78333333333
14,55.0,5.87,13,620.4,57972.78402777778
16,68.0,5.85,13,620.5,57972.78472222222
16,57.0,5.87,12,620.5,57972.785416666666
17,65.0,5.87,12,620.5,57972.78611111111
17,77.0,5.88,12,620.4,57972.78680555556
16,64.0,5.88,12,620.4,57972.7875
16,68.0,5.9,13,620.4,57972.788194444445
18,64.0,5.93,13,620.4,57972.78888888889
13,69.0,5.96,14,620.4,57972.78958333333
18,56.0,6.0,14,620.4,57972.79027777778
18,54.0,6.09,12,620.4,57972.790972222225
18,39.0,6.17,13,620.4,57972.791666666664
19,70.0,6.22,13,620.4,57972.79236111111
14,64.0,6.22,13,620.4,57972.79305555556
18,60.0,6.21,13,620.4,57972.79375
18,67.0,6.22,12,620.4,57972.794444444444
19,59.0,6.26,12,620.4,57972.79513888889
17,57.0,6.3,12,620.4,57972.79583333333
13,53.0,6.25,12,620.4,57972.79652777778
15,52.0,6.19,14,620.4,57972.79722222222
12,58.0,6.15,14,620.4,57972.79791666667
16,57.0,6.13,14,620.4,57972.79861111111
15,52.0,6.14,14,620.5,57972.799305555556
16,65.0,6.16,14,620.5,57972.8
14,53.0,6.2,14,620.5,57972.80069444444
13,61.0,6.23,14,620.5,57972.80138888889
13,93.0,6.26,14,620.5,57972.802083333336
13,86.0,6.34,14,620.5,57972.802777777775
11,91.0,6.43,14,620.6,57972.80347222222
10,63.0,6.48,14,620.6,57972.80416666667
11,160.0,6.53,14,620.5,57972.80486111111
15,55.0,6.64,14,620.5,57972.805555555555
15,62.0,6.73,14,620.5,57972.80625
14,63.0,6.78,13,620.5,57972.80694444444
14,72.0,6.77,12,620.5,57972.80763888889
13,85.0,6.71,13,620.5,57972.808333333334
13,38.0,6.65,13,620.5,57972.80902777778
13,56.0,6.6,13,620.5,57972.80972222222
13,74.0,6.55,13,620.5,57972.81041666667
12,65.0,6.49,13,620.5,57972.811111111114
13,59.0,6.48,12,620.6,57972.81180555555
13,52.0,6.47,13,620.6,57972.8125
14,69.0,6.48,14,620.6,57972.81319444445
11,58.0,6.5,15,620.6,57972.813888888886
13,62.0,6.51,15,620.6,57972.81458333333
11,48.0,6.5,16,620.6,57972.81527777778
12,47.0,6.48,16,620.6,57972.81597222222
11,79.0,6.48,16,620.6,57972.816666666666
15,108.0,6.54,15,620.6,57972.81736111111
12,62.0,6.65,14,620.6,57972.81805555556
11,62.0,6.77,15,620.7,57972.81875
14,63.0,6.85,16,620.6,57972.819444444445
14,86.0,6.88,15,620.6,57972.82013888889
11,73.0,6.88,15,620.7,57972.82083333333
9,33.0,6.83,16,620.7,57972.82152777778
13,48.0,6.76,16,620.7,57972.822222222225
17,6.0,6.71,15,620.7,57972.822916666664
16,55.0,6.69,13,620.7,57972.82361111111
15,50.0,6.7,13,620.7,57972.82430555556
15,66.0,6.72,13,620.7,57972.825
14,57.0,6.72,13,620.8,57972.825694444444
12,61.0,6.7,14,620.7,57972.82638888889
13,59.0,6.72,15,620.7,57972.82708333333
14,65.0,6.72,15,620.7,57972.82777777778
14,70.0,6.7,15,620.7,57972.82847222222
13,60.0,6.67,16,620.7,57972.82916666667
15,100.0,6.65,16,620.7,57972.82986111111
11,94.0,6.71,15,620.7,57972.830555555556
11,59.0,6.85,15,620.7,57972.83125
18,63.0,7.01,15,620.7,57972.83194444444
15,43.0,7.12,14,620.7,57972.83263888889
14,48.0,7.17,13,620.7,57972.833333333336
13,55.0,7.18,13,620.7,57972.834027777775
14,65.0,7.18,13,620.7,57972.83472222222
16,59.0,7.15,15,620.7,57972.83541666667
14,74.0,7.12,17,620.8,57972.83611111111
12,106.0,7.07,17,620.8,57972.836805555555
9,38.0,7.0,18,620.8,57972.8375
10,62.0,6.95,18,620.8,57972.83819444444
15,92.0,6.98,20,620.8,57972.83888888889
9,66.0,7.07,19,620.8,57972.839583333334
17,89.0,7.15,20,620.8,57972.84027777778
14,58.0,7.21,17,620.8,57972.84097222222
15,52.0,7.23,14,620.8,57972.84166666667
15,42.0,7.21,15,620.8,57972.842361111114
13,80.0,7.17,16,620.8,57972.84305555555
10,49.0,7.13,17,620.8,57972.84375
15,59.0,7.11,17,620.8,57972.84444444445
13,39.0,7.12,16,620.9,57972.845138888886
14,74.0,7.1,16,620.9,57972.84583333333
10,90.0,7.11,16,620.9,57972.84652777778
13,51.0,7.12,17,620.9,57972.84722222222
15,64.0,7.1,16,620.9,57972.847916666666
18,78.0,7.11,15,620.9,57972.84861111111
13,41.0,7.13,15,620.9,57972.84930555556
14,55.0,7.17,17,620.9,57972.85
17,58.0,7.18,16,620.8,57972.850694444445
17,67.0,7.15,16,620.8,57972.85138888889
13,57.0,7.12,16,620.8,57972.85208333333
13,62.0,7.09,17,620.9,57972.85277777778
16,41.0,7.1,17,620.9,57972.853472222225
15,67.0,7.15,17,620.9,57972.854166666664
11,78.0,7.16,18,620.9,57972.85486111111
14,57.0,7.13,18,620.9,57972.85555555556
16,64.0,7.12,15,620.9,57972.85625
13,28.0,7.18,16,620.9,57972.856944444444
16,62.0,7.24,16,620.9,57972.85763888889
16,82.0,7.29,19,620.9,57972.85833333333
13,98.0,7.35,18,620.9,57972.85902777778
12,76.0,7.44,16,620.9,57972.85972222222
11,72.0,7.54,15,620.9,57972.86041666667
13,40.0,7.6,14,620.9,57972.86111111111
16,82.0,7.64,14,620.9,57972.861805555556
17,84.0,7.75,14,620.9,57972.8625
17,84.0,7.88,14,620.9,57972.86319444444
15,57.0,7.96,14,620.9,57972.86388888889
12,87.0,7.97,13,620.9,57972.864583333336
12,65.0,7.93,14,620.9,57972.865277777775
17,69.0,7.88,13,620.9,57972.86597222222
15,40.0,7.8,12,620.9,57972.86666666667
12,86.0,7.74,14,620.9,57972.86736111111
15,95.0,7.74,14,620.8,57972.868055555555
15,92.0,7.8,16,620.9,57972.86875
15,54.0,7.84,16,620.9,57972.86944444444
17,55.0,7.83,14,620.9,57972.87013888889
17,102.0,7.82,13,620.9,57972.870833333334
15,86.0,7.83,13,620.9,57972.87152777778
16,73.0,7.84,15,620.9,57972.87222222222
18,40.0,7.82,15,620.9,57972.87291666667
20,50.0,7.79,13,620.9,57972.873611111114
19,111.0,7.77,14,620.9,57972.87430555555
11,34.0,7.75,13,620.9,57972.875
13,25.0,7.81,13,620.9,57972.87569444445
18,58.0,7.9,13,621.0,57972.876388888886
18,86.0,7.94,12,620.9,57972.87708333333
16,81.0,7.94,12,620.9,57972.87777777778
13,75.0,7.89,12,620.9,57972.87847222222
17,61.0,7.89,13,620.9,57972.879166666666
18,60.0,7.94,12,620.9,57972.87986111111
19,81.0,7.99,12,620.9,57972.88055555556
17,46.0,8.0,13,620.9,57972.88125
17,56.0,7.96,14,620.9,57972.881944444445
18,58.0,7.93,14,620.9,57972.88263888889
21,11.0,7.93,13,620.9,57972.88333333333
17,81.0,7.93,13,620.9,57972.88402777778
12,79.0,7.9,12,620.9,57972.884722222225
15,93.0,7.9,13,620.9,57972.885416666664
13,68.0,7.94,13,620.9,57972.88611111111
15,87.0,8.0,13,620.9,57972.88680555556
13,64.0,8.03,13,621.0,57972.8875
15,54.0,8.06,13,620.9,57972.888194444444
12,49.0,8.06,13,621.0,57972.88888888889
12,84.0,8.01,13,621.0,57972.88958333333
14,27.0,7.97,14,620.9,57972.89027777778
19,55.0,7.97,15,620.9,57972.89097222222
16,61.0,7.97,15,620.9,57972.89166666667
16,85.0,7.94,12,620.9,57972.89236111111
12,100.0,7.91,13,620.9,57972.893055555556
16,44.0,7.89,15,620.9,57972.89375
18,70.0,7.87,15,620.9,57972.89444444444
15,47.0,7.81,15,620.9,57972.89513888889
20,65.0,7.78,13,620.9,57972.895833333336
18,71.0,7.75,12,620.9,57972.896527777775
14,97.0,7.75,13,620.9,57972.89722222222
8,61.0,7.79,14,620.9,57972.89791666667
15,73.0,7.82,15,620.9,57972.89861111111
13,81.0,7.85,14,620.9,57972.899305555555
15,62.0,7.86,13,620.9,57972.9
16,67.0,7.89,13,620.9,57972.90069444444
16,78.0,7.93,12,620.9,57972.90138888889
14,80.0,7.96,13,620.9,57972.902083333334
11,38.0,7.94,14,620.9,57972.90277777778
22,55.0,7.89,13,620.9,57972.90347222222
15,64.0,7.86,13,620.9,57972.90416666667
19,72.0,7.84,13,620.8,57972.904861111114
17,80.0,7.83,14,620.8,57972.90555555555
15,54.0,7.83,14,620.8,57972.90625
18,83.0,7.82,15,620.8,57972.90694444445
14,77.0,7.88,15,620.7,57972.907638888886
16,118.0,8.01,14,620.8,57972.90833333333
13,52.0,8.15,15,620.8,57972.90902777778
21,48.0,8.26,14,620.8,57972.90972222222
19,60.0,8.33,13,620.8,57972.910416666666
16,71.0,8.32,13,620.8,57972.91111111111
12,56.0,8.27,12,620.8,57972.91180555556
16,78.0,8.24,12,620.8,57972.9125
17,79.0,8.22,13,620.8,57972.913194444445
14,76.0,8.2,13,620.8,57972.91388888889
11,98.0,8.22,15,620.8,57972.91458333333
10,54.0,8.22,16,620.9,57972.91527777778
19,55.0,8.2,15,620.8,57972.915972222225
22,52.0,8.23,16,620.8,57972.916666666664
20,84.0,8.28,15,620.8,57972.91736111111
14,64.0,8.32,17,620.8,57972.91805555556
14,52.0,8.38,17,620.8,57972.91875
17,80.0,8.42,15,620.8,57972.919444444444
15,56.0,8.47,14,620.8,57972.92013888889
12,83.0,8.49,14,620.8,57972.92083333333
9,69.0,8.45,14,620.8,57972.92152777778
8,86.0,8.39,15,620.8,57972.92222222222
14,75.0,8.37,16,620.8,57972.92291666667
15,82.0,8.43,17,620.7,57972.92361111111
14,75.0,8.54,18,620.8,57972.924305555556
11,73.0,8.59,18,620.8,57972.925
10,91.0,8.58,18,620.8,57972.92569444444
15,60.0,8.52,18,620.8,57972.92638888889
16,83.0,8.45,19,620.8,57972.927083333336
12,50.0,8.38,18,620.8,57972.927777777775
13,74.0,8.33,17,620.8,57972.92847222222
11,90.0,8.28,18,620.8,57972.92916666667
12,72.0,8.2,17,620.8,57972.92986111111
14,84.0,8.12,18,620.8,57972.930555555555
10,95.0,8.08,18,620.8,57972.93125
10,60.0,8.07,18,620.8,57972.93194444444
10,54.0,8.14,18,620.8,57972.93263888889
18,46.0,8.22,20,620.8,57972.933333333334
18,69.0,8.28,19,620.8,57972.93402777778
18,68.0,8.3,19,620.8,57972.93472222222
14,54.0,8.27,19,620.7,57972.93541666667
11,49.0,8.2,18,620.8,57972.936111111114
12,69.0,8.13,18,620.8,57972.93680555555
18,101.0,8.08,17,620.7,57972.9375
14,50.0,8.07,16,620.7,57972.93819444445
15,91.0,8.07,16,620.7,57972.938888888886
15,50.0,8.1,20,620.7,57972.93958333333
15,23.0,8.17,21,620.7,57972.94027777778
14,74.0,8.21,21,620.8,57972.94097222222
11,63.0,8.22,19,620.7,57972.941666666666
13,83.0,8.22,18,620.7,57972.94236111111
11,85.0,8.26,19,620.7,57972.94305555556
10,53.0,8.33,20,620.7,57972.94375
13,101.0,8.45,22,620.7,57972.944444444445
15,70.0,8.6,20,620.7,57972.94513888889
14,75.0,8.7,18,620.7,57972.94583333333
15,35.0,8.73,17,620.7,57972.94652777778
15,98.0,8.69,17,620.6,57972.947222222225
10,79.0,8.66,16,620.7,57972.947916666664
8,68.0,8.59,16,620.7,57972.94861111111
9,335.0,8.5,20,620.7,57972.94930555556
18,43.0,8.46,20,620.7,57972.95
17,45.0,8.46,20,620.6,57972.950694444444
17,106.0,8.47,19,620.5,57972.95138888889
14,70.0,8.5,18,620.5,57972.95208333333
14,88.0,8.53,19,620.5,57972.95277777778
13,124.0,8.52,19,620.5,57972.95347222222
9,70.0,8.53,19,620.6,57972.95416666667
15,53.0,8.54,17,620.5,57972.95486111111
12,76.0,8.58,16,620.6,57972.955555555556
12,67.0,8.59,17,620.6,57972.95625
14,65.0,8.57,16,620.5,57972.95694444444
18,63.0,8.54,15,620.5,57972.95763888889
15,92.0,8.48,15,620.5,57972.958333333336
12,101.0,8.43,15,620.5,57972.959027777775
13,101.0,8.4,16,620.5,57972.95972222222
12,80.0,8.38,16,620.6,57972.96041666667
8,98.0,8.4,16,620.6,57972.96111111111
7,59.0,8.39,19,620.6,57972.961805555555
15,62.0,8.37,20,620.5,57972.9625
15,66.0,8.34,19,620.5,57972.96319444444
12,74.0,8.4,24,620.5,57972.96388888889
12,99.0,8.46,25,620.5,57972.964583333334
13,91.0,8.53,21,620.5,57972.96527777778
9,108.0,8.68,23,620.5,57972.96597222222
13,90.0,8.82,26,620.5,57972.96666666667
15,110.0,8.98,27,620.5,57972.967361111114
14,81.0,9.1,27,620.5,57972.96805555555
8,76.0,9.14,26,620.5,57972.96875
5,92.0,9.07,26,620.5,57972.96944444445
10,256.0,8.95,27,620.5,57972.970138888886
7,84.0,8.88,28,620.5,57972.97083333333
7,162.0,8.86,28,620.4,57972.97152777778
8,84.0,8.83,28,620.4,57972.97222222222
16,84.0,8.8,31,620.4,57972.972916666666
12,51.0,8.75,31,620.4,57972.97361111111
10,92.0,8.66,32,620.4,57972.97430555556
12,80.0,8.56,33,620.4,57972.975
12,84.0,8.47,33,620.4,57972.975694444445
7,100.0,8.34,30,620.4,57972.97638888889
10,100.0,8.22,33,620.4,57972.97708333333
12,59.0,8.14,36,620.4,57972.97777777778
6,110.0,8.05,35,620.4,57972.978472222225
6,140.0,7.96,37,620.4,57972.979166666664
4,130.0,7.95,38,620.4,57972.97986111111
5,107.0,8.05,34,620.4,57972.98055555556
12,60.0,8.24,28,620.4,57972.98125
13,77.0,8.44,26,620.4,57972.981944444444
15,45.0,8.64,24,620.3,57972.98263888889
17,80.0,8.79,24,620.3,57972.98333333333
13,93.0,8.85,22,620.3,57972.98402777778
11,46.0,8.82,20,620.3,57972.98472222222
15,53.0,8.79,19,620.3,57972.98541666667
17,29.0,8.79,18,620.3,57972.98611111111
16,22.0,8.77,17,620.3,57972.986805555556
13,64.0,8.72,16,620.4,57972.9875
13,122.0,8.71,16,620.4,57972.98819444444
9,88.0,8.66,16,620.4,57972.98888888889
11,40.0,8.59,16,620.4,57972.989583333336
9,53.0,8.55,18,620.4,57972.990277777775
16,64.0,8.59,21,620.3,57972.99097222222
17,61.0,8.66,20,620.4,57972.99166666667
14,46.0,8.68,19,620.3,57972.99236111111
14,88.0,8.7,20,620.3,57972.993055555555
12,70.0,8.71,19,620.3,57972.99375
15,79.0,8.68,19,620.3,57972.99444444444
13,59.0,8.62,18,620.3,57972.99513888889
12,81.0,8.52,16,620.3,57972.995833333334
11,77.0,8.45,17,620.3,57972.99652777778
8,63.0,8.4,16,620.3,57972.99722222222
9,107.0,8.33,16,620.3,57972.99791666667
12,73.0,8.29,16,620.3,57972.998611111114
15,49.0,8.38,16,620.2,57972.99930555555
18,47.0,8.52,16,620.2,57973.0
17,34.0,8.63,16,620.2,57973.00069444445
13,48.0,8.69,16,620.3,57973.001388888886
12,58.0,8.71,19,620.2,57973.00208333333
19,53.0,8.67,20,620.2,57973.00277777778
17,68.0,8.62,20,620.2,57973.00347222222
12,36.0,8.6,21,620.2,57973.004166666666
15,68.0,8.63,20,620.2,57973.00486111111
16,57.0,8.66,19,620.1,57973.00555555556
17,70.0,8.66,19,620.1,57973.00625
15,61.0,8.63,18,620.1,57973.006944444445
18,40.0,8.59,19,620.1,57973.00763888889
18,94.0,8.59,23,620.0,57973.00833333333
14,79.0,8.64,27,620.0,57973.00902777778
15,96.0,8.7,29,620.1,57973.009722222225
9,21.0,8.69,31,620.2,57973.010416666664
13,39.0,8.65,29,620.2,57973.01111111111
14,59.0,8.68,28,620.2,57973.01180555556
16,42.0,8.73,26,620.2,57973.0125
14,75.0,8.78,24,620.2,57973.013194444444
14,77.0,8.8,24,620.2,57973.01388888889
10,58.0,8.78,23,620.2,57973.01458333333
9,82.0,8.73,22,620.2,57973.01527777778
12,90.0,8.69,22,620.2,57973.01597222222
10,61.0,8.71,23,620.2,57973.01666666667
15,49.0,8.71,22,620.2,57973.01736111111
17,61.0,8.71,23,620.1,57973.018055555556
15,47.0,8.68,22,620.1,57973.01875
13,74.0,8.66,21,620.1,57973.01944444444
17,64.0,8.66,21,620.1,57973.02013888889
15,52.0,8.65,22,620.1,57973.020833333336
14,42.0,8.61,23,620.1,57973.021527777775
15,65.0,8.52,25,620.1,57973.02222222222
13,60.0,8.39,24,620.1,57973.02291666667
16,69.0,8.28,24,620.1,57973.02361111111
18,81.0,8.21,25,620.1,57973.024305555555
14,12.0,8.16,25,620.2,57973.025
13,65.0,8.08,25,620.1,57973.02569444444
10,97.0,8.04,24,620.1,57973.02638888889
8,65.0,8.01,24,620.2,57973.027083333334
13,66.0,7.99,25,620.1,57973.02777777778
18,50.0,8.02,25,620.1,57973.02847222222
15,56.0,8.07,25,620.0,57973.02916666667
18,71.0,8.09,25,620.0,57973.029861111114
18,54.0,8.09,25,620.1,57973.03055555555
16,56.0,8.05,25,620.1,57973.03125
17,100.0,7.99,25,620.0,57973.03194444445
14,77.0,7.95,24,620.0,57973.032638888886
11,55.0,7.96,23,620.0,57973.03333333333
16,99.0,8.01,24,620.0,57973.03402777778
14,82.0,8.07,25,620.1,57973.03472222222
13,80.0,8.11,26,620.1,57973.035416666666
17,67.0,8.11,25,620.0,57973.03611111111
14,55.0,8.1,24,620.1,57973.03680555556
15,87.0,8.07,23,620.0,57973.0375
11,96.0,8.06,20,620.1,57973.038194444445
13,54.0,8.04,22,620.0,57973.03888888889
11,110.0,8.04,24,620.0,57973.03958333333
9,96.0,8.03,24,620.1,57973.04027777778
13,51.0,8.04,25,620.0,57973.040972222225
12,101.0,8.08,27,620.0,57973.041666666664
12,58.0,8.17,28,620.0,57973.04236111111
12,101.0,8.22,25,620.0,57973.04305555556
10,109.0,8.22,26,620.0,57973.04375
9,59.0,8.24,23,620.0,57973.044444444444
13,61.0,8.24,22,620.0,57973.04513888889
13,64.0,8.2,23,620.0,57973.04583333333
12,47.0,8.15,24,620.0,57973.04652777778
11,52.0,8.13,24,620.0,57973.04722222222
11,69.0,8.11,24,620.0,57973.04791666667
14,73.0,8.05,22,619.9,57973.04861111111
15,106.0,7.99,21,619.9,57973.049305555556
10,69.0,7.98,23,620.0,57973.05
7,60.0,7.99,24,620.0,57973.05069444444
12,90.0,8.0,25,620.0,57973.05138888889
8,141.0,7.97,27,620.0,57973.052083333336
7,113.0,7.9,29,620.0,57973.052777777775
10,115.0,7.87,29,619.9,57973.05347222222
10,47.0,7.9,27,620.0,57973.05416666667
14,61.0,7.96,24,619.9,57973.05486111111
14,96.0,8.02,26,619.9,57973.055555555555
12,62.0,8.11,30,619.9,57973.05625
10,59.0,8.11,31,619.9,57973.05694444444
11,68.0,8.05,30,619.9,57973.05763888889
14,46.0,7.98,28,619.9,57973.058333333334
15,70.0,7.94,28,619.9,57973.05902777778
15,53.0,7.9,28,619.9,57973.05972222222
12,60.0,7.84,27,619.9,57973.06041666667
14,73.0,7.75,25,619.9,57973.061111111114
15,95.0,7.67,26,619.8,57973.06180555555
11,88.0,7.64,28,619.8,57973.0625
13,71.0,7.64,29,619.9,57973.06319444445
10,119.0,7.63,29,619.9,57973.063888888886
10,92.0,7.61,26,619.8,57973.06458333333
11,61.0,7.61,26,619.9,57973.06527777778
10,93.0,7.63,25,619.9,57973.06597222222
10,63.0,7.66,24,619.9,57973.066666666666
9,102.0,7.71,21,619.9,57973.06736111111
9,85.0,7.75,19,619.9,57973.06805555556
13,85.0,7.84,21,619.9,57973.06875
10,69.0,7.91,21,619.8,57973.069444444445
7,84.0,7.95,20,619.8,57973.07013888889
11,81.0,7.97,19,619.8,57973.07083333333
9,109.0,7.96,17,619.8,57973.07152777778
6,80.0,7.92,18,619.8,57973.072222222225
7,77.0,7.94,19,619.8,57973.072916666664
11,88.0,7.99,20,619.8,57973.07361111111
7,81.0,8.03,18,619.8,57973.07430555556
11,62.0,8.04,20,619.8,57973.075
12,77.0,8.05,20,619.8,57973.075694444444
9,100.0,8.03,19,619.8,57973.07638888889
6,69.0,7.99,17,619.8,57973.07708333333
10,61.0,7.93,17,619.8,57973.07777777778
11,103.0,7.87,17,619.8,57973.07847222222
8,100.0,7.83,17,619.8,57973.07916666667
8,33.0,7.82,17,619.8,57973.07986111111
10,96.0,7.8,18,619.8,57973.080555555556
9,77.0,7.77,20,619.8,57973.08125
10,84.0,7.74,19,619.8,57973.08194444444
7,71.0,7.69,18,619.8,57973.08263888889
7,74.0,7.63,18,619.8,57973.083333333336
9,55.0,7.57,18,619.7,57973.084027777775
13,80.0,7.54,19,619.7,57973.08472222222
12,74.0,7.55,19,619.6,57973.08541666667
9,83.0,7.55,18,619.6,57973.08611111111
9,76.0,7.55,16,619.6,57973.086805555555
8,74.0,7.52,16,619.6,57973.0875
9,39.0,7.5,17,619.6,57973.08819444444
10,70.0,7.47,18,619.7,57973.08888888889
9,84.0,7.43,16,619.7,57973.089583333334
7,68.0,7.39,16,619.7,57973.09027777778
10,65.0,7.38,17,619.7,57973.09097222222
12,69.0,7.34,17,619.7,57973.09166666667
12,65.0,7.33,16,619.6,57973.092361111114
9,93.0,7.33,16,619.6,57973.09305555555
12,90.0,7.35,16,619.6,57973.09375
11,65.0,7.39,16,619.6,57973.09444444445
9,85.0,7.41,16,619.6,57973.095138888886
8,91.0,7.39,16,619.6,57973.09583333333
6,78.0,7.32,17,619.6,57973.09652777778
8,65.0,7.27,18,619.6,57973.09722222222
14,91.0,7.26,19,619.6,57973.097916666666
10,101.0,7.27,19,619.6,57973.09861111111
8,131.0,7.27,18,619.6,57973.09930555556
8,76.0,7.24,18,619.6,57973.1
9,79.0,7.25,20,619.6,57973.100694444445
7,93.0,7.28,20,619.7,57973.10138888889
5,53.0,7.28,20,619.7,57973.10208333333
9,34.0,7.27,20,619.7,57973.10277777778
11,79.0,7.23,19,619.7,57973.103472222225
10,63.0,7.19,19,619.7,57973.104166666664
9,72.0,7.14,19,619.7,57973.10486111111
8,64.0,7.08,18,619.6,57973.10555555556
8,89.0,7.03,18,619.6,57973.10625
8,47.0,7.0,16,619.6,57973.106944444444
7,83.0,7.0,16,619.7,57973.10763888889
4,74.0,6.98,16,619.7,57973.10833333333
9,81.0,6.98,17,619.7,57973.10902777778
10,88.0,7.0,18,619.7,57973.10972222222
7,73.0,6.98,18,619.7,57973.11041666667
10,91.0,6.95,17,619.7,57973.11111111111
10,51.0,6.94,18,619.7,57973.111805555556
10,69.0,6.92,18,619.7,57973.1125
13,63.0,6.9,18,619.6,57973.11319444444
11,47.0,6.88,19,619.6,57973.11388888889
10,47.0,6.88,18,619.6,57973.114583333336
10,56.0,6.88,18,619.6,57973.115277777775
9,91.0,6.88,19,619.6,57973.11597222222
8,56.0,6.85,19,619.6,57973.11666666667
7,82.0,6.82,19,619.6,57973.11736111111
8,83.0,6.77,19,619.6,57973.118055555555
7,81.0,6.73,19,619.6,57973.11875
6,85.0,6.68,20,619.6,57973.11944444444
4,85.0,6.6,20,619.6,57973.12013888889
4,108.0,6.53,21,619.6,57973.120833333334
7,93.0,6.47,19,619.6,57973.12152777778
4,78.0,6.44,19,619.6,57973.12222222222
7,76.0,6.43,20,619.7,57973.12291666667
7,79.0,6.42,20,619.6,57973.123611111114
6,64.0,6.39,20,619.6,57973.12430555555
6,58.0,6.34,20,619.7,57973.125
8,45.0,6.28,21,619.7,57973.12569444445
11,72.0,6.24,22,619.7,57973.126388888886
7,83.0,6.2,22,619.7,57973.12708333333
6,59.0,6.17,22,619.7,57973.12777777778
8,53.0,6.13,22,619.7,57973.12847222222
9,66.0,6.08,21,619.7,57973.129166666666
8,82.0,6.03,20,619.7,57973.12986111111
6,60.0,5.98,20,619.7,57973.13055555556
8,78.0,5.93,20,619.7,57973.13125
10,68.0,5.9,20,619.7,57973.131944444445
7,74.0,5.87,21,619.7,57973.13263888889
8,73.0,5.83,22,619.7,57973.13333333333
6,75.0,5.79,22,619.7,57973.13402777778
5,98.0,5.74,22,619.7,57973.134722222225
6,57.0,5.7,21,619.7,57973.135416666664
7,78.0,5.66,21,619.7,57973.13611111111
9,48.0,5.63,20,619.7,57973.13680555556
9,60.0,5.61,20,619.7,57973.1375
7,43.0,5.58,20,619.7,57973.138194444444
6,66.0,5.55,21,619.7,57973.13888888889
7,64.0,5.52,22,619.7,57973.13958333333
8,36.0,5.48,23,619.7,57973.14027777778
5,76.0,5.43,23,619.7,57973.14097222222
4,83.0,5.39,24,619.7,57973.14166666667
5,63.0,5.33,24,619.7,57973.14236111111
7,72.0,5.27,22,619.7,57973.143055555556
5,83.0,5.22,21,619.8,57973.14375
7,84.0,5.19,21,619.8,57973.14444444444
9,82.0,5.16,20,619.7,57973.14513888889
8,78.0,5.14,20,619.7,57973.145833333336
8,85.0,5.13,20,619.7,57973.146527777775
7,87.0,5.1,21,619.7,57973.14722222222
6,111.0,5.07,20,619.6,57973.14791666667
5,97.0,5.04,20,619.7,57973.14861111111
5,80.0,5.0,21,619.7,57973.149305555555
9,52.0,4.97,21,619.7,57973.15
9,90.0,4.95,20,619.7,57973.15069444444
7,86.0,4.92,19,619.7,57973.15138888889
7,92.0,4.92,19,619.7,57973.152083333334
7,87.0,4.9,18,619.7,57973.15277777778
7,55.0,4.88,18,619.7,57973.15347222222
9,43.0,4.86,20,619.7,57973.15416666667
13,87.0,4.84,21,619.7,57973.154861111114
10,86.0,4.81,20,619.7,57973.15555555555
8,68.0,4.79,20,619.7,57973.15625
9,91.0,4.78,20,619.7,57973.15694444445
9,86.0,4.77,22,619.7,57973.157638888886
6,88.0,4.73,22,619.7,57973.15833333333
5,77.0,4.69,23,619.7,57973.15902777778
9,91.0,4.64,22,619.7,57973.15972222222
7,90.0,4.6,21,619.8,57973.160416666666
5,102.0,4.56,21,619.8,57973.16111111111
4,78.0,4.53,21,619.8,57973.16180555556
6,86.0,4.51,20,619.8,57973.1625
6,88.0,4.47,18,619.8,57973.163194444445
6,85.0,4.44,19,619.8,57973.16388888889
5,85.0,4.41,21,619.8,57973.16458333333
7,80.0,4.39,21,619.8,57973.16527777778
8,78.0,4.37,21,619.7,57973.165972222225
9,89.0,4.35,19,619.8,57973.166666666664
9,75.0,4.34,20,619.8,57973.16736111111
9,79.0,4.32,21,619.8,57973.16805555556
8,89.0,4.3,20,619.8,57973.16875
9,85.0,4.27,20,619.8,57973.169444444444
8,82.0,4.25,21,619.8,57973.17013888889
8,78.0,4.22,21,619.8,57973.17083333333
9,91.0,4.19,21,619.8,57973.17152777778
8,83.0,4.18,21,619.8,57973.17222222222
8,81.0,4.16,21,619.8,57973.17291666667
8,83.0,4.13,20,619.8,57973.17361111111
9,68.0,4.13,21,619.8,57973.174305555556
8,90.0,4.13,21,619.8,57973.175
7,81.0,4.12,21,619.8,57973.17569444444
7,80.0,4.1,20,619.8,57973.17638888889
7,80.0,4.1,20,619.8,57973.177083333336
7,85.0,4.1,21,619.8,57973.177777777775
7,91.0,4.1,21,619.8,57973.17847222222
7,98.0,4.08,21,619.8,57973.17916666667
5,87.0,4.07,21,619.9,57973.17986111111
6,86.0,4.04,21,619.9,57973.180555555555
7,78.0,4.02,20,619.9,57973.18125
6,83.0,4.01,20,619.9,57973.18194444444
7,91.0,4.01,21,619.9,57973.18263888889
8,86.0,3.99,21,619.9,57973.183333333334
7,88.0,3.97,21,619.9,57973.18402777778
7,93.0,3.95,22,619.9,57973.18472222222
7,97.0,3.93,23,619.9,57973.18541666667
6,91.0,3.9,22,619.9,57973.186111111114
6,94.0,3.87,22,619.9,57973.18680555555
6,105.0,3.83,21,619.9,57973.1875
5,80.0,3.81,22,619.9,57973.18819444445
5,86.0,3.78,22,619.9,57973.188888888886
5,84.0,3.75,22,619.9,57973.18958333333
6,91.0,3.72,22,619.9,57973.19027777778
8,78.0,3.7,22,619.9,57973.19097222222
7,83.0,3.68,22,619.9,57973.191666666666
8,87.0,3.67,22,619.9,57973.19236111111
8,72.0,3.67,23,619.9,57973.19305555556
9,73.0,3.65,22,619.9,57973.19375
8,83.0,3.63,21,619.9,57973.194444444445
7,83.0,3.62,21,619.9,57973.19513888889
6,84.0,3.61,22,619.9,57973.19583333333
7,83.0,3.61,22,619.9,57973.19652777778
7,83.0,3.58,22,620.0,57973.197222222225
6,79.0,3.58,22,620.0,57973.197916666664
4,89.0,3.56,22,620.0,57973.19861111111
5,81.0,3.55,22,620.0,57973.19930555556
4,82.0,3.55,22,620.0,57973.2
4,90.0,3.55,23,620.0,57973.200694444444
4,86.0,3.52,23,620.0,57973.20138888889
4,87.0,3.5,23,620.0,57973.20208333333
3,90.0,3.47,23,620.0,57973.20277777778
2,94.0,3.45,23,620.0,57973.20347222222
1,95.0,3.42,23,620.0,57973.20416666667
2,93.0,3.39,23,620.0,57973.20486111111
2,85.0,3.36,23,620.0,57973.205555555556
2,87.0,3.33,23,620.0,57973.20625
2,85.0,3.31,23,620.0,57973.20694444444
0,97.0,3.31,22,620.0,57973.20763888889
0,95.0,3.31,23,620.0,57973.208333333336
2,95.0,3.31,24,620.0,57973.209027777775
3,89.0,3.29,24,620.0,57973.20972222222
5,88.0,3.27,23,620.0,57973.21041666667
6,78.0,3.25,21,620.0,57973.21111111111
6,85.0,3.24,21,620.0,57973.211805555555
6,81.0,3.25,21,620.0,57973.2125
6,80.0,3.27,21,620.0,57973.21319444444
6,84.0,3.27,21,620.1,57973.21388888889
5,82.0,3.28,22,620.1,57973.214583333334
5,81.0,3.27,23,620.0,57973.21527777778
7,82.0,3.25,23,620.0,57973.21597222222
7,85.0,3.2,24,620.0,57973.21666666667
7,85.0,3.16,24,620.0,57973.217361111114
7,93.0,3.11,24,620.1,57973.21805555555
6,87.0,3.08,24,620.0,57973.21875
6,85.0,3.04,24,620.0,57973.21944444445
6,88.0,3.0,25,620.0,57973.220138888886
7,99.0,2.97,25,620.0,57973.22083333333
7,95.0,2.94,25,620.1,57973.22152777778
7,93.0,2.91,25,620.1,57973.22222222222
8,98.0,2.87,25,620.1,57973.222916666666
7,88.0,2.83,25,620.1,57973.22361111111
7,92.0,2.78,25,620.1,57973.22430555556
6,93.0,2.74,25,620.1,57973.225
6,90.0,2.7,25,620.1,57973.225694444445
6,88.0,2.67,25,620.1,57973.22638888889
6,90.0,2.66,25,620.1,57973.22708333333
5,93.0,2.66,25,620.1,57973.22777777778
6,95.0,2.67,25,620.1,57973.228472222225
6,92.0,2.67,25,620.1,57973.229166666664
6,88.0,2.68,25,620.2,57973.22986111111
6,91.0,2.69,25,620.2,57973.23055555556
5,99.0,2.7,25,620.2,57973.23125
4,91.0,2.7,25,620.2,57973.231944444444
5,82.0,2.7,25,620.2,57973.23263888889
8,90.0,2.69,24,620.2,57973.23333333333
8,86.0,2.7,24,620.2,57973.23402777778
8,93.0,2.7,25,620.2,57973.23472222222
9,88.0,2.7,25,620.2,57973.23541666667
8,98.0,2.72,25,620.2,57973.23611111111
7,93.0,2.73,25,620.2,57973.236805555556
8,93.0,2.73,25,620.2,57973.2375
8,91.0,2.72,24,620.2,57973.23819444444
8,94.0,2.71,24,620.2,57973.23888888889
7,87.0,2.7,25,620.2,57973.239583333336
8,85.0,2.69,25,620.2,57973.240277777775
9,88.0,2.69,25,620.2,57973.24097222222
8,85.0,2.67,25,620.2,57973.24166666667
8,96.0,2.66,25,620.2,57973.24236111111
7,94.0,2.63,25,620.2,57973.243055555555
7,92.0,2.61,25,620.3,57973.24375
8,100.0,2.58,25,620.3,57973.24444444444
8,88.0,2.56,25,620.3,57973.24513888889
8,80.0,2.52,25,620.3,57973.245833333334
9,82.0,2.49,25,620.4,57973.24652777778
9,88.0,2.48,25,620.3,57973.24722222222
8,78.0,2.51,25,620.4,57973.24791666667
7,88.0,2.53,25,620.4,57973.248611111114
8,84.0,2.56,25,620.4,57973.24930555555
9,84.0,2.58,25,620.4,57973.25
9,88.0,2.6,24,620.4,57973.25069444445
8,86.0,2.6,25,620.4,57973.251388888886
8,88.0,2.62,25,620.4,57973.25208333333
7,91.0,2.64,25,620.4,57973.25277777778
7,89.0,2.66,25,620.5,57973.25347222222
7,86.0,2.66,25,620.5,57973.254166666666
8,97.0,2.66,25,620.5,57973.25486111111
7,95.0,2.65,24,620.5,57973.25555555556
7,93.0,2.64,24,620.5,57973.25625
7,95.0,2.63,24,620.5,57973.256944444445
8,83.0,2.63,24,620.5,57973.25763888889
7,91.0,2.62,23,620.5,57973.25833333333
8,86.0,2.63,23,620.5,57973.25902777778
8,88.0,2.63,23,620.5,57973.259722222225
8,92.0,2.64,24,620.5,57973.260416666664
7,83.0,2.65,24,620.5,57973.26111111111
7,90.0,2.64,24,620.5,57973.26180555556
8,77.0,2.64,23,620.6,57973.2625
7,84.0,2.65,23,620.5,57973.263194444444
7,94.0,2.66,23,620.5,57973.26388888889
7,89.0,2.67,24,620.5,57973.26458333333
8,90.0,2.67,25,620.5,57973.26527777778
9,93.0,2.66,23,620.5,57973.26597222222
10,88.0,2.66,22,620.5,57973.26666666667
9,95.0,2.67,22,620.5,57973.26736111111
8,94.0,2.69,24,620.5,57973.268055555556
8,92.0,2.7,24,620.5,57973.26875
8,101.0,2.69,25,620.5,57973.26944444444
6,91.0,2.69,24,620.6,57973.27013888889
5,102.0,2.67,25,620.6,57973.270833333336
3,90.0,2.67,25,620.6,57973.271527777775
4,88.0,2.66,25,620.6,57973.27222222222
7,91.0,2.64,25,620.6,57973.27291666667
8,95.0,2.62,25,620.6,57973.27361111111
8,91.0,2.59,26,620.6,57973.274305555555
7,93.0,2.56,26,620.6,57973.275
7,95.0,2.52,26,620.6,57973.27569444444
6,100.0,2.49,26,620.6,57973.27638888889
5,101.0,2.47,26,620.6,57973.277083333334
4,90.0,2.45,26,620.6,57973.27777777778
4,89.0,2.42,26,620.6,57973.27847222222
6,94.0,2.42,26,620.6,57973.27916666667
7,91.0,2.4,26,620.6,57973.279861111114
5,99.0,2.39,26,620.6,57973.28055555555
3,103.0,2.4,26,620.6,57973.28125
3,100.0,2.42,26,620.7,57973.28194444445
2,97.0,2.42,26,620.7,57973.282638888886
3,94.0,2.42,26,620.7,57973.28333333333
4,96.0,2.45,27,620.7,57973.28402777778
3,97.0,2.46,26,620.7,57973.28472222222
2,98.0,2.48,26,620.7,57973.285416666666
1,98.0,2.51,25,620.7,57973.28611111111
1,96.0,2.54,25,620.7,57973.28680555556
2,96.0,2.56,24,620.7,57973.2875
2,96.0,2.59,24,620.7,57973.288194444445
1,101.0,2.63,24,620.7,57973.28888888889
2,99.0,2.67,25,620.7,57973.28958333333
1,101.0,2.7,25,620.7,57973.29027777778
1,96.0,2.73,25,620.7,57973.290972222225
1,98.0,2.75,25,620.7,57973.291666666664
1,100.0,2.76,25,620.7,57973.29236111111
1,101.0,2.78,25,620.7,57973.29305555556
2,93.0,2.77,25,620.7,57973.29375
3,87.0,2.75,23,620.8,57973.294444444444
4,80.0,2.75,22,620.8,57973.29513888889
1,80.0,2.78,23,620.8,57973.29583333333
0,79.0,2.83,23,620.8,57973.29652777778
0,95.0,2.87,24,620.8,57973.29722222222
0,95.0,2.9,24,620.8,57973.29791666667
0,89.0,2.91,23,620.8,57973.29861111111
0,99.0,2.91,23,620.8,57973.299305555556
0,114.0,2.91,24,620.8,57973.3
0,106.0,2.89,25,620.8,57973.30069444444
3,97.0,2.84,24,620.8,57973.30138888889
5,94.0,2.79,22,620.8,57973.302083333336
5,87.0,2.76,21,620.9,57973.302777777775
5,88.0,2.73,20,620.9,57973.30347222222
4,92.0,2.74,19,620.9,57973.30416666667
1,108.0,2.78,19,620.9,57973.30486111111
0,102.0,2.84,21,620.9,57973.305555555555
1,100.0,2.89,22,620.9,57973.30625
3,99.0,2.91,23,620.9,57973.30694444444
5,94.0,2.88,24,620.9,57973.30763888889
5,92.0,2.83,24,620.9,57973.308333333334
5,81.0,2.79,23,620.9,57973.30902777778
5,81.0,2.79,20,620.9,57973.30972222222
4,82.0,2.82,19,620.9,57973.31041666667
2,98.0,2.89,20,621.0,57973.311111111114
0,100.0,2.97,21,621.0,57973.31180555555
1,110.0,3.02,21,620.9,57973.3125
4,93.0,3.03,22,620.9,57973.31319444445
7,87.0,3.02,21,620.9,57973.313888888886
7,89.0,2.99,21,621.0,57973.31458333333
7,93.0,2.93,21,620.9,57973.31527777778
7,87.0,2.87,21,621.0,57973.31597222222
7,87.0,2.81,21,621.0,57973.316666666666
8,90.0,2.76,21,621.0,57973.31736111111
8,93.0,2.71,22,621.0,57973.31805555556
8,90.0,2.67,22,621.0,57973.31875
7,86.0,2.64,20,621.0,57973.319444444445
4,93.0,2.64,20,621.0,57973.32013888889
2,97.0,2.68,21,621.0,57973.32083333333
2,101.0,2.72,22,621.0,57973.32152777778
2,91.0,2.73,23,621.0,57973.322222222225
5,104.0,2.72,23,621.0,57973.322916666664
7,108.0,2.69,22,621.0,57973.32361111111
8,102.0,2.66,23,621.0,57973.32430555556
9,98.0,2.62,22,621.0,57973.325
9,90.0,2.6,23,621.0,57973.325694444444
8,91.0,2.58,24,621.0,57973.32638888889
6,92.0,2.57,24,621.0,57973.32708333333
3,92.0,2.59,24,621.0,57973.32777777778
2,97.0,2.61,24,621.0,57973.32847222222
2,96.0,2.63,24,621.0,57973.32916666667
3,98.0,2.63,25,621.0,57973.32986111111
5,97.0,2.59,25,621.0,57973.330555555556
6,90.0,2.53,25,621.0,57973.33125
8,84.0,2.46,25,621.0,57973.33194444444
7,83.0,2.42,25,621.0,57973.33263888889
4,85.0,2.42,25,621.0,57973.333333333336
1,93.0,2.45,25,621.0,57973.334027777775
2,93.0,2.49,25,621.0,57973.33472222222
3,99.0,2.52,25,621.0,57973.33541666667
1,99.0,2.54,25,621.0,57973.33611111111
1,97.0,2.54,25,621.0,57973.336805555555
2,92.0,2.54,25,621.0,57973.3375
2,85.0,2.53,25,621.0,57973.33819444444
4,81.0,2.5,25,621.0,57973.33888888889
6,94.0,2.47,24,621.0,57973.339583333334
6,99.0,2.45,23,621.0,57973.34027777778
4,90.0,2.45,22,621.0,57973.34097222222
5,83.0,2.45,23,621.0,57973.34166666667
6,85.0,2.47,23,621.0,57973.342361111114
4,90.0,2.49,22,621.0,57973.34305555555
4,89.0,2.53,21,621.0,57973.34375
3,86.0,2.57,23,621.0,57973.34444444445
6,78.0,2.58,24,621.0,57973.345138888886
7,88.0,2.57,24,621.0,57973.34583333333
7,92.0,2.53,25,621.0,57973.34652777778
6,98.0,2.47,25,621.0,57973.34722222222
6,95.0,2.4,25,620.9,57973.347916666666
6,88.0,2.32,25,620.9,57973.34861111111
8,80.0,2.24,25,621.0,57973.34930555556
8,88.0,2.19,25,621.0,57973.35
8,102.0,2.16,25,621.0,57973.350694444445
6,82.0,2.14,25,621.0,57973.35138888889
3,84.0,2.15,25,621.0,57973.35208333333
6,86.0,2.14,25,621.0,57973.35277777778
7,100.0,2.13,25,621.0,57973.353472222225
7,98.0,2.12,25,621.0,57973.354166666664
7,92.0,2.08,25,621.0,57973.35486111111
8,80.0,2.04,25,621.0,57973.35555555556
8,86.0,2.01,25,621.0,57973.35625
8,93.0,2.0,25,621.0,57973.356944444444
6,88.0,2.01,26,621.0,57973.35763888889
6,95.0,2.01,26,621.0,57973.35833333333
7,94.0,2.02,25,621.0,57973.35902777778
5,93.0,2.02,24,621.0,57973.35972222222
5,81.0,2.05,24,621.0,57973.36041666667
5,83.0,2.06,24,621.0,57973.36111111111
6,85.0,2.09,24,621.0,57973.361805555556
6,97.0,2.12,25,620.9,57973.3625
4,85.0,2.12,25,620.9,57973.36319444444
3,84.0,2.12,25,620.9,57973.36388888889
4,87.0,2.12,25,620.9,57973.364583333336
5,91.0,2.12,25,620.9,57973.365277777775
6,87.0,2.13,24,620.9,57973.36597222222
7,81.0,2.13,22,620.9,57973.36666666667
5,96.0,2.16,21,620.9,57973.36736111111
4,89.0,2.21,21,620.9,57973.368055555555
6,96.0,2.25,22,620.9,57973.36875
7,86.0,2.29,22,620.9,57973.36944444444
5,99.0,2.32,21,620.9,57973.37013888889
3,96.0,2.38,21,620.8,57973.370833333334
2,90.0,2.43,22,620.8,57973.37152777778
2,91.0,2.45,22,620.8,57973.37222222222
3,82.0,2.48,21,620.8,57973.37291666667
3,84.0,2.48,21,620.8,57973.373611111114
6,76.0,2.46,20,620.8,57973.37430555555
5,88.0,2.46,19,620.8,57973.375
3,97.0,2.49,20,620.8,57973.37569444445
2,105.0,2.51,20,620.8,57973.376388888886
2,83.0,2.51,20,620.8,57973.37708333333
4,92.0,2.51,20,620.8,57973.37777777778
5,106.0,2.51,19,620.8,57973.37847222222
4,82.0,2.51,20,620.7,57973.379166666666
6,82.0,2.51,20,620.8,57973.37986111111
7,87.0,2.51,20,620.7,57973.38055555556
7,106.0,2.51,19,620.7,57973.38125
7,102.0,2.47,18,620.7,57973.381944444445
5,95.0,2.42,18,620.7,57973.38263888889
6,85.0,2.37,18,620.7,57973.38333333333
8,91.0,2.36,18,620.7,57973.38402777778
7,97.0,2.39,18,620.7,57973.384722222225
5,94.0,2.41,19,620.7,57973.385416666664
5,95.0,2.42,19,620.7,57973.38611111111
7,88.0,2.42,19,620.7,57973.38680555556
6,88.0,2.41,19,620.7,57973.3875
6,91.0,2.4,19,620.6,57973.388194444444
4,93.0,2.39,20,620.7,57973.38888888889
6,95.0,2.37,21,620.7,57973.38958333333
7,89.0,2.34,20,620.6,57973.39027777778
8,88.0,2.32,19,620.6,57973.39097222222
8,89.0,2.3,19,620.6,57973.39166666667
8,82.0,2.29,19,620.6,57973.39236111111
7,98.0,2.3,19,620.6,57973.393055555556
5,96.0,2.29,20,620.6,57973.39375
6,92.0,2.27,20,620.6,57973.39444444444
8,85.0,2.24,20,620.6,57973.39513888889
9,87.0,2.21,20,620.6,57973.395833333336
9,98.0,2.18,20,620.6,57973.396527777775
9,97.0,2.16,20,620.6,57973.39722222222
10,100.0,2.16,20,620.5,57973.39791666667
8,82.0,2.19,20,620.5,57973.39861111111
10,89.0,2.23,21,620.5,57973.399305555555
9,96.0,2.28,21,620.5,57973.4
8,94.0,2.31,21,620.5,57973.40069444444
8,97.0,2.34,20,620.5,57973.40138888889
7,93.0,2.37,20,620.5,57973.402083333334
7,78.0,2.41,20,620.5,57973.40277777778
9,104.0,2.45,19,620.5,57973.40347222222
8,94.0,2.49,20,620.5,57973.40416666667
9,89.0,2.51,21,620.5,57973.404861111114
8,85.0,2.51,20,620.5,57973.40555555555
7,92.0,2.5,20,620.5,57973.40625
8,92.0,2.48,20,620.4,57973.40694444445
9,97.0,2.45,19,620.4,57973.407638888886
10,89.0,2.42,19,620.4,57973.40833333333
10,95.0,2.42,20,620.4,57973.40902777778
10,96.0,2.41,20,620.4,57973.40972222222
10,82.0,2.38,19,620.4,57973.410416666666
10,78.0,2.36,19,620.4,57973.41111111111
9,84.0,2.39,20,620.4,57973.41180555556
10,107.0,2.43,21,620.4,57973.4125
9,72.0,2.46,22,620.4,57973.413194444445
8,89.0,2.48,22,620.4,57973.41388888889
6,102.0,2.48,23,620.3,57973.41458333333
7,105.0,2.45,23,620.3,57973.41527777778
8,96.0,2.4,21,620.3,57973.415972222225
