wind_speed,wind_direction,temperature,relative_humidity,pressure,mjd
18,142.0,1.47,70,620.1,56872.416666666664
17,118.0,1.47,70,620.2,56872.41736111111
17,128.0,1.47,70,620.1,56872.41805555556
18,116.0,1.47,71,620.1,56872.41875
20,117.0,1.47,71,620.1,56872.419444444444
19,130.0,1.47,70,620.1,56872.42013888889
18,121.0,1.45,70,620.1,56872.42083333333
18,112.0,1.44,70,620.1,56872.42152777778
18,126.0,1.43,71,620.1,56872.42222222222
20,122.0,1.43,71,620.1,56872.42291666667
20,123.0,1.43,71,620.1,56872.42361111111
17,131.0,1.44,71,620.0,56872.424305555556
17,113.0,1.44,71,620.0,56872.425
18,128.0,1.45,71,620.0,56872.42569444444
20,127.0,1.44,71,620.0,56872.42638888889
20,119.0,1.44,71,620.0,56872.427083333336
20,127.0,1.42,71,620.0,56872.427777777775
19,117.0,1.4,71,620.0,56872.42847222222
21,112.0,1.39,71,620.0,56872.42916666667
20,124.0,1.38,71,620.0,56872.42986111111
17,124.0,1.37,71,620.0,56872.430555555555
18,107.0,1.36,71,620.0,56872.43125
21,130.0,1.35,71,619.9,56872.43194444444
21,119.0,1.34,71,619.9,56872.43263888889
21,115.0,1.34,72,619.9,56872.433333333334
21,125.0,1.34,71,620.0,56872.43402777778
23,122.0,1.34,72,619.9,56872.43472222222
20,130.0,1.35,71,619.9,56872.43541666667
20,118.0,1.35,72,619.9,56872.436111111114
18,130.0,1.36,71,619.8,56872.43680555555
21,134.0,1.35,72,619.8,56872.4375
20,121.0,1.35,71,619.8,56872.43819444445
22,128.0,1.35,72,619.8,56872.438888888886
20,125.0,1.35,72,619.8,56872.43958333333
19,128.0,1.35,72,619.8,56872.44027777778
20,130.0,1.34,72,619.8,56872.44097222222
21,125.0,1.33,72,619.8,56872.441666666666
21,130.0,1.32,72,619.8,56872.44236111111
21,111.0,1.32,72,619.8,56872.44305555556
23,125.0,1.32,72,619.8,56872.44375
20,116.0,1.31,71,619.8,56872.444444444445
20,136.0,1.3,71,619.8,56872.44513888889
21,133.0,1.3,71,619.7,56872.44583333333
20,137.0,1.29,71,619.8,56872.44652777778
20,127.0,1.29,71,619.8,56872.447222222225
19,128.0,1.29,71,619.7,56872.447916666664
21,125.0,1.27,71,619.7,56872.44861111111
20,142.0,1.26,71,619.7,56872.44930555556
19,133.0,1.24,71,619.7,56872.45
19,129.0,1.23,71,619.7,56872.450694444444
18,123.0,1.23,71,619.7,56872.45138888889
19,116.0,1.21,71,619.7,56872.45208333333
18,130.0,1.2,71,619.7,56872.45277777778
17,108.0,1.2,71,619.7,56872.45347222222
19,124.0,1.19,71,619.7,56872.45416666667
19,130.0,1.19,72,619.7,56872.45486111111
20,107.0,1.18,72,619.6,56872.455555555556
18,141.0,1.19,72,619.6,56872.45625
18,130.0,1.2,72,619.6,56872.45694444444
16,116.0,1.2,71,619.6,56872.45763888889
17,124.0,1.2,71,619.6,56872.458333333336
19,131.0,1.2,71,619.6,56872.459027777775
21,131.0,1.2,72,619.6,56872.45972222222
20,128.0,1.2,72,619.6,56872.46041666667
19,129.0,1.22,72,619.6,56872.46111111111
21,131.0,1.23,72,619.6,56872.461805555555
21,123.0,1.23,72,619.5,56872.4625
20,125.0,1.23,72,619.5,56872.46319444444
18,128.0,1.23,72,619.5,56872.46388888889
19,129.0,1.22,71,619.5,56872.464583333334
19,133.0,1.2,71,619.5,56872.46527777778
17,132.0,1.2,71,619.5,56872.46597222222
18,133.0,1.17,71,619.5,56872.46666666667
18,140.0,1.17,72,619.5,56872.467361111114
18,128.0,1.16,72,619.5,56872.46805555555
20,130.0,1.16,72,619.5,56872.46875
18,126.0,1.16,72,619.5,56872.46944444445
21,137.0,1.16,72,619.4,56872.470138888886
21,131.0,1.15,72,619.4,56872.47083333333
22,132.0,1.15,72,619.4,56872.47152777778
22,125.0,1.14,72,619.4,56872.47222222222
22,93.0,1.14,72,619.4,56872.472916666666
22,109.0,1.14,71,619.4,56872.47361111111
20,127.0,1.14,71,619.4,56872.47430555556
24,116.0,1.14,71,619.3,56872.475
21,137.0,1.15,72,619.3,56872.475694444445
24,127.0,1.17,71,619.3,56872.47638888889
25,126.0,1.17,71,619.2,56872.47708333333
20,123.0,1.17,71,619.2,56872.47777777778
21,132.0,1.17,71,619.2,56872.478472222225
24,121.0,1.17,71,619.2,56872.479166666664
25,133.0,1.16,72,619.1,56872.47986111111
24,127.0,1.15,72,619.1,56872.48055555556
21,127.0,1.16,72,619.1,56872.48125
28,125.0,1.15,71,619.2,56872.481944444444
26,114.0,1.14,72,619.1,56872.48263888889
27,129.0,1.16,72,619.1,56872.48333333333
24,126.0,1.17,73,619.2,56872.48402777778
26,131.0,1.17,73,619.2,56872.48472222222
24,125.0,1.18,73,619.1,56872.48541666667
21,116.0,1.2,73,619.1,56872.48611111111
21,136.0,1.19,72,619.1,56872.486805555556
23,127.0,1.18,72,619.1,56872.4875
23,126.0,1.17,72,619.1,56872.48819444444
24,127.0,1.15,71,619.1,56872.48888888889
25,131.0,1.14,72,619.1,56872.489583333336
28,130.0,1.12,73,619.0,56872.490277777775
28,120.0,1.11,73,619.0,56872.49097222222
25,117.0,1.11,73,619.0,56872.49166666667
23,136.0,1.11,73,619.1,56872.49236111111
26,126.0,1.11,73,619.0,56872.493055555555
28,126.0,1.11,73,619.0,56872.49375
26,129.0,1.12,72,619.0,56872.49444444444
23,131.0,1.13,72,619.0,56872.49513888889
26,125.0,1.13,72,619.0,56872.495833333334
29,118.0,1.12,73,619.0,56872.49652777778
26,118.0,1.12,73,618.9,56872.49722222222
24,124.0,1.11,72,619.0,56872.49791666667
24,123.0,1.08,72,619.0,56872.498611111114
27,123.0,1.08,72,619.0,56872.49930555555
27,124.0,1.08,72,619.0,56872.5
24,143.0,1.08,72,619.0,56872.50069444445
21,113.0,1.08,71,619.0,56872.501388888886
24,144.0,1.08,72,619.0,56872.50208333333
25,132.0,1.09,73,618.9,56872.50277777778
22,129.0,1.1,73,618.9,56872.50347222222
27,122.0,1.1,73,618.9,56872.504166666666
24,115.0,1.11,74,619.0,56872.50486111111
24,102.0,1.11,74,618.9,56872.50555555556
27,125.0,1.11,74,618.9,56872.50625
29,124.0,1.1,73,618.9,56872.506944444445
29,124.0,1.08,73,618.9,56872.50763888889
27,123.0,1.08,73,618.9,56872.50833333333
23,126.0,1.09,73,619.0,56872.50902777778
25,126.0,1.08,73,619.0,56872.509722222225
27,113.0,1.08,73,619.0,56872.510416666664
25,110.0,1.08,74,619.0,56872.51111111111
25,118.0,1.08,73,619.0,56872.51180555556
25,130.0,1.08,73,619.1,56872.5125
25,125.0,1.08,74,619.1,56872.513194444444
26,124.0,1.08,74,619.0,56872.51388888889
23,120.0,1.09,74,619.0,56872.51458333333
24,126.0,1.11,74,619.1,56872.51527777778
24,132.0,1.11,74,619.1,56872.51597222222
20,116.0,1.11,74,619.1,56872.51666666667
21,127.0,1.11,75,619.1,56872.51736111111
21,123.0,1.11,74,619.1,56872.518055555556
22,110.0,1.1,74,619.1,56872.51875
20,124.0,1.08,74,619.1,56872.51944444444
21,122.0,1.07,75,619.0,56872.52013888889
20,129.0,1.05,75,619.1,56872.520833333336
19,138.0,1.03,75,619.0,56872.521527777775
19,130.0,1.01,75,619.0,56872.52222222222
19,123.0,0.98,76,619.0,56872.52291666667
19,132.0,0.95,76,619.0,56872.52361111111
18,125.0,0.91,76,619.0,56872.524305555555
16,123.0,0.87,76,619.0,56872.525
22,128.0,0.82,76,618.9,56872.52569444444
22,135.0,0.8,77,618.9,56872.52638888889
20,131.0,0.79,76,618.9,56872.527083333334
17,127.0,0.78,76,619.0,56872.52777777778
20,136.0,0.77,76,618.9,56872.52847222222
19,138.0,0.76,75,618.8,56872.52916666667
19,119.0,0.74,75,618.8,56872.529861111114
20,134.0,0.71,76,618.8,56872.53055555555
22,134.0,0.7,77,618.9,56872.53125
19,132.0,0.68,78,618.9,56872.53194444445
22,117.0,0.68,77,618.8,56872.532638888886
20,125.0,0.67,77,618.8,56872.53333333333
20,110.0,0.67,77,618.8,56872.53402777778
21,117.0,0.67,77,618.8,56872.53472222222
20,133.0,0.68,78,618.8,56872.535416666666
21,125.0,0.68,78,618.9,56872.53611111111
19,132.0,0.69,78,618.9,56872.53680555556
20,116.0,0.71,78,618.9,56872.5375
20,139.0,0.72,78,618.8,56872.538194444445
22,120.0,0.74,78,618.8,56872.53888888889
19,126.0,0.74,77,618.8,56872.53958333333
19,121.0,0.74,77,618.8,56872.54027777778
21,134.0,0.74,78,618.8,56872.540972222225
21,122.0,0.74,78,618.8,56872.541666666664
18,131.0,0.74,78,618.8,56872.54236111111
17,126.0,0.73,78,618.8,56872.54305555556
17,134.0,0.71,78,618.8,56872.54375
21,145.0,0.69,78,618.8,56872.544444444444
21,130.0,0.68,78,618.8,56872.54513888889
19,125.0,0.68,78,618.8,56872.54583333333
19,125.0,0.69,79,618.8,56872.54652777778
19,130.0,0.7,79,618.9,56872.54722222222
20,130.0,0.7,79,618.9,56872.54791666667
21,130.0,0.71,79,618.8,56872.54861111111
20,127.0,0.71,79,618.8,56872.549305555556
20,130.0,0.71,78,618.8,56872.55
18,130.0,0.71,78,618.9,56872.55069444444
22,126.0,0.71,78,618.8,56872.55138888889
22,127.0,0.73,79,618.8,56872.552083333336
22,134.0,0.74,79,618.8,56872.552777777775
21,120.0,0.75,78,618.8,56872.55347222222
22,132.0,0.77,78,618.8,56872.55416666667
21,131.0,0.77,78,618.8,56872.55486111111
23,137.0,0.78,78,618.8,56872.555555555555
21,119.0,0.8,78,618.8,56872.55625
21,143.0,0.81,78,618.9,56872.55694444444
21,125.0,0.82,78,618.9,56872.55763888889
23,125.0,0.82,77,618.8,56872.558333333334
21,131.0,0.81,77,618.9,56872.55902777778
20,134.0,0.82,78,618.9,56872.55972222222
22,129.0,0.83,78,618.8,56872.56041666667
23,129.0,0.82,78,618.8,56872.561111111114
23,129.0,0.81,78,618.8,56872.56180555555
23,117.0,0.81,77,618.8,56872.5625
22,129.0,0.8,77,618.8,56872.56319444445
23,133.0,0.82,77,618.8,56872.563888888886
22,121.0,0.83,77,618.8,56872.56458333333
21,137.0,0.83,77,618.8,56872.56527777778
18,126.0,0.83,77,618.8,56872.56597222222
22,122.0,0.83,77,618.8,56872.566666666666
22,135.0,0.83,77,618.7,56872.56736111111
22,114.0,0.81,77,618.7,56872.56805555556
20,123.0,0.8,77,618.8,56872.56875
21,129.0,0.8,77,618.8,56872.569444444445
21,132.0,0.8,77,618.7,56872.57013888889
22,134.0,0.8,78,618.7,56872.57083333333
22,111.0,0.78,78,618.7,56872.57152777778
23,135.0,0.77,78,618.8,56872.572222222225
22,132.0,0.77,78,618.8,56872.572916666664
22,123.0,0.77,78,618.7,56872.57361111111
24,119.0,0.78,79,618.7,56872.57430555556
23,133.0,0.79,79,618.7,56872.575
22,124.0,0.8,79,618.7,56872.575694444444
22,135.0,0.8,79,618.7,56872.57638888889
22,131.0,0.8,79,618.7,56872.57708333333
22,126.0,0.8,79,618.7,56872.57777777778
22,128.0,0.8,79,618.7,56872.57847222222
21,97.0,0.78,79,618.7,56872.57916666667
20,127.0,0.77,79,618.8,56872.57986111111
22,130.0,0.76,79,618.8,56872.580555555556
20,133.0,0.75,79,618.8,56872.58125
22,133.0,0.74,79,618.8,56872.58194444444
22,131.0,0.74,79,618.8,56872.58263888889
20,129.0,0.74,79,618.7,56872.583333333336
20,125.0,0.74,79,618.7,56872.584027777775
21,129.0,0.74,79,618.7,56872.58472222222
24,130.0,0.74,79,618.6,56872.58541666667
23,118.0,0.74,79,618.6,56872.58611111111
24,119.0,0.74,79,618.7,56872.586805555555
21,124.0,0.76,80,618.7,56872.5875
19,127.0,0.77,79,618.8,56872.58819444444
20,127.0,0.75,79,618.8,56872.58888888889
21,116.0,0.74,80,618.7,56872.589583333334
23,123.0,0.71,80,618.7,56872.59027777778
22,132.0,0.71,80,618.6,56872.59097222222
20,130.0,0.71,80,618.6,56872.59166666667
20,104.0,0.7,80,618.6,56872.592361111114
21,116.0,0.69,80,618.7,56872.59305555555
21,129.0,0.68,80,618.7,56872.59375
20,125.0,0.66,80,618.7,56872.59444444445
21,127.0,0.65,81,618.7,56872.595138888886
21,135.0,0.63,81,618.7,56872.59583333333
23,128.0,0.62,81,618.7,56872.59652777778
22,131.0,0.62,81,618.6,56872.59722222222
23,122.0,0.62,81,618.7,56872.597916666666
22,96.0,0.62,81,618.7,56872.59861111111
22,135.0,0.61,81,618.6,56872.59930555556
24,126.0,0.61,81,618.6,56872.6
23,130.0,0.61,81,618.6,56872.600694444445
23,123.0,0.6,81,618.6,56872.60138888889
23,124.0,0.59,81,618.7,56872.60208333333
22,126.0,0.59,81,618.7,56872.60277777778
23,123.0,0.59,80,618.7,56872.603472222225
23,124.0,0.57,80,618.7,56872.604166666664
22,127.0,0.56,80,618.7,56872.60486111111
21,123.0,0.56,80,618.8,56872.60555555556
22,125.0,0.53,80,618.8,56872.60625
24,130.0,0.52,80,618.7,56872.606944444444
23,131.0,0.5,81,618.7,56872.60763888889
23,125.0,0.5,81,618.8,56872.60833333333
22,127.0,0.5,82,618.7,56872.60902777778
22,122.0,0.5,82,618.8,56872.60972222222
25,132.0,0.5,81,618.7,56872.61041666667
23,137.0,0.5,81,618.7,56872.61111111111
20,127.0,0.51,81,618.7,56872.611805555556
21,119.0,0.53,81,618.7,56872.6125
24,121.0,0.53,81,618.7,56872.61319444444
24,125.0,0.53,81,618.7,56872.61388888889
22,129.0,0.53,81,618.7,56872.614583333336
22,118.0,0.53,80,618.7,56872.615277777775
22,121.0,0.53,80,618.7,56872.61597222222
22,117.0,0.52,80,618.7,56872.61666666667
23,130.0,0.51,80,618.7,56872.61736111111
23,121.0,0.5,81,618.7,56872.618055555555
23,122.0,0.5,81,618.7,56872.61875
23,137.0,0.5,81,618.7,56872.61944444444
21,130.0,0.48,81,618.7,56872.62013888889
25,121.0,0.47,80,618.7,56872.620833333334
25,123.0,0.45,80,618.7,56872.62152777778
27,125.0,0.44,81,618.7,56872.62222222222
26,133.0,0.44,81,618.7,56872.62291666667
27,128.0,0.44,81,618.8,56872.623611111114
27,129.0,0.44,81,618.8,56872.62430555555
26,125.0,0.44,81,618.8,56872.625
26,122.0,0.44,81,618.8,56872.62569444445
26,127.0,0.44,81,618.8,56872.626388888886
25,120.0,0.43,81,618.7,56872.62708333333
23,125.0,0.43,81,618.8,56872.62777777778
24,124.0,0.43,81,618.8,56872.62847222222
26,133.0,0.41,81,618.7,56872.629166666666
25,126.0,0.41,81,618.7,56872.62986111111
27,124.0,0.41,80,618.6,56872.63055555556
25,123.0,0.41,81,618.7,56872.63125
26,120.0,0.4,82,618.7,56872.631944444445
24,123.0,0.4,82,618.7,56872.63263888889
24,122.0,0.39,82,618.7,56872.63333333333
26,125.0,0.38,82,618.7,56872.63402777778
27,118.0,0.37,82,618.7,56872.634722222225
26,129.0,0.36,82,618.6,56872.635416666664
26,125.0,0.35,82,618.7,56872.63611111111
26,125.0,0.36,82,618.6,56872.63680555556
27,127.0,0.37,82,618.6,56872.6375
27,126.0,0.37,82,618.6,56872.638194444444
27,127.0,0.37,81,618.7,56872.63888888889
27,126.0,0.38,82,618.7,56872.63958333333
26,131.0,0.38,82,618.7,56872.64027777778
25,126.0,0.4,82,618.7,56872.64097222222
25,131.0,0.4,81,618.7,56872.64166666667
25,130.0,0.41,81,618.6,56872.64236111111
25,130.0,0.42,82,618.7,56872.643055555556
26,147.0,0.43,82,618.7,56872.64375
25,123.0,0.44,81,618.7,56872.64444444444
25,130.0,0.44,81,618.7,56872.64513888889
25,124.0,0.43,81,618.7,56872.645833333336
25,126.0,0.42,82,618.8,56872.646527777775
22,118.0,0.41,82,618.7,56872.64722222222
28,126.0,0.39,82,618.6,56872.64791666667
27,130.0,0.39,82,618.7,56872.64861111111
25,121.0,0.39,82,618.7,56872.649305555555
24,126.0,0.39,82,618.7,56872.65
23,129.0,0.38,81,618.8,56872.65069444444
28,126.0,0.37,82,618.8,56872.65138888889
25,122.0,0.36,82,618.8,56872.652083333334
24,123.0,0.35,82,618.8,56872.65277777778
23,124.0,0.35,82,618.9,56872.65347222222
21,127.0,0.35,81,618.9,56872.65416666667
23,127.0,0.34,81,618.8,56872.654861111114
24,126.0,0.32,80,618.8,56872.65555555555
27,129.0,0.31,79,618.8,56872.65625
25,138.0,0.3,79,618.8,56872.65694444445
21,116.0,0.32,80,618.9,56872.657638888886
19,125.0,0.33,81,618.9,56872.65833333333
22,126.0,0.34,82,618.9,56872.65902777778
26,124.0,0.34,82,618.8,56872.65972222222
26,128.0,0.35,82,618.9,56872.660416666666
25,125.0,0.35,83,618.9,56872.66111111111
24,120.0,0.35,83,619.0,56872.66180555556
22,120.0,0.35,83,619.0,56872.6625
24,119.0,0.37,83,619.0,56872.663194444445
24,124.0,0.38,83,619.0,56872.66388888889
20,121.0,0.38,83,619.0,56872.66458333333
21,120.0,0.38,83,619.0,56872.66527777778
23,138.0,0.38,82,618.9,56872.665972222225
22,128.0,0.38,82,618.9,56872.666666666664
24,125.0,0.38,81,618.9,56872.66736111111
23,131.0,0.38,81,618.9,56872.66805555556
22,125.0,0.4,81,619.0,56872.66875
21,125.0,0.42,81,619.0,56872.669444444444
22,141.0,0.45,81,619.0,56872.67013888889
23,110.0,0.49,83,619.0,56872.67083333333
23,126.0,0.51,83,619.0,56872.67152777778
21,96.0,0.53,83,619.0,56872.67222222222
22,129.0,0.53,82,619.0,56872.67291666667
25,119.0,0.55,83,618.9,56872.67361111111
25,125.0,0.56,83,619.0,56872.674305555556
26,128.0,0.56,83,619.0,56872.675
24,129.0,0.56,84,619.0,56872.67569444444
22,118.0,0.57,83,619.0,56872.67638888889
22,118.0,0.58,82,619.0,56872.677083333336
23,125.0,0.59,81,619.1,56872.677777777775
22,145.0,0.6,80,619.1,56872.67847222222
20,122.0,0.63,81,619.1,56872.67916666667
21,109.0,0.67,81,619.1,56872.67986111111
23,128.0,0.69,82,619.1,56872.680555555555
23,127.0,0.71,81,619.1,56872.68125
23,126.0,0.73,81,619.1,56872.68194444444
23,112.0,0.76,81,619.1,56872.68263888889
22,104.0,0.78,81,619.1,56872.683333333334
22,115.0,0.8,82,619.1,56872.68402777778
24,132.0,0.83,83,619.1,56872.68472222222
25,127.0,0.83,83,619.0,56872.68541666667
27,120.0,0.84,82,619.1,56872.686111111114
22,137.0,0.85,80,619.2,56872.68680555555
22,122.0,0.88,80,619.2,56872.6875
21,119.0,0.91,82,619.2,56872.68819444445
21,116.0,0.93,81,619.2,56872.688888888886
25,111.0,0.93,79,619.1,56872.68958333333
28,125.0,0.95,75,619.1,56872.69027777778
24,116.0,0.99,73,619.2,56872.69097222222
21,126.0,1.08,78,619.2,56872.691666666666
21,123.0,1.13,80,619.2,56872.69236111111
23,122.0,1.15,81,619.2,56872.69305555556
24,130.0,1.15,79,619.2,56872.69375
28,121.0,1.15,76,619.2,56872.694444444445
26,122.0,1.17,72,619.3,56872.69513888889
23,125.0,1.23,75,619.3,56872.69583333333
21,128.0,1.29,78,619.3,56872.69652777778
19,109.0,1.32,80,619.3,56872.697222222225
21,127.0,1.32,81,619.3,56872.697916666664
24,124.0,1.3,81,619.3,56872.69861111111
23,127.0,1.28,81,619.3,56872.69930555556
21,117.0,1.26,80,619.4,56872.7
22,125.0,1.24,80,619.3,56872.700694444444
22,130.0,1.23,80,619.3,56872.70138888889
26,126.0,1.23,80,619.3,56872.70208333333
24,132.0,1.22,78,619.4,56872.70277777778
19,128.0,1.24,76,619.4,56872.70347222222
21,133.0,1.31,79,619.4,56872.70416666667
22,136.0,1.36,80,619.4,56872.70486111111
22,115.0,1.39,80,619.4,56872.705555555556
24,127.0,1.41,78,619.4,56872.70625
26,125.0,1.42,76,619.3,56872.70694444444
24,123.0,1.44,71,619.4,56872.70763888889
25,123.0,1.51,73,619.4,56872.708333333336
22,129.0,1.57,74,619.5,56872.709027777775
21,130.0,1.62,77,619.5,56872.70972222222
21,130.0,1.65,78,619.5,56872.71041666667
23,125.0,1.66,78,619.4,56872.71111111111
24,138.0,1.66,77,619.5,56872.711805555555
23,125.0,1.64,75,619.4,56872.7125
21,127.0,1.66,78,619.5,56872.71319444444
24,124.0,1.66,78,619.5,56872.71388888889
24,129.0,1.66,78,619.5,56872.714583333334
21,129.0,1.66,76,619.5,56872.71527777778
24,118.0,1.67,77,619.5,56872.71597222222
27,124.0,1.69,76,619.5,56872.71666666667
27,135.0,1.69,73,619.5,56872.717361111114
22,118.0,1.73,74,619.6,56872.71805555555
19,127.0,1.77,78,619.6,56872.71875
21,121.0,1.78,79,619.5,56872.71944444445
23,124.0,1.78,79,619.5,56872.720138888886
26,119.0,1.77,78,619.5,56872.72083333333
28,118.0,1.75,70,619.5,56872.72152777778
26,119.0,1.79,70,619.5,56872.72222222222
26,123.0,1.84,73,619.5,56872.722916666666
23,124.0,1.87,70,619.5,56872.72361111111
22,122.0,1.9,71,619.5,56872.72430555556
21,133.0,1.94,72,619.5,56872.725
22,115.0,1.98,75,619.5,56872.725694444445
25,124.0,2.0,75,619.5,56872.72638888889
27,125.0,2.02,74,619.5,56872.72708333333
27,119.0,2.04,73,619.5,56872.72777777778
25,125.0,2.05,76,619.5,56872.728472222225
23,121.0,2.05,75,619.5,56872.729166666664
23,115.0,2.04,76,619.6,56872.72986111111
22,120.0,2.02,76,619.6,56872.73055555556
22,130.0,1.99,75,619.5,56872.73125
24,126.0,1.99,77,619.5,56872.731944444444
22,120.0,1.98,71,619.6,56872.73263888889
21,110.0,2.01,72,619.6,56872.73333333333
23,122.0,2.07,77,619.6,56872.73402777778
22,133.0,2.1,76,619.6,56872.73472222222
21,127.0,2.13,76,619.6,56872.73541666667
21,128.0,2.15,77,619.6,56872.73611111111
24,117.0,2.15,75,619.6,56872.736805555556
24,128.0,2.15,73,619.6,56872.7375
28,128.0,2.16,65,619.6,56872.73819444444
21,133.0,2.21,65,619.6,56872.73888888889
21,127.0,2.28,68,619.6,56872.739583333336
21,123.0,2.33,72,619.6,56872.740277777775
23,118.0,2.37,71,619.6,56872.74097222222
25,120.0,2.39,68,619.6,56872.74166666667
28,130.0,2.43,66,619.6,56872.74236111111
28,117.0,2.48,64,619.7,56872.743055555555
27,124.0,2.56,61,619.7,56872.74375
23,125.0,2.65,59,619.7,56872.74444444444
20,115.0,2.76,65,619.7,56872.74513888889
23,117.0,2.83,71,619.7,56872.745833333334
27,121.0,2.85,72,619.6,56872.74652777778
31,126.0,2.84,67,619.6,56872.74722222222
30,121.0,2.84,58,619.6,56872.74791666667
28,125.0,2.9,56,619.6,56872.748611111114
25,124.0,2.97,57,619.6,56872.74930555555
24,136.0,3.03,60,619.7,56872.75
24,124.0,3.06,63,619.6,56872.75069444445
28,126.0,3.07,65,619.6,56872.751388888886
22,123.0,3.08,65,619.7,56872.75208333333
20,111.0,3.11,63,619.7,56872.75277777778
22,129.0,3.16,61,619.7,56872.75347222222
22,141.0,3.22,60,619.7,56872.754166666666
23,126.0,3.27,64,619.7,56872.75486111111
22,132.0,3.28,64,619.7,56872.75555555556
25,126.0,3.27,66,619.7,56872.75625
27,124.0,3.25,63,619.7,56872.756944444445
28,117.0,3.24,60,619.7,56872.75763888889
25,134.0,3.27,62,619.7,56872.75833333333
22,120.0,3.3,67,619.8,56872.75902777778
25,127.0,3.27,71,619.7,56872.759722222225
29,128.0,3.22,67,619.7,56872.760416666664
31,125.0,3.2,59,619.7,56872.76111111111
28,131.0,3.23,59,619.8,56872.76180555556
26,130.0,3.27,63,619.7,56872.7625
24,142.0,3.25,62,619.8,56872.763194444444
22,123.0,3.23,67,619.8,56872.76388888889
21,138.0,3.2,69,619.7,56872.76458333333
23,116.0,3.18,70,619.7,56872.76527777778
25,129.0,3.16,71,619.7,56872.76597222222
29,121.0,3.15,72,619.7,56872.76666666667
29,125.0,3.15,69,619.7,56872.76736111111
24,92.0,3.13,70,619.7,56872.768055555556
24,135.0,3.1,71,619.7,56872.76875
22,122.0,3.06,73,619.7,56872.76944444444
24,117.0,3.04,71,619.7,56872.77013888889
25,129.0,3.04,67,619.7,56872.770833333336
26,92.0,3.08,69,619.7,56872.771527777775
29,123.0,3.11,69,619.7,56872.77222222222
30,122.0,3.17,68,619.7,56872.77291666667
25,143.0,3.24,67,619.8,56872.77361111111
20,116.0,3.29,67,619.8,56872.774305555555
23,130.0,3.31,69,619.8,56872.775
29,124.0,3.33,70,619.7,56872.77569444444
29,126.0,3.32,66,619.7,56872.77638888889
26,129.0,3.3,65,619.7,56872.777083333334
27,130.0,3.29,64,619.7,56872.77777777778
25,124.0,3.27,66,619.7,56872.77847222222
28,127.0,3.25,65,619.7,56872.77916666667
32,132.0,3.23,60,619.7,56872.779861111114
28,121.0,3.25,63,619.7,56872.78055555555
26,129.0,3.29,64,619.8,56872.78125
29,125.0,3.33,67,619.8,56872.78194444445
29,104.0,3.37,68,619.8,56872.782638888886
31,125.0,3.39,62,619.8,56872.78333333333
28,119.0,3.46,66,619.8,56872.78402777778
26,130.0,3.5,67,619.9,56872.78472222222
26,119.0,3.5,68,619.9,56872.785416666666
31,113.0,3.49,66,619.8,56872.78611111111
28,115.0,3.49,62,619.8,56872.78680555556
27,125.0,3.51,64,619.8,56872.7875
30,124.0,3.53,67,619.8,56872.788194444445
31,124.0,3.55,67,619.8,56872.78888888889
30,127.0,3.55,63,619.8,56872.78958333333
27,121.0,3.58,65,619.9,56872.79027777778
26,133.0,3.59,64,619.9,56872.790972222225
29,133.0,3.61,65,619.9,56872.791666666664
30,122.0,3.63,66,619.8,56872.79236111111
28,127.0,3.66,65,619.8,56872.79305555556
31,124.0,3.69,65,619.8,56872.79375
32,124.0,3.7,65,619.8,56872.794444444444
32,125.0,3.73,64,619.8,56872.79513888889
28,121.0,3.76,62,619.8,56872.79583333333
28,124.0,3.78,62,619.9,56872.79652777778
27,126.0,3.78,58,619.9,56872.79722222222
27,125.0,3.81,62,619.9,56872.79791666667
29,128.0,3.84,62,619.8,56872.79861111111
30,124.0,3.85,63,619.8,56872.799305555556
29,121.0,3.85,64,619.9,56872.8
30,113.0,3.85,62,619.9,56872.80069444444
31,127.0,3.85,61,619.9,56872.80138888889
33,135.0,3.85,58,619.8,56872.802083333336
31,125.0,3.86,59,619.8,56872.802777777775
27,124.0,3.88,62,619.9,56872.80347222222
29,116.0,3.89,61,619.9,56872.80416666667
30,129.0,3.9,58,619.9,56872.80486111111
31,120.0,3.94,58,619.8,56872.805555555555
34,120.0,3.99,54,619.8,56872.80625
30,117.0,4.05,55,619.9,56872.80694444444
26,125.0,4.09,59,619.9,56872.80763888889
27,119.0,4.08,62,619.8,56872.808333333334
29,105.0,4.07,60,619.9,56872.80902777778
32,121.0,4.08,58,619.9,56872.80972222222
32,116.0,4.13,57,619.8,56872.81041666667
32,126.0,4.18,52,619.9,56872.811111111114
32,80.0,4.22,54,619.8,56872.81180555555
32,122.0,4.25,54,619.9,56872.8125
32,101.0,4.29,57,619.8,56872.81319444445
34,109.0,4.35,53,619.9,56872.813888888886
31,116.0,4.41,53,619.9,56872.81458333333
29,112.0,4.45,55,619.9,56872.81527777778
35,97.0,4.5,58,619.9,56872.81597222222
33,82.0,4.54,51,619.8,56872.816666666666
34,120.0,4.59,48,619.8,56872.81736111111
31,124.0,4.63,50,619.8,56872.81805555556
34,89.0,4.68,54,619.8,56872.81875
29,100.0,4.7,55,619.8,56872.819444444445
31,116.0,4.68,54,619.9,56872.82013888889
35,95.0,4.68,49,619.8,56872.82083333333
36,115.0,4.71,48,619.9,56872.82152777778
33,125.0,4.73,48,619.9,56872.822222222225
29,112.0,4.74,53,619.9,56872.822916666664
32,122.0,4.74,54,619.9,56872.82361111111
30,122.0,4.76,55,620.0,56872.82430555556
30,128.0,4.77,55,620.0,56872.825
36,123.0,4.8,51,619.8,56872.825694444444
36,114.0,4.83,43,619.8,56872.82638888889
34,122.0,4.9,49,619.8,56872.82708333333
35,109.0,4.93,52,619.8,56872.82777777778
33,107.0,4.92,50,619.9,56872.82847222222
32,107.0,4.92,52,620.0,56872.82916666667
31,121.0,4.88,47,619.9,56872.82986111111
31,126.0,4.89,48,619.9,56872.830555555556
33,111.0,4.91,49,619.9,56872.83125
32,105.0,4.92,51,619.8,56872.83194444444
29,111.0,4.94,54,619.9,56872.83263888889
32,115.0,4.98,52,619.9,56872.833333333336
35,125.0,5.04,52,619.9,56872.834027777775
30,120.0,5.1,51,620.0,56872.83472222222
27,127.0,5.12,53,619.9,56872.83541666667
28,102.0,5.11,52,619.9,56872.83611111111
32,111.0,5.11,52,619.9,56872.836805555555
36,103.0,5.12,47,619.8,56872.8375
36,103.0,5.15,49,619.8,56872.83819444444
35,123.0,5.17,52,619.6,56872.83888888889
32,115.0,5.14,53,619.8,56872.839583333334
33,107.0,5.08,51,619.8,56872.84027777778
34,102.0,5.03,47,619.8,56872.84097222222
32,124.0,5.0,45,619.9,56872.84166666667
30,103.0,4.98,50,619.9,56872.842361111114
33,135.0,4.96,49,619.9,56872.84305555555
36,121.0,4.97,50,619.8,56872.84375
37,94.0,5.0,51,619.9,56872.84444444445
35,103.0,5.05,52,619.9,56872.845138888886
33,90.0,5.1,50,619.9,56872.84583333333
35,113.0,5.15,46,619.8,56872.84652777778
37,111.0,5.19,48,619.9,56872.84722222222
34,110.0,5.23,50,619.8,56872.847916666666
34,123.0,5.24,49,619.8,56872.84861111111
36,100.0,5.26,51,619.8,56872.84930555556
38,119.0,5.26,51,619.8,56872.85
33,110.0,5.29,51,619.8,56872.850694444445
33,112.0,5.29,52,619.8,56872.85138888889
32,125.0,5.31,52,619.9,56872.85208333333
33,110.0,5.35,52,619.9,56872.85277777778
33,85.0,5.4,50,619.9,56872.853472222225
32,98.0,5.45,50,619.9,56872.854166666664
34,121.0,5.48,51,619.9,56872.85486111111
32,104.0,5.51,50,620.0,56872.85555555556
34,114.0,5.54,49,619.9,56872.85625
35,104.0,5.59,52,619.9,56872.856944444444
34,116.0,5.6,46,619.8,56872.85763888889
37,106.0,5.59,45,619.8,56872.85833333333
34,122.0,5.58,40,619.9,56872.85902777778
33,97.0,5.58,44,619.9,56872.85972222222
30,112.0,5.6,49,620.0,56872.86041666667
37,111.0,5.62,50,619.9,56872.86111111111
38,113.0,5.67,49,619.9,56872.861805555556
34,121.0,5.71,48,619.8,56872.8625
30,106.0,5.73,48,619.9,56872.86319444444
32,123.0,5.74,51,619.9,56872.86388888889
32,125.0,5.76,52,619.8,56872.864583333336
31,97.0,5.78,51,619.8,56872.865277777775
36,107.0,5.83,49,619.8,56872.86597222222
30,112.0,5.87,51,619.9,56872.86666666667
30,116.0,5.88,52,619.9,56872.86736111111
32,102.0,5.87,48,619.9,56872.868055555555
36,105.0,5.9,49,619.9,56872.86875
36,116.0,5.95,45,619.9,56872.86944444444
36,111.0,6.01,46,619.9,56872.87013888889
38,107.0,6.06,46,619.8,56872.870833333334
39,87.0,6.11,45,619.8,56872.87152777778
37,113.0,6.13,46,619.8,56872.87222222222
35,100.0,6.15,46,619.9,56872.87291666667
32,125.0,6.14,47,619.9,56872.873611111114
34,112.0,6.1,47,619.9,56872.87430555555
36,101.0,6.08,44,619.8,56872.875
35,110.0,6.08,45,619.8,56872.87569444445
36,117.0,6.07,49,619.8,56872.876388888886
39,111.0,6.08,50,619.7,56872.87708333333
35,115.0,6.06,50,619.7,56872.87777777778
32,105.0,6.0,48,619.8,56872.87847222222
36,84.0,5.96,47,619.8,56872.879166666666
36,100.0,5.96,45,619.8,56872.87986111111
33,126.0,5.99,49,619.8,56872.88055555556
33,102.0,6.04,51,619.9,56872.88125
35,98.0,6.09,50,619.9,56872.881944444445
38,105.0,6.13,46,619.8,56872.88263888889
40,108.0,6.22,46,619.8,56872.88333333333
37,103.0,6.33,45,619.8,56872.88402777778
35,106.0,6.39,48,619.7,56872.884722222225
38,109.0,6.39,47,619.7,56872.885416666664
40,106.0,6.39,49,619.7,56872.88611111111
41,105.0,6.4,50,619.8,56872.88680555556
37,101.0,6.42,50,619.8,56872.8875
30,98.0,6.38,49,619.9,56872.888194444444
33,113.0,6.3,48,619.8,56872.88888888889
38,103.0,6.24,48,619.7,56872.88958333333
39,100.0,6.21,48,619.8,56872.89027777778
36,107.0,6.2,49,619.8,56872.89097222222
33,104.0,6.18,48,619.8,56872.89166666667
39,105.0,6.18,47,619.8,56872.89236111111
39,103.0,6.21,47,619.9,56872.893055555556
37,110.0,6.25,46,619.9,56872.89375
36,136.0,6.29,46,619.7,56872.89444444444
35,122.0,6.31,46,619.8,56872.89513888889
31,101.0,6.29,46,619.9,56872.895833333336
30,105.0,6.23,46,620.0,56872.896527777775
32,95.0,6.19,47,620.0,56872.89722222222
36,113.0,6.18,47,619.9,56872.89791666667
33,115.0,6.2,49,619.9,56872.89861111111
34,112.0,6.21,51,619.9,56872.899305555555
38,105.0,6.23,48,619.8,56872.9
39,91.0,6.26,49,619.9,56872.90069444444
38,105.0,6.28,46,620.0,56872.90138888889
32,130.0,6.32,43,620.0,56872.902083333334
32,104.0,6.36,45,620.0,56872.90277777778
30,119.0,6.38,45,620.0,56872.90347222222
27,97.0,6.37,48,620.0,56872.90416666667
33,112.0,6.35,46,619.9,56872.904861111114
32,105.0,6.37,46,619.9,56872.90555555555
35,106.0,6.41,48,619.8,56872.90625
37,100.0,6.44,47,619.7,56872.90694444445
38,110.0,6.45,47,619.8,56872.907638888886
37,105.0,6.45,47,619.8,56872.90833333333
34,105.0,6.43,45,619.9,56872.90902777778
31,105.0,6.42,45,619.9,56872.90972222222
34,108.0,6.45,45,619.9,56872.910416666666
36,114.0,6.5,45,619.8,56872.91111111111
36,105.0,6.55,47,619.8,56872.91180555556
39,109.0,6.55,45,619.8,56872.9125
37,108.0,6.54,45,619.7,56872.913194444445
33,109.0,6.55,48,619.7,56872.91388888889
41,100.0,6.57,46,619.8,56872.91458333333
38,119.0,6.61,44,619.8,56872.91527777778
38,120.0,6.65,46,619.8,56872.915972222225
38,113.0,6.69,47,619.7,56872.916666666664
38,114.0,6.69,48,619.8,56872.91736111111
34,105.0,6.66,47,619.8,56872.91805555556
39,109.0,6.64,46,619.8,56872.91875
35,108.0,6.63,45,619.9,56872.919444444444
38,125.0,6.64,44,619.8,56872.92013888889
36,97.0,6.68,42,619.8,56872.92083333333
41,122.0,6.73,45,619.7,56872.92152777778
37,106.0,6.76,48,619.7,56872.92222222222
41,101.0,6.78,43,619.7,56872.92291666667
42,117.0,6.81,44,619.7,56872.92361111111
43,118.0,6.89,45,619.7,56872.924305555556
38,106.0,6.95,45,619.8,56872.925
37,109.0,6.96,43,619.9,56872.92569444444
39,100.0,6.94,44,619.8,56872.92638888889
39,113.0,6.94,43,619.8,56872.927083333336
37,112.0,6.93,43,619.8,56872.927777777775
34,113.0,6.88,42,619.8,56872.92847222222
38,117.0,6.83,43,619.8,56872.92916666667
36,125.0,6.8,43,619.6,56872.92986111111
35,107.0,6.78,44,619.7,56872.930555555555
37,106.0,6.75,46,619.8,56872.93125
42,99.0,6.77,44,619.7,56872.93194444444
41,93.0,6.84,44,619.7,56872.93263888889
39,125.0,6.9,45,619.7,56872.933333333334
42,105.0,6.95,40,619.8,56872.93402777778
39,105.0,6.99,43,619.8,56872.93472222222
36,115.0,7.0,47,619.8,56872.93541666667
41,107.0,6.98,45,619.7,56872.936111111114
38,125.0,6.96,41,619.7,56872.93680555555
39,108.0,6.96,42,619.6,56872.9375
41,98.0,6.96,42,619.6,56872.93819444445
39,123.0,6.96,43,619.7,56872.938888888886
37,98.0,6.97,43,619.8,56872.93958333333
41,103.0,7.01,43,619.8,56872.94027777778
39,128.0,7.08,41,619.7,56872.94097222222
35,135.0,7.1,42,619.7,56872.941666666666
36,100.0,7.07,42,619.7,56872.94236111111
37,105.0,7.02,43,619.8,56872.94305555556
38,103.0,6.98,42,619.8,56872.94375
37,103.0,6.94,42,619.9,56872.944444444445
34,104.0,6.89,43,619.9,56872.94513888889
38,114.0,6.88,44,619.8,56872.94583333333
37,95.0,6.87,44,619.7,56872.94652777778
39,92.0,6.82,43,619.7,56872.947222222225
39,103.0,6.78,45,619.8,56872.947916666664
38,102.0,6.77,44,619.8,56872.94861111111
39,113.0,6.79,44,619.8,56872.94930555556
39,121.0,6.81,43,619.6,56872.95
39,103.0,6.85,44,619.6,56872.950694444444
37,97.0,6.87,44,619.7,56872.95138888889
38,102.0,6.88,44,619.8,56872.95208333333
39,98.0,6.88,44,619.7,56872.95277777778
34,117.0,6.85,45,619.7,56872.95347222222
36,113.0,6.82,46,619.7,56872.95416666667
37,117.0,6.76,45,619.6,56872.95486111111
37,109.0,6.71,46,619.6,56872.955555555556
33,98.0,6.64,46,619.6,56872.95625
39,110.0,6.56,44,619.7,56872.95694444444
34,117.0,6.47,43,619.7,56872.95763888889
32,97.0,6.4,44,619.7,56872.958333333336
35,102.0,6.33,45,619.7,56872.959027777775
34,119.0,6.28,49,619.7,56872.95972222222
39,98.0,6.26,49,619.7,56872.96041666667
38,102.0,6.28,48,619.7,56872.96111111111
36,113.0,6.33,49,619.8,56872.961805555555
35,110.0,6.4,48,619.7,56872.9625
33,101.0,6.44,45,619.8,56872.96319444444
32,95.0,6.48,48,619.8,56872.96388888889
33,108.0,6.49,50,619.8,56872.964583333334
37,99.0,6.51,47,619.7,56872.96527777778
34,102.0,6.51,48,619.8,56872.96597222222
37,107.0,6.5,44,619.8,56872.96666666667
36,115.0,6.48,43,619.8,56872.967361111114
35,101.0,6.47,44,619.8,56872.96805555555
33,126.0,6.45,43,619.8,56872.96875
31,101.0,6.41,45,619.8,56872.96944444445
28,130.0,6.35,46,619.9,56872.970138888886
31,116.0,6.29,47,619.8,56872.97083333333
35,112.0,6.27,47,619.8,56872.97152777778
34,105.0,6.27,48,619.8,56872.97222222222
40,101.0,6.29,45,619.7,56872.972916666666
39,102.0,6.34,44,619.7,56872.97361111111
40,113.0,6.42,43,619.8,56872.97430555556
33,94.0,6.48,46,619.8,56872.975
35,113.0,6.48,46,619.8,56872.975694444445
36,103.0,6.45,46,619.8,56872.97638888889
33,103.0,6.4,46,619.9,56872.97708333333
29,113.0,6.36,47,619.9,56872.97777777778
33,113.0,6.31,45,619.8,56872.978472222225
31,108.0,6.28,46,619.8,56872.979166666664
35,111.0,6.27,45,619.8,56872.97986111111
33,100.0,6.26,46,619.7,56872.98055555556
36,121.0,6.25,45,619.7,56872.98125
33,116.0,6.24,45,619.7,56872.981944444444
33,118.0,6.23,43,619.7,56872.98263888889
35,105.0,6.24,46,619.7,56872.98333333333
32,97.0,6.28,44,619.7,56872.98402777778
30,96.0,6.3,46,619.8,56872.98472222222
32,109.0,6.33,47,619.7,56872.98541666667
35,96.0,6.39,45,619.8,56872.98611111111
36,98.0,6.43,47,619.7,56872.986805555556
35,100.0,6.49,49,619.7,56872.9875
33,101.0,6.56,49,619.7,56872.98819444444
36,107.0,6.61,49,619.7,56872.98888888889
35,111.0,6.68,47,619.7,56872.989583333336
33,107.0,6.74,45,619.8,56872.990277777775
35,105.0,6.76,40,619.8,56872.99097222222
33,119.0,6.77,42,619.8,56872.99166666667
32,104.0,6.76,43,619.8,56872.99236111111
34,108.0,6.75,46,619.7,56872.993055555555
38,94.0,6.73,46,619.7,56872.99375
35,108.0,6.72,44,619.7,56872.99444444444
37,102.0,6.73,48,619.6,56872.99513888889
38,121.0,6.75,46,619.6,56872.995833333334
37,98.0,6.73,43,619.6,56872.99652777778
34,102.0,6.7,45,619.7,56872.99722222222
33,115.0,6.66,46,619.6,56872.99791666667
36,104.0,6.62,42,619.6,56872.998611111114
34,104.0,6.6,42,619.6,56872.99930555555
33,118.0,6.63,47,619.6,56873.0
34,99.0,6.68,46,619.6,56873.00069444445
37,117.0,6.73,45,619.5,56873.001388888886
35,118.0,6.75,46,619.5,56873.00208333333
35,100.0,6.7,46,619.5,56873.00277777778
33,108.0,6.62,42,619.6,56873.00347222222
29,107.0,6.57,45,619.7,56873.004166666666
30,101.0,6.54,42,619.7,56873.00486111111
24,110.0,6.54,42,619.7,56873.00555555556
36,103.0,6.55,42,619.6,56873.00625
37,106.0,6.59,43,619.6,56873.006944444445
35,105.0,6.63,46,619.5,56873.00763888889
36,105.0,6.63,46,619.5,56873.00833333333
33,103.0,6.61,44,619.5,56873.00902777778
30,113.0,6.57,44,619.6,56873.009722222225
30,113.0,6.5,44,619.6,56873.010416666664
29,104.0,6.43,42,619.6,56873.01111111111
30,116.0,6.39,44,619.6,56873.01180555556
28,113.0,6.38,45,619.6,56873.0125
34,107.0,6.39,44,619.6,56873.013194444444
38,104.0,6.44,41,619.6,56873.01388888889
28,96.0,6.48,46,619.6,56873.01458333333
27,112.0,6.48,49,619.6,56873.01527777778
32,95.0,6.45,44,619.6,56873.01597222222
28,109.0,6.42,45,619.6,56873.01666666667
34,102.0,6.42,46,619.5,56873.01736111111
35,95.0,6.44,45,619.5,56873.018055555556
35,105.0,6.46,43,619.5,56873.01875
34,105.0,6.51,40,619.5,56873.01944444444
31,101.0,6.56,41,619.5,56873.02013888889
31,120.0,6.55,42,619.5,56873.020833333336
33,103.0,6.56,45,619.5,56873.021527777775
29,117.0,6.57,45,619.6,56873.02222222222
29,109.0,6.56,45,619.5,56873.02291666667
28,95.0,6.53,43,619.5,56873.02361111111
27,113.0,6.49,42,619.5,56873.024305555555
31,107.0,6.49,43,619.5,56873.025
32,81.0,6.51,44,619.4,56873.02569444444
38,102.0,6.53,43,619.4,56873.02638888889
33,116.0,6.54,42,619.5,56873.027083333334
23,117.0,6.51,46,619.6,56873.02777777778
28,104.0,6.45,45,619.5,56873.02847222222
35,108.0,6.37,42,619.5,56873.02916666667
36,105.0,6.34,41,619.5,56873.029861111114
30,111.0,6.34,41,619.5,56873.03055555555
25,95.0,6.33,44,619.5,56873.03125
34,104.0,6.32,44,619.3,56873.03194444445
37,103.0,6.32,44,619.3,56873.032638888886
30,90.0,6.32,46,619.4,56873.03333333333
30,115.0,6.33,46,619.5,56873.03402777778
28,105.0,6.34,45,619.5,56873.03472222222
33,92.0,6.37,46,619.4,56873.035416666666
37,108.0,6.41,44,619.3,56873.03611111111
30,115.0,6.44,45,619.4,56873.03680555556
36,109.0,6.45,43,619.3,56873.0375
35,108.0,6.48,43,619.3,56873.038194444445
34,106.0,6.49,44,619.3,56873.03888888889
32,99.0,6.48,46,619.5,56873.03958333333
33,113.0,6.47,43,619.5,56873.04027777778
33,122.0,6.45,41,619.4,56873.040972222225
31,101.0,6.45,43,619.3,56873.041666666664
30,104.0,6.43,44,619.3,56873.04236111111
39,111.0,6.41,44,619.2,56873.04305555556
35,117.0,6.41,45,619.3,56873.04375
31,119.0,6.38,45,619.3,56873.044444444444
31,106.0,6.33,48,619.3,56873.04513888889
37,101.0,6.27,40,619.2,56873.04583333333
33,109.0,6.26,41,619.3,56873.04652777778
34,113.0,6.25,43,619.3,56873.04722222222
30,105.0,6.23,44,619.4,56873.04791666667
32,108.0,6.22,44,619.3,56873.04861111111
41,105.0,6.25,43,619.3,56873.049305555556
39,114.0,6.32,44,619.3,56873.05
27,115.0,6.35,44,619.4,56873.05069444444
31,100.0,6.32,43,619.4,56873.05138888889
40,108.0,6.29,41,619.3,56873.052083333336
31,112.0,6.27,43,619.4,56873.052777777775
30,94.0,6.26,43,619.3,56873.05347222222
35,117.0,6.25,41,619.4,56873.05416666667
32,90.0,6.26,41,619.4,56873.05486111111
38,106.0,6.25,43,619.2,56873.055555555555
34,122.0,6.26,42,619.3,56873.05625
23,100.0,6.25,43,619.4,56873.05694444444
33,113.0,6.23,47,619.4,56873.05763888889
34,90.0,6.19,45,619.3,56873.058333333334
35,121.0,6.16,46,619.4,56873.05902777778
37,107.0,6.16,47,619.2,56873.05972222222
35,109.0,6.16,40,619.3,56873.06041666667
32,103.0,6.17,44,619.3,56873.061111111114
36,102.0,6.18,42,619.3,56873.06180555555
41,102.0,6.21,43,619.3,56873.0625
36,105.0,6.25,44,619.3,56873.06319444445
31,101.0,6.24,43,619.5,56873.063888888886
25,106.0,6.21,46,619.5,56873.06458333333
32,95.0,6.17,46,619.4,56873.06527777778
31,114.0,6.15,44,619.4,56873.06597222222
30,106.0,6.15,43,619.3,56873.066666666666
33,104.0,6.15,44,619.3,56873.06736111111
29,102.0,6.14,44,619.4,56873.06805555556
36,102.0,6.13,42,619.3,56873.06875
34,104.0,6.14,44,619.3,56873.069444444445
35,106.0,6.14,40,619.3,56873.07013888889
37,104.0,6.14,46,619.2,56873.07083333333
37,105.0,6.11,44,619.2,56873.07152777778
38,106.0,6.08,40,619.3,56873.072222222225
26,106.0,6.04,43,619.5,56873.072916666664
25,118.0,5.97,45,619.4,56873.07361111111
34,104.0,5.9,44,619.3,56873.07430555556
34,105.0,5.88,43,619.3,56873.075
30,104.0,5.88,45,619.4,56873.075694444444
30,112.0,5.85,44,619.3,56873.07638888889
29,99.0,5.81,44,619.4,56873.07708333333
32,110.0,5.78,45,619.3,56873.07777777778
34,99.0,5.77,45,619.2,56873.07847222222
35,110.0,5.79,44,619.3,56873.07916666667
32,107.0,5.8,43,619.3,56873.07986111111
22,122.0,5.77,44,619.4,56873.080555555556
28,105.0,5.73,44,619.4,56873.08125
32,101.0,5.69,44,619.3,56873.08194444444
32,101.0,5.66,46,619.3,56873.08263888889
36,95.0,5.65,43,619.3,56873.083333333336
28,109.0,5.66,42,619.3,56873.084027777775
35,101.0,5.66,41,619.4,56873.08472222222
28,125.0,5.66,36,619.4,56873.08541666667
25,114.0,5.67,40,619.4,56873.08611111111
26,106.0,5.67,45,619.3,56873.086805555555
29,122.0,5.68,47,619.4,56873.0875
28,110.0,5.7,44,619.3,56873.08819444444
34,106.0,5.72,41,619.2,56873.08888888889
28,101.0,5.74,41,619.2,56873.089583333334
27,109.0,5.72,43,619.3,56873.09027777778
31,96.0,5.69,43,619.2,56873.09097222222
33,98.0,5.66,43,619.2,56873.09166666667
27,104.0,5.63,43,619.3,56873.092361111114
35,105.0,5.6,43,619.2,56873.09305555555
30,111.0,5.59,46,619.2,56873.09375
31,103.0,5.57,45,619.1,56873.09444444445
31,103.0,5.54,43,619.2,56873.095138888886
31,103.0,5.49,41,619.2,56873.09583333333
29,106.0,5.44,40,619.3,56873.09652777778
31,110.0,5.39,41,619.3,56873.09722222222
33,100.0,5.35,42,619.1,56873.097916666666
32,118.0,5.32,41,619.2,56873.09861111111
34,112.0,5.28,42,619.2,56873.09930555556
32,98.0,5.24,43,619.3,56873.1
32,105.0,5.2,42,619.2,56873.100694444445
27,98.0,5.16,43,619.2,56873.10138888889
25,104.0,5.12,45,619.2,56873.10208333333
34,102.0,5.07,43,619.1,56873.10277777778
31,116.0,5.05,45,619.2,56873.103472222225
28,108.0,5.05,46,619.2,56873.104166666664
30,95.0,5.05,46,619.2,56873.10486111111
31,103.0,5.05,44,619.2,56873.10555555556
30,94.0,5.05,43,619.2,56873.10625
29,112.0,5.06,44,619.2,56873.106944444444
28,103.0,5.07,44,619.2,56873.10763888889
35,107.0,5.08,42,619.2,56873.10833333333
33,98.0,5.09,44,619.2,56873.10902777778
28,104.0,5.1,45,619.2,56873.10972222222
26,107.0,5.07,45,619.2,56873.11041666667
30,107.0,5.02,41,619.2,56873.11111111111
31,121.0,5.0,45,619.1,56873.111805555556
26,106.0,4.95,46,619.2,56873.1125
33,98.0,4.91,46,619.1,56873.11319444444
28,100.0,4.87,45,619.2,56873.11388888889
29,106.0,4.83,48,619.2,56873.114583333336
32,107.0,4.8,47,619.2,56873.115277777775
29,103.0,4.78,46,619.2,56873.11597222222
29,114.0,4.75,45,619.2,56873.11666666667
22,102.0,4.7,49,619.2,56873.11736111111
30,110.0,4.65,47,619.2,56873.118055555555
32,103.0,4.6,46,619.2,56873.11875
31,104.0,4.59,45,619.1,56873.11944444444
29,107.0,4.59,47,619.1,56873.12013888889
30,91.0,4.57,46,619.2,56873.120833333334
33,108.0,4.54,42,619.2,56873.12152777778
25,91.0,4.53,44,619.2,56873.12222222222
24,112.0,4.53,46,619.2,56873.12291666667
33,107.0,4.5,46,619.1,56873.123611111114
32,90.0,4.47,47,619.1,56873.12430555555
30,100.0,4.44,45,619.2,56873.125
25,102.0,4.42,51,619.3,56873.12569444445
26,109.0,4.36,48,619.3,56873.126388888886
25,119.0,4.33,48,619.2,56873.12708333333
27,101.0,4.3,47,619.2,56873.12777777778
26,112.0,4.28,47,619.2,56873.12847222222
32,107.0,4.27,45,619.2,56873.129166666666
29,100.0,4.25,44,619.1,56873.12986111111
29,109.0,4.25,45,619.2,56873.13055555556
28,96.0,4.24,48,619.3,56873.13125
24,107.0,4.23,51,619.3,56873.131944444445
29,96.0,4.21,50,619.3,56873.13263888889
30,104.0,4.17,48,619.3,56873.13333333333
31,109.0,4.15,46,619.1,56873.13402777778
31,104.0,4.12,45,619.2,56873.134722222225
29,114.0,4.1,43,619.2,56873.135416666664
32,105.0,4.1,43,619.3,56873.13611111111
30,96.0,4.1,44,619.3,56873.13680555556
32,103.0,4.1,46,619.3,56873.1375
33,102.0,4.08,45,619.3,56873.138194444444
32,102.0,4.05,41,619.3,56873.13888888889
32,104.0,4.03,36,619.4,56873.13958333333
28,101.0,4.04,41,619.4,56873.14027777778
33,96.0,4.04,43,619.3,56873.14097222222
27,111.0,4.04,41,619.3,56873.14166666667
28,99.0,4.04,44,619.3,56873.14236111111
30,103.0,4.04,46,619.4,56873.143055555556
32,97.0,4.03,46,619.4,56873.14375
29,111.0,4.0,44,619.3,56873.14444444444
26,104.0,3.97,43,619.3,56873.14513888889
35,107.0,3.95,43,619.3,56873.145833333336
34,103.0,3.95,46,619.3,56873.146527777775
32,96.0,3.95,47,619.3,56873.14722222222
33,103.0,3.93,43,619.4,56873.14791666667
28,107.0,3.92,44,619.3,56873.14861111111
28,111.0,3.9,44,619.4,56873.149305555555
31,106.0,3.87,38,619.3,56873.15
33,109.0,3.86,36,619.3,56873.15069444444
26,98.0,3.86,40,619.3,56873.15138888889
26,115.0,3.85,37,619.4,56873.152083333334
28,100.0,3.85,38,619.4,56873.15277777778
30,103.0,3.84,39,619.4,56873.15347222222
32,106.0,3.82,35,619.4,56873.15416666667
33,107.0,3.8,32,619.4,56873.154861111114
31,99.0,3.79,33,619.4,56873.15555555555
32,108.0,3.78,32,619.4,56873.15625
34,95.0,3.78,32,619.4,56873.15694444445
29,106.0,3.79,33,619.5,56873.157638888886
27,101.0,3.79,32,619.4,56873.15833333333
26,111.0,3.79,31,619.4,56873.15902777778
29,116.0,3.78,32,619.4,56873.15972222222
33,112.0,3.77,31,619.3,56873.160416666666
31,109.0,3.76,31,619.3,56873.16111111111
33,100.0,3.77,31,619.3,56873.16180555556
32,107.0,3.77,33,619.3,56873.1625
32,104.0,3.77,32,619.4,56873.163194444445
30,112.0,3.74,30,619.4,56873.16388888889
29,98.0,3.73,32,619.4,56873.16458333333
31,101.0,3.73,34,619.4,56873.16527777778
34,104.0,3.71,32,619.4,56873.165972222225
32,99.0,3.7,30,619.4,56873.166666666664
32,109.0,3.7,31,619.4,56873.16736111111
32,106.0,3.7,31,619.3,56873.16805555556
33,111.0,3.68,30,619.4,56873.16875
36,105.0,3.65,29,619.4,56873.169444444444
35,106.0,3.64,32,619.4,56873.17013888889
31,115.0,3.62,33,619.5,56873.17083333333
31,91.0,3.58,32,619.3,56873.17152777778
35,98.0,3.55,30,619.3,56873.17222222222
33,97.0,3.54,31,619.4,56873.17291666667
33,99.0,3.52,29,619.4,56873.17361111111
34,109.0,3.5,30,619.3,56873.174305555556
33,106.0,3.49,30,619.3,56873.175
34,113.0,3.47,30,619.3,56873.17569444444
33,102.0,3.46,31,619.4,56873.17638888889
34,108.0,3.44,31,619.4,56873.177083333336
35,102.0,3.43,31,619.3,56873.177777777775
34,102.0,3.41,30,619.4,56873.17847222222
34,103.0,3.4,32,619.4,56873.17916666667
36,101.0,3.38,31,619.4,56873.17986111111
33,109.0,3.36,28,619.4,56873.180555555555
34,111.0,3.35,28,619.4,56873.18125
32,112.0,3.34,27,619.4,56873.18194444444
32,103.0,3.34,29,619.4,56873.18263888889
36,102.0,3.33,28,619.4,56873.183333333334
36,108.0,3.32,27,619.4,56873.18402777778
34,106.0,3.33,26,619.4,56873.18472222222
37,110.0,3.33,25,619.4,56873.18541666667
34,109.0,3.34,27,619.4,56873.186111111114
38,108.0,3.34,29,619.4,56873.18680555555
36,111.0,3.34,26,619.4,56873.1875
36,110.0,3.32,27,619.4,56873.18819444445
34,111.0,3.29,24,619.4,56873.188888888886
35,109.0,3.28,26,619.4,56873.18958333333
35,109.0,3.27,26,619.4,56873.19027777778
37,96.0,3.25,23,619.4,56873.19097222222
36,103.0,3.24,20,619.5,56873.191666666666
35,122.0,3.24,22,619.5,56873.19236111111
36,99.0,3.23,21,619.4,56873.19305555556
33,105.0,3.24,27,619.5,56873.19375
33,105.0,3.21,27,619.5,56873.194444444445
34,107.0,3.18,28,619.4,56873.19513888889
36,99.0,3.13,26,619.4,56873.19583333333
38,103.0,3.07,22,619.4,56873.19652777778
38,84.0,3.03,20,619.5,56873.197222222225
34,107.0,3.01,17,619.5,56873.197916666664
38,105.0,3.01,19,619.4,56873.19861111111
35,110.0,3.02,19,619.4,56873.19930555556
35,99.0,3.03,21,619.4,56873.2
36,106.0,3.04,22,619.4,56873.200694444444
37,103.0,3.03,22,619.5,56873.20138888889
35,111.0,3.01,21,619.5,56873.20208333333
35,104.0,3.0,23,619.5,56873.20277777778
34,110.0,2.97,23,619.6,56873.20347222222
33,107.0,2.94,24,619.6,56873.20416666667
34,112.0,2.9,22,619.5,56873.20486111111
34,104.0,2.88,23,619.5,56873.205555555556
35,96.0,2.85,24,619.5,56873.20625
36,103.0,2.81,21,619.5,56873.20694444444
36,111.0,2.79,19,619.6,56873.20763888889
34,134.0,2.78,20,619.6,56873.208333333336
36,108.0,2.79,23,619.5,56873.209027777775
35,113.0,2.81,24,619.6,56873.20972222222
35,126.0,2.79,22,619.6,56873.21041666667
35,104.0,2.78,20,619.6,56873.21111111111
35,102.0,2.77,21,619.7,56873.211805555555
34,96.0,2.75,21,619.7,56873.2125
33,95.0,2.73,21,619.7,56873.21319444444
33,107.0,2.71,20,619.7,56873.21388888889
33,115.0,2.7,18,619.7,56873.214583333334
32,106.0,2.7,18,619.7,56873.21527777778
34,106.0,2.71,20,619.7,56873.21597222222
33,110.0,2.7,19,619.7,56873.21666666667
33,111.0,2.7,21,619.7,56873.217361111114
33,100.0,2.69,20,619.7,56873.21805555555
34,111.0,2.67,20,619.8,56873.21875
34,112.0,2.66,19,619.6,56873.21944444445
34,103.0,2.63,18,619.7,56873.220138888886
33,108.0,2.63,17,619.7,56873.22083333333
34,118.0,2.63,19,619.6,56873.22152777778
32,106.0,2.63,21,619.7,56873.22222222222
33,96.0,2.61,21,619.8,56873.222916666666
32,112.0,2.6,22,619.8,56873.22361111111
32,126.0,2.58,22,619.6,56873.22430555556
33,112.0,2.55,21,619.7,56873.225
29,110.0,2.54,22,619.8,56873.225694444445
32,113.0,2.51,22,619.8,56873.22638888889
32,102.0,2.49,21,619.8,56873.22708333333
31,108.0,2.48,22,619.8,56873.22777777778
32,110.0,2.47,22,619.8,56873.228472222225
32,109.0,2.46,21,619.8,56873.229166666664
30,108.0,2.46,22,619.9,56873.22986111111
31,109.0,2.46,21,619.9,56873.23055555556
29,113.0,2.46,21,619.9,56873.23125
29,87.0,2.48,21,619.8,56873.231944444444
30,113.0,2.48,22,619.8,56873.23263888889
31,108.0,2.48,20,619.9,56873.23333333333
30,113.0,2.48,23,619.9,56873.23402777778
29,142.0,2.49,24,619.9,56873.23472222222
30,113.0,2.48,23,619.9,56873.23541666667
30,125.0,2.48,22,620.0,56873.23611111111
28,122.0,2.48,21,620.0,56873.236805555556
27,114.0,2.48,23,620.0,56873.2375
28,112.0,2.48,22,620.0,56873.23819444444
29,118.0,2.48,22,620.0,56873.23888888889
27,117.0,2.49,24,620.0,56873.239583333336
27,107.0,2.49,24,620.0,56873.240277777775
26,111.0,2.48,24,620.1,56873.24097222222
28,58.0,2.47,24,620.1,56873.24166666667
28,113.0,2.45,23,620.0,56873.24236111111
27,115.0,2.45,24,620.1,56873.243055555555
27,116.0,2.44,24,620.1,56873.24375
27,123.0,2.43,24,620.1,56873.24444444444
28,103.0,2.43,25,620.1,56873.24513888889
29,128.0,2.46,31,620.1,56873.245833333334
27,117.0,2.48,25,620.1,56873.24652777778
26,123.0,2.49,20,620.1,56873.24722222222
27,110.0,2.53,21,620.1,56873.24791666667
26,108.0,2.57,21,620.2,56873.248611111114
27,92.0,2.59,20,620.2,56873.24930555555
26,111.0,2.59,18,620.2,56873.25
25,118.0,2.59,16,620.2,56873.25069444445
26,118.0,2.6,18,620.2,56873.251388888886
27,118.0,2.61,18,620.2,56873.25208333333
27,107.0,2.62,20,620.2,56873.25277777778
27,114.0,2.63,19,620.2,56873.25347222222
27,112.0,2.63,17,620.2,56873.254166666666
27,107.0,2.64,17,620.2,56873.25486111111
26,112.0,2.66,16,620.2,56873.25555555556
26,108.0,2.69,16,620.2,56873.25625
30,116.0,2.72,19,620.2,56873.256944444445
26,101.0,2.77,21,620.2,56873.25763888889
26,124.0,2.79,18,620.2,56873.25833333333
27,110.0,2.81,18,620.2,56873.25902777778
30,108.0,2.84,22,620.2,56873.259722222225
28,113.0,2.87,25,620.2,56873.260416666664
27,112.0,2.89,25,620.3,56873.26111111111
28,104.0,2.91,28,620.3,56873.26180555556
29,98.0,2.93,28,620.3,56873.2625
25,117.0,2.92,23,620.3,56873.263194444444
25,107.0,2.92,21,620.3,56873.26388888889
27,111.0,2.92,22,620.3,56873.26458333333
27,104.0,2.91,24,620.3,56873.26527777778
28,114.0,2.92,29,620.3,56873.26597222222
29,106.0,2.92,31,620.3,56873.26666666667
28,103.0,2.93,31,620.3,56873.26736111111
27,112.0,2.91,26,620.3,56873.268055555556
26,118.0,2.9,19,620.3,56873.26875
26,113.0,2.9,19,620.3,56873.26944444444
28,108.0,2.92,26,620.2,56873.27013888889
26,110.0,2.91,22,620.3,56873.270833333336
23,106.0,2.88,18,620.3,56873.271527777775
25,108.0,2.88,18,620.3,56873.27222222222
26,106.0,2.85,17,620.3,56873.27291666667
26,119.0,2.83,19,620.3,56873.27361111111
24,115.0,2.83,22,620.3,56873.274305555555
26,112.0,2.81,20,620.3,56873.275
24,120.0,2.79,19,620.3,56873.27569444444
27,117.0,2.77,18,620.3,56873.27638888889
26,103.0,2.76,17,620.3,56873.277083333334
27,110.0,2.74,16,620.4,56873.27777777778
25,115.0,2.75,17,620.3,56873.27847222222
27,108.0,2.76,19,620.4,56873.27916666667
28,94.0,2.75,20,620.3,56873.279861111114
27,113.0,2.73,19,620.3,56873.28055555555
29,115.0,2.73,18,620.3,56873.28125
30,105.0,2.73,17,620.3,56873.28194444445
29,113.0,2.73,16,620.3,56873.282638888886
30,104.0,2.74,16,620.4,56873.28333333333
29,112.0,2.76,17,620.4,56873.28402777778
29,117.0,2.78,23,620.4,56873.28472222222
26,107.0,2.81,24,620.4,56873.285416666666
30,113.0,2.82,27,620.3,56873.28611111111
31,110.0,2.82,28,620.3,56873.28680555556
30,116.0,2.84,26,620.3,56873.2875
28,105.0,2.82,21,620.3,56873.288194444445
29,108.0,2.83,19,620.4,56873.28888888889
29,111.0,2.84,18,620.4,56873.28958333333
30,115.0,2.85,23,620.4,56873.29027777778
28,120.0,2.9,36,620.4,56873.290972222225
27,117.0,2.9,32,620.3,56873.291666666664
29,118.0,2.86,27,620.4,56873.29236111111
29,113.0,2.84,25,620.3,56873.29305555556
31,111.0,2.86,36,620.4,56873.29375
32,115.0,2.88,44,620.4,56873.294444444444
30,107.0,2.85,38,620.3,56873.29513888889
31,107.0,2.84,43,620.4,56873.29583333333
29,117.0,2.82,43,620.4,56873.29652777778
28,109.0,2.8,40,620.4,56873.29722222222
30,110.0,2.77,36,620.4,56873.29791666667
29,104.0,2.76,41,620.4,56873.29861111111
29,103.0,2.75,42,620.3,56873.299305555556
30,107.0,2.75,50,620.3,56873.3
29,104.0,2.73,51,620.4,56873.30069444444
29,106.0,2.72,52,620.4,56873.30138888889
29,100.0,2.69,51,620.4,56873.302083333336
29,118.0,2.66,46,620.4,56873.302777777775
30,114.0,2.63,41,620.4,56873.30347222222
28,117.0,2.61,44,620.4,56873.30416666667
31,110.0,2.61,53,620.4,56873.30486111111
30,111.0,2.6,55,620.4,56873.305555555555
28,115.0,2.57,51,620.4,56873.30625
31,103.0,2.55,55,620.4,56873.30694444444
32,99.0,2.54,56,620.4,56873.30763888889
31,112.0,2.53,56,620.4,56873.308333333334
30,112.0,2.51,53,620.4,56873.30902777778
27,112.0,2.51,55,620.4,56873.30972222222
31,104.0,2.48,54,620.4,56873.31041666667
31,106.0,2.48,58,620.4,56873.311111111114
32,101.0,2.45,59,620.5,56873.31180555555
29,112.0,2.41,54,620.4,56873.3125
31,104.0,2.38,54,620.4,56873.31319444445
30,104.0,2.35,55,620.4,56873.313888888886
32,105.0,2.33,59,620.4,56873.31458333333
33,104.0,2.31,60,620.4,56873.31527777778
31,111.0,2.3,61,620.4,56873.31597222222
32,99.0,2.27,60,620.3,56873.316666666666
31,106.0,2.26,61,620.3,56873.31736111111
28,103.0,2.24,59,620.3,56873.31805555556
32,102.0,2.21,60,620.3,56873.31875
33,101.0,2.18,62,620.4,56873.319444444445
33,101.0,2.16,62,620.4,56873.32013888889
32,100.0,2.14,62,620.4,56873.32083333333
33,103.0,2.12,62,620.4,56873.32152777778
31,108.0,2.11,63,620.4,56873.322222222225
32,105.0,2.09,63,620.3,56873.322916666664
33,116.0,2.1,65,620.3,56873.32361111111
34,106.0,2.09,65,620.2,56873.32430555556
31,103.0,2.08,64,620.3,56873.325
31,100.0,2.08,65,620.2,56873.325694444444
30,98.0,2.06,63,620.3,56873.32638888889
30,102.0,2.03,62,620.2,56873.32708333333
29,105.0,2.01,63,620.3,56873.32777777778
31,106.0,1.97,62,620.3,56873.32847222222
34,105.0,1.94,63,620.2,56873.32916666667
33,105.0,1.92,67,620.2,56873.32986111111
29,101.0,1.9,65,620.2,56873.330555555556
31,109.0,1.88,63,620.2,56873.33125
32,121.0,1.87,68,620.2,56873.33194444444
29,107.0,1.87,69,620.2,56873.33263888889
32,99.0,1.87,68,620.3,56873.333333333336
32,106.0,1.87,67,620.3,56873.334027777775
32,104.0,1.87,70,620.3,56873.33472222222
30,103.0,1.84,65,620.3,56873.33541666667
30,106.0,1.81,65,620.2,56873.33611111111
32,98.0,1.8,66,620.2,56873.336805555555
31,107.0,1.77,66,620.2,56873.3375
32,108.0,1.74,64,620.2,56873.33819444444
29,105.0,1.72,67,620.2,56873.33888888889
31,104.0,1.69,67,620.2,56873.339583333334
30,105.0,1.66,63,620.1,56873.34027777778
33,101.0,1.63,66,620.2,56873.34097222222
31,114.0,1.63,68,620.2,56873.34166666667
28,112.0,1.63,68,620.2,56873.342361111114
31,102.0,1.63,68,620.2,56873.34305555555
31,111.0,1.63,69,620.2,56873.34375
30,115.0,1.62,67,620.1,56873.34444444445
29,113.0,1.62,65,620.1,56873.345138888886
32,111.0,1.61,67,620.1,56873.34583333333
32,103.0,1.6,67,620.1,56873.34652777778
31,106.0,1.6,67,620.1,56873.34722222222
31,105.0,1.58,66,620.1,56873.347916666666
32,108.0,1.57,68,620.1,56873.34861111111
32,101.0,1.56,68,620.2,56873.34930555556
33,103.0,1.54,65,620.1,56873.35
33,105.0,1.53,65,620.1,56873.350694444445
34,101.0,1.53,67,620.1,56873.35138888889
34,115.0,1.54,68,620.1,56873.35208333333
32,117.0,1.54,66,620.1,56873.35277777778
34,108.0,1.56,69,620.1,56873.353472222225
33,116.0,1.59,71,620.1,56873.354166666664
32,108.0,1.61,69,620.0,56873.35486111111
32,109.0,1.63,68,620.0,56873.35555555556
31,114.0,1.65,71,620.1,56873.35625
32,102.0,1.66,72,620.2,56873.356944444444
29,111.0,1.67,70,620.2,56873.35763888889
30,104.0,1.67,69,620.2,56873.35833333333
29,118.0,1.68,69,620.2,56873.35902777778
29,111.0,1.68,69,620.3,56873.35972222222
26,111.0,1.69,69,620.3,56873.36041666667
27,112.0,1.67,68,620.2,56873.36111111111
27,109.0,1.66,67,620.3,56873.361805555556
28,111.0,1.66,69,620.3,56873.3625
28,114.0,1.68,70,620.3,56873.36319444444
28,123.0,1.68,68,620.3,56873.36388888889
28,110.0,1.69,70,620.3,56873.364583333336
27,102.0,1.69,70,620.3,56873.365277777775
27,112.0,1.69,68,620.3,56873.36597222222
26,125.0,1.69,67,620.3,56873.36666666667
27,113.0,1.69,68,620.3,56873.36736111111
25,112.0,1.69,72,620.3,56873.368055555555
24,115.0,1.69,69,620.3,56873.36875
25,112.0,1.66,63,620.3,56873.36944444444
27,114.0,1.67,67,620.2,56873.37013888889
28,118.0,1.66,68,620.3,56873.370833333334
28,109.0,1.66,70,620.3,56873.37152777778
30,116.0,1.66,70,620.2,56873.37222222222
29,118.0,1.65,68,620.2,56873.37291666667
28,119.0,1.66,69,620.2,56873.373611111114
30,111.0,1.66,70,620.2,56873.37430555555
29,114.0,1.66,68,620.2,56873.375
31,62.0,1.68,72,620.2,56873.37569444445
31,101.0,1.69,71,620.2,56873.376388888886
33,117.0,1.69,72,620.2,56873.37708333333
33,108.0,1.72,74,620.1,56873.37777777778
34,110.0,1.72,73,620.2,56873.37847222222
35,108.0,1.75,74,620.1,56873.379166666666
34,109.0,1.76,69,620.1,56873.37986111111
33,107.0,1.79,69,620.1,56873.38055555556
30,94.0,1.81,71,620.2,56873.38125
29,115.0,1.81,68,620.1,56873.381944444445
30,106.0,1.81,67,620.2,56873.38263888889
31,111.0,1.81,69,620.2,56873.38333333333
32,105.0,1.81,72,620.3,56873.38402777778
34,108.0,1.82,74,620.2,56873.384722222225
31,109.0,1.82,74,620.2,56873.385416666664
33,114.0,1.83,75,620.2,56873.38611111111
31,115.0,1.84,74,620.2,56873.38680555556
31,107.0,1.86,73,620.2,56873.3875
29,108.0,1.87,73,620.2,56873.388194444444
32,112.0,1.86,71,620.2,56873.38888888889
33,110.0,1.86,72,620.1,56873.38958333333
31,106.0,1.86,71,620.1,56873.39027777778
35,111.0,1.84,67,620.0,56873.39097222222
38,109.0,1.81,52,620.0,56873.39166666667
35,109.0,1.89,60,620.1,56873.39236111111
34,111.0,1.97,62,620.1,56873.393055555556
33,103.0,2.06,68,620.1,56873.39375
36,115.0,2.09,60,620.1,56873.39444444444
34,110.0,2.11,57,620.0,56873.39513888889
34,106.0,2.17,57,620.0,56873.395833333336
36,99.0,2.23,62,620.0,56873.396527777775
37,109.0,2.24,53,620.0,56873.39722222222
40,104.0,2.26,49,619.9,56873.39791666667
37,107.0,2.32,48,619.9,56873.39861111111
37,103.0,2.4,51,620.0,56873.399305555555
36,114.0,2.45,51,620.0,56873.4
40,107.0,2.49,47,620.0,56873.40069444444
36,108.0,2.53,44,619.8,56873.40138888889
36,108.0,2.59,46,619.8,56873.402083333334
43,109.0,2.63,47,619.7,56873.40277777778
44,116.0,2.62,36,619.8,56873.40347222222
40,108.0,2.69,41,619.9,56873.40416666667
40,94.0,2.75,42,619.8,56873.404861111114
45,104.0,2.79,36,619.8,56873.40555555555
43,103.0,2.83,30,619.8,56873.40625
39,116.0,2.92,33,619.9,56873.40694444445
38,92.0,3.01,38,619.8,56873.407638888886
40,111.0,3.07,38,619.9,56873.40833333333
40,108.0,3.11,39,619.7,56873.40902777778
39,82.0,3.13,37,619.9,56873.40972222222
39,109.0,3.13,35,619.9,56873.410416666666
40,111.0,3.13,30,619.9,56873.41111111111
37,115.0,3.16,34,619.9,56873.41180555556
39,100.0,3.18,36,619.9,56873.4125
38,96.0,3.18,37,619.8,56873.413194444445
37,106.0,3.18,41,619.8,56873.41388888889
38,99.0,3.16,36,619.9,56873.41458333333
36,121.0,3.13,34,619.9,56873.41527777778
35,116.0,3.12,33,619.7,56873.415972222225
