wind_speed,wind_direction,temperature,relative_humidity,pressure,mjd
17,310,0.43,9,617.1,57113.416666666664
19,313,0.43,9,617.1,57113.41736111111
19,308,0.43,9,617.1,57113.41805555556
19,318,0.44,9,617.1,57113.41875
19,304,0.44,9,617.1,57113.419444444444
21,309,0.45,9,617.1,57113.42013888889
20,319,0.46,9,617.1,57113.42083333333
20,326,0.47,9,617.1,57113.42152777778
21,325,0.47,9,617.0,57113.42222222222
19,318,0.48,9,617.0,57113.42291666667
21,307,0.5,9,617.0,57113.42361111111
21,308,0.53,9,617.0,57113.424305555556
21,304,0.55,8,617.0,57113.425
19,336,0.56,8,617.0,57113.42569444444
16,311,0.59,8,617.0,57113.42638888889
19,322,0.59,9,617.0,57113.427083333336
18,319,0.59,9,617.0,57113.427777777775
16,325,0.59,9,617.0,57113.42847222222
17,326,0.59,9,617.0,57113.42916666667
17,310,0.57,9,617.0,57113.42986111111
18,321,0.56,9,617.0,57113.430555555555
19,323,0.55,9,617.0,57113.43125
18,332,0.54,9,617.0,57113.43194444444
16,320,0.53,9,617.0,57113.43263888889
16,333,0.52,9,617.0,57113.433333333334
16,324,0.51,9,617.0,57113.43402777778
17,326,0.51,9,617.0,57113.43472222222
19,323,0.5,9,617.0,57113.43541666667
19,314,0.5,9,616.9,57113.436111111114
20,321,0.5,9,616.9,57113.43680555555
20,318,0.5,9,616.9,57113.4375
20,328,0.5,9,616.9,57113.43819444445
19,325,0.5,9,616.8,57113.438888888886
19,333,0.52,9,616.8,57113.43958333333
18,325,0.53,9,616.8,57113.44027777778
18,331,0.55,9,616.8,57113.44097222222
20,334,0.56,9,616.8,57113.441666666666
20,335,0.57,9,616.7,57113.44236111111
20,337,0.59,9,616.7,57113.44305555556
22,323,0.6,9,616.7,57113.44375
21,325,0.62,9,616.7,57113.444444444445
22,326,0.6,9,616.7,57113.44513888889
21,334,0.59,9,616.7,57113.44583333333
21,340,0.59,9,616.7,57113.44652777778
21,333,0.6,9,616.7,57113.447222222225
20,334,0.62,9,616.7,57113.447916666664
20,335,0.63,9,616.7,57113.44861111111
20,333,0.65,9,616.7,57113.44930555556
20,338,0.66,9,616.7,57113.45
20,332,0.68,9,616.7,57113.450694444444
20,331,0.7,8,616.7,57113.45138888889
20,338,0.71,9,616.6,57113.45208333333
20,324,0.72,9,616.6,57113.45277777778
21,336,0.73,8,616.6,57113.45347222222
22,332,0.74,9,616.6,57113.45416666667
23,330,0.75,9,616.5,57113.45486111111
22,323,0.77,9,616.5,57113.455555555556
23,342,0.77,9,616.5,57113.45625
24,331,0.77,9,616.5,57113.45694444444
22,335,0.75,9,616.5,57113.45763888889
27,317,0.74,9,616.5,57113.458333333336
27,319,0.71,10,616.5,57113.459027777775
24,331,0.7,10,616.5,57113.45972222222
22,341,0.68,10,616.5,57113.46041666667
24,340,0.67,10,616.5,57113.46111111111
25,334,0.66,9,616.5,57113.461805555555
24,336,0.66,9,616.5,57113.4625
22,342,0.65,10,616.5,57113.46319444444
23,333,0.65,10,616.4,57113.46388888889
23,348,0.65,9,616.4,57113.464583333334
23,331,0.65,9,616.4,57113.46527777778
22,329,0.65,9,616.4,57113.46597222222
22,346,0.65,10,616.4,57113.46666666667
23,321,0.65,10,616.4,57113.467361111114
24,330,0.64,9,616.4,57113.46805555555
24,257,0.62,10,616.4,57113.46875
22,323,0.6,10,616.3,57113.46944444445
22,323,0.58,10,616.4,57113.470138888886
23,348,0.55,10,616.3,57113.47083333333
22,336,0.52,10,616.3,57113.47152777778
23,305,0.49,10,616.3,57113.47222222222
24,321,0.47,10,616.3,57113.472916666666
22,321,0.44,10,616.3,57113.47361111111
21,327,0.44,10,616.3,57113.47430555556
23,333,0.42,10,616.3,57113.475
22,324,0.41,10,616.3,57113.475694444445
21,341,0.4,10,616.3,57113.47638888889
23,347,0.4,10,616.2,57113.47708333333
22,336,0.41,10,616.2,57113.47777777778
22,346,0.41,10,616.2,57113.478472222225
23,321,0.43,10,616.2,57113.479166666664
26,316,0.44,10,616.1,57113.47986111111
26,323,0.45,10,616.1,57113.48055555556
28,327,0.47,10,616.1,57113.48125
24,305,0.49,10,616.1,57113.481944444444
25,315,0.52,10,616.1,57113.48263888889
26,321,0.53,10,616.1,57113.48333333333
26,329,0.53,10,616.1,57113.48402777778
27,329,0.54,10,616.1,57113.48472222222
25,320,0.56,10,616.0,57113.48541666667
24,318,0.59,10,616.0,57113.48611111111
25,319,0.62,10,616.0,57113.486805555556
26,330,0.65,10,616.0,57113.4875
24,327,0.68,10,616.0,57113.48819444444
23,323,0.71,10,616.0,57113.48888888889
22,323,0.73,10,616.0,57113.489583333336
24,330,0.75,10,616.0,57113.490277777775
25,310,0.76,10,616.0,57113.49097222222
24,319,0.77,10,616.0,57113.49166666667
27,292,0.77,10,616.0,57113.49236111111
24,331,0.77,10,616.0,57113.493055555555
26,316,0.77,10,616.0,57113.49375
28,321,0.78,10,616.0,57113.49444444444
23,330,0.79,10,616.0,57113.49513888889
25,344,0.79,10,615.9,57113.495833333334
21,341,0.77,10,615.9,57113.49652777778
24,308,0.74,10,615.9,57113.49722222222
21,304,0.7,10,615.9,57113.49791666667
26,256,0.66,10,615.9,57113.498611111114
23,317,0.62,10,615.9,57113.49930555555
25,319,0.59,10,615.9,57113.5
24,323,0.59,10,615.9,57113.50069444445
28,315,0.59,10,615.8,57113.501388888886
27,329,0.59,10,615.8,57113.50208333333
27,320,0.59,10,615.8,57113.50277777778
29,329,0.61,10,615.8,57113.50347222222
27,303,0.63,10,615.8,57113.504166666666
27,315,0.65,10,615.8,57113.50486111111
28,319,0.67,9,615.8,57113.50555555556
26,263,0.68,9,615.7,57113.50625
25,332,0.7,9,615.7,57113.506944444445
26,317,0.71,10,615.7,57113.50763888889
27,324,0.7,10,615.7,57113.50833333333
26,323,0.69,9,615.7,57113.50902777778
26,335,0.68,9,615.7,57113.509722222225
25,320,0.68,9,615.7,57113.510416666664
26,328,0.68,9,615.7,57113.51111111111
26,242,0.68,9,615.7,57113.51180555556
26,334,0.68,9,615.7,57113.5125
28,302,0.68,9,615.7,57113.513194444444
26,316,0.7,9,615.7,57113.51388888889
24,325,0.71,9,615.7,57113.51458333333
24,327,0.71,9,615.6,57113.51527777778
24,329,0.73,9,615.6,57113.51597222222
24,294,0.74,9,615.6,57113.51666666667
24,321,0.75,9,615.6,57113.51736111111
24,327,0.77,8,615.6,57113.518055555556
23,331,0.77,8,615.6,57113.51875
23,335,0.78,8,615.6,57113.51944444444
23,321,0.8,8,615.6,57113.52013888889
23,330,0.81,8,615.6,57113.520833333336
24,326,0.84,8,615.6,57113.521527777775
24,340,0.86,8,615.5,57113.52222222222
22,336,0.87,8,615.5,57113.52291666667
24,329,0.89,8,615.5,57113.52361111111
23,321,0.89,8,615.5,57113.524305555555
23,323,0.89,8,615.6,57113.525
25,301,0.87,8,615.6,57113.52569444444
24,326,0.86,8,615.6,57113.52638888889
23,316,0.84,8,615.5,57113.527083333334
25,338,0.83,8,615.5,57113.52777777778
22,291,0.83,8,615.5,57113.52847222222
21,330,0.83,8,615.5,57113.52916666667
25,316,0.83,8,615.5,57113.529861111114
23,308,0.83,8,615.5,57113.53055555555
23,311,0.83,8,615.5,57113.53125
23,318,0.83,8,615.5,57113.53194444445
23,311,0.82,8,615.5,57113.532638888886
23,317,0.81,8,615.5,57113.53333333333
22,345,0.8,8,615.5,57113.53402777778
21,337,0.78,8,615.5,57113.53472222222
23,334,0.74,9,615.5,57113.535416666666
23,331,0.69,8,615.4,57113.53611111111
22,342,0.66,8,615.4,57113.53680555556
22,300,0.65,9,615.4,57113.5375
21,330,0.62,9,615.4,57113.538194444445
21,317,0.6,9,615.4,57113.53888888889
23,317,0.57,9,615.4,57113.53958333333
27,324,0.54,9,615.4,57113.54027777778
25,317,0.52,9,615.4,57113.540972222225
23,325,0.5,9,615.4,57113.541666666664
23,312,0.5,9,615.4,57113.54236111111
21,340,0.5,9,615.4,57113.54305555556
23,332,0.49,9,615.4,57113.54375
23,339,0.47,9,615.4,57113.544444444444
23,331,0.47,9,615.4,57113.54513888889
22,335,0.49,8,615.4,57113.54583333333
22,303,0.5,8,615.4,57113.54652777778
22,335,0.51,8,615.4,57113.54722222222
22,342,0.53,8,615.4,57113.54791666667
22,334,0.53,8,615.4,57113.54861111111
23,331,0.56,8,615.4,57113.549305555556
23,338,0.58,8,615.4,57113.55
22,341,0.6,8,615.4,57113.55069444444
21,304,0.62,8,615.4,57113.55138888889
21,277,0.64,8,615.4,57113.552083333336
22,289,0.65,8,615.4,57113.552777777775
22,342,0.67,8,615.4,57113.55347222222
23,336,0.68,8,615.4,57113.55416666667
22,338,0.68,8,615.4,57113.55486111111
22,336,0.69,8,615.4,57113.555555555555
21,338,0.7,8,615.4,57113.55625
21,336,0.7,8,615.4,57113.55694444444
21,333,0.69,8,615.4,57113.55763888889
23,272,0.69,8,615.4,57113.558333333334
22,330,0.68,8,615.3,57113.55902777778
23,328,0.68,8,615.3,57113.55972222222
23,2,0.67,8,615.3,57113.56041666667
22,334,0.66,8,615.4,57113.561111111114
22,336,0.66,8,615.3,57113.56180555555
22,339,0.66,8,615.3,57113.5625
21,321,0.67,8,615.3,57113.56319444445
22,337,0.68,8,615.3,57113.563888888886
22,336,0.68,8,615.3,57113.56458333333
20,276,0.68,8,615.3,57113.56527777778
22,350,0.68,8,615.3,57113.56597222222
21,315,0.68,8,615.3,57113.566666666666
21,335,0.66,8,615.3,57113.56736111111
20,300,0.65,8,615.3,57113.56805555556
20,338,0.65,8,615.2,57113.56875
19,308,0.65,8,615.3,57113.569444444445
20,323,0.65,8,615.3,57113.57013888889
19,335,0.65,8,615.3,57113.57083333333
18,336,0.65,8,615.3,57113.57152777778
19,285,0.64,8,615.3,57113.572222222225
20,340,0.63,8,615.2,57113.572916666664
19,336,0.64,8,615.3,57113.57361111111
20,336,0.65,8,615.2,57113.57430555556
19,313,0.66,8,615.2,57113.575
18,258,0.68,8,615.2,57113.575694444444
16,343,0.68,8,615.3,57113.57638888889
16,333,0.69,8,615.3,57113.57708333333
17,332,0.68,8,615.3,57113.57777777778
18,348,0.67,8,615.3,57113.57847222222
19,336,0.65,8,615.3,57113.57916666667
17,335,0.63,8,615.3,57113.57986111111
17,336,0.62,8,615.3,57113.580555555556
17,334,0.62,8,615.3,57113.58125
17,333,0.62,8,615.3,57113.58194444444
16,330,0.62,8,615.3,57113.58263888889
17,330,0.64,7,615.3,57113.583333333336
17,335,0.66,7,615.3,57113.584027777775
16,334,0.68,7,615.3,57113.58472222222
16,329,0.69,7,615.3,57113.58541666667
16,336,0.71,7,615.3,57113.58611111111
16,333,0.71,7,615.3,57113.586805555555
15,304,0.72,7,615.3,57113.5875
16,331,0.71,7,615.3,57113.58819444444
16,327,0.71,7,615.3,57113.58888888889
15,327,0.72,7,615.3,57113.589583333334
14,322,0.72,7,615.3,57113.59027777778
16,324,0.72,7,615.3,57113.59097222222
16,336,0.71,7,615.3,57113.59166666667
15,328,0.71,7,615.3,57113.592361111114
14,336,0.72,7,615.3,57113.59305555555
14,298,0.72,7,615.3,57113.59375
13,337,0.71,8,615.3,57113.59444444445
14,338,0.69,8,615.3,57113.595138888886
13,323,0.68,7,615.3,57113.59583333333
15,342,0.68,7,615.3,57113.59652777778
14,334,0.68,7,615.3,57113.59722222222
13,337,0.67,7,615.3,57113.597916666666
13,335,0.66,7,615.3,57113.59861111111
13,332,0.65,8,615.3,57113.59930555556
12,333,0.64,8,615.3,57113.6
13,331,0.64,7,615.3,57113.600694444445
12,333,0.64,7,615.3,57113.60138888889
12,336,0.65,7,615.3,57113.60208333333
12,337,0.65,7,615.3,57113.60277777778
12,334,0.66,7,615.3,57113.603472222225
12,336,0.68,7,615.3,57113.604166666664
12,328,0.71,7,615.3,57113.60486111111
11,337,0.74,7,615.3,57113.60555555556
11,333,0.76,7,615.3,57113.60625
11,333,0.77,7,615.3,57113.606944444444
11,336,0.77,7,615.3,57113.60763888889
12,336,0.77,7,615.3,57113.60833333333
11,333,0.77,7,615.3,57113.60902777778
11,336,0.75,7,615.3,57113.60972222222
11,331,0.74,7,615.3,57113.61041666667
12,336,0.71,7,615.3,57113.61111111111
11,331,0.7,7,615.3,57113.611805555556
11,335,0.68,7,615.3,57113.6125
12,334,0.68,7,615.3,57113.61319444444
11,326,0.68,7,615.3,57113.61388888889
10,335,0.71,7,615.3,57113.614583333336
10,331,0.73,7,615.4,57113.615277777775
10,328,0.75,7,615.4,57113.61597222222
10,333,0.77,7,615.3,57113.61666666667
10,331,0.8,7,615.3,57113.61736111111
9,331,0.81,7,615.3,57113.618055555555
10,325,0.83,7,615.3,57113.61875
10,335,0.83,7,615.4,57113.61944444444
9,333,0.85,7,615.4,57113.62013888889
8,333,0.87,7,615.4,57113.620833333334
8,338,0.91,7,615.4,57113.62152777778
8,336,0.96,7,615.4,57113.62222222222
7,335,1.01,7,615.4,57113.62291666667
7,337,1.06,7,615.4,57113.623611111114
7,331,1.09,7,615.4,57113.62430555555
6,330,1.11,7,615.4,57113.625
6,331,1.12,7,615.4,57113.62569444445
6,331,1.11,7,615.4,57113.626388888886
6,331,1.1,7,615.4,57113.62708333333
7,330,1.08,7,615.5,57113.62777777778
7,326,1.07,7,615.5,57113.62847222222
8,328,1.07,7,615.5,57113.629166666666
9,324,1.07,7,615.4,57113.62986111111
10,325,1.08,7,615.5,57113.63055555556
9,327,1.08,7,615.4,57113.63125
10,309,1.08,7,615.5,57113.631944444445
9,331,1.08,7,615.5,57113.63263888889
10,326,1.09,7,615.5,57113.63333333333
10,325,1.11,7,615.5,57113.63402777778
11,324,1.11,7,615.5,57113.634722222225
9,324,1.12,7,615.5,57113.635416666664
9,326,1.12,7,615.5,57113.63611111111
9,334,1.12,7,615.5,57113.63680555556
8,331,1.12,7,615.5,57113.6375
8,335,1.13,7,615.5,57113.638194444444
9,323,1.14,7,615.5,57113.63888888889
9,327,1.14,7,615.5,57113.63958333333
8,325,1.13,7,615.5,57113.64027777778
8,327,1.11,7,615.5,57113.64097222222
9,323,1.1,7,615.5,57113.64166666667
9,326,1.08,7,615.5,57113.64236111111
9,322,1.08,7,615.5,57113.643055555556
9,325,1.1,7,615.5,57113.64375
9,331,1.14,7,615.6,57113.64444444444
9,331,1.19,7,615.6,57113.64513888889
7,337,1.22,7,615.6,57113.645833333336
9,338,1.23,7,615.6,57113.646527777775
9,336,1.23,7,615.6,57113.64722222222
10,335,1.25,7,615.6,57113.64791666667
10,327,1.28,7,615.6,57113.64861111111
10,328,1.33,7,615.6,57113.649305555555
10,325,1.35,7,615.6,57113.65
11,331,1.35,7,615.6,57113.65069444444
11,323,1.36,7,615.6,57113.65138888889
12,319,1.38,7,615.6,57113.652083333334
11,329,1.39,7,615.6,57113.65277777778
10,325,1.41,7,615.6,57113.65347222222
11,324,1.42,7,615.6,57113.65416666667
10,327,1.41,8,615.6,57113.654861111114
10,324,1.4,8,615.6,57113.65555555555
10,328,1.37,8,615.6,57113.65625
11,322,1.35,8,615.6,57113.65694444445
12,322,1.32,8,615.6,57113.657638888886
12,325,1.32,8,615.6,57113.65833333333
12,325,1.33,8,615.6,57113.65902777778
12,315,1.34,8,615.6,57113.65972222222
12,319,1.35,8,615.6,57113.660416666666
11,319,1.38,8,615.6,57113.66111111111
10,323,1.39,8,615.7,57113.66180555556
9,317,1.41,8,615.7,57113.6625
10,321,1.41,8,615.7,57113.663194444445
10,332,1.41,8,615.7,57113.66388888889
9,325,1.41,8,615.7,57113.66458333333
9,322,1.41,8,615.7,57113.66527777778
10,323,1.41,8,615.7,57113.665972222225
11,322,1.41,8,615.7,57113.666666666664
12,322,1.41,8,615.7,57113.66736111111
12,319,1.41,8,615.7,57113.66805555556
13,319,1.41,7,615.7,57113.66875
13,323,1.4,8,615.7,57113.669444444444
13,322,1.38,8,615.7,57113.67013888889
13,318,1.38,8,615.7,57113.67083333333
14,318,1.36,8,615.7,57113.67152777778
13,316,1.38,8,615.7,57113.67222222222
13,316,1.38,8,615.7,57113.67291666667
12,319,1.41,8,615.8,57113.67361111111
11,321,1.41,8,615.8,57113.674305555556
10,318,1.41,7,615.8,57113.675
10,321,1.42,7,615.8,57113.67569444444
10,316,1.44,7,615.8,57113.67638888889
9,322,1.44,7,615.8,57113.677083333336
8,324,1.45,7,615.9,57113.677777777775
8,323,1.47,7,615.9,57113.67847222222
9,322,1.45,7,615.9,57113.67916666667
9,314,1.43,7,615.9,57113.67986111111
10,312,1.42,7,615.9,57113.680555555555
11,312,1.42,7,615.9,57113.68125
12,314,1.44,7,615.9,57113.68194444444
12,313,1.45,7,615.9,57113.68263888889
13,311,1.47,7,615.9,57113.683333333334
14,316,1.49,7,615.9,57113.68402777778
14,318,1.52,7,615.9,57113.68472222222
13,316,1.54,7,615.9,57113.68541666667
13,321,1.55,7,615.9,57113.686111111114
12,319,1.56,7,615.9,57113.68680555555
11,326,1.56,7,615.9,57113.6875
11,318,1.56,7,615.9,57113.68819444445
11,321,1.57,7,615.9,57113.688888888886
11,317,1.56,7,615.9,57113.68958333333
11,319,1.57,7,615.9,57113.69027777778
10,323,1.57,7,615.9,57113.69097222222
10,322,1.57,7,615.9,57113.691666666666
9,317,1.57,7,615.9,57113.69236111111
10,314,1.57,7,615.9,57113.69305555556
11,321,1.56,7,616.0,57113.69375
10,308,1.56,7,616.0,57113.694444444445
10,330,1.56,7,616.0,57113.69513888889
8,320,1.54,7,616.0,57113.69583333333
9,320,1.53,7,616.0,57113.69652777778
9,332,1.51,7,616.0,57113.697222222225
8,321,1.51,7,616.0,57113.697916666664
10,315,1.51,7,616.0,57113.69861111111
10,322,1.51,7,616.0,57113.69930555556
11,324,1.52,7,616.0,57113.7
11,334,1.54,7,616.0,57113.700694444444
10,324,1.54,7,616.0,57113.70138888889
10,334,1.53,7,616.0,57113.70208333333
9,324,1.51,7,616.0,57113.70277777778
9,326,1.49,7,616.0,57113.70347222222
8,327,1.44,7,616.0,57113.70416666667
8,333,1.38,7,616.0,57113.70486111111
8,335,1.31,7,616.0,57113.705555555556
7,334,1.25,7,616.0,57113.70625
7,334,1.19,7,616.0,57113.70694444444
7,324,1.12,7,616.1,57113.70763888889
7,320,1.1,7,616.1,57113.708333333336
8,321,1.07,7,616.1,57113.709027777775
9,320,1.05,7,616.1,57113.70972222222
10,314,1.05,7,616.1,57113.71041666667
11,318,1.07,7,616.1,57113.71111111111
12,313,1.09,7,616.0,57113.711805555555
13,313,1.12,7,616.1,57113.7125
13,318,1.16,7,616.1,57113.71319444444
13,320,1.21,7,616.1,57113.71388888889
13,320,1.23,7,616.1,57113.714583333334
12,322,1.24,7,616.1,57113.71527777778
12,322,1.23,8,616.1,57113.71597222222
13,321,1.23,8,616.1,57113.71666666667
13,320,1.23,7,616.1,57113.717361111114
14,314,1.23,7,616.0,57113.71805555555
12,313,1.23,7,616.0,57113.71875
12,313,1.25,8,616.1,57113.71944444445
12,312,1.27,7,616.1,57113.720138888886
12,312,1.31,7,616.1,57113.72083333333
12,312,1.35,7,616.1,57113.72152777778
12,312,1.41,7,616.1,57113.72222222222
12,312,1.46,7,616.1,57113.722916666666
13,312,1.52,7,616.1,57113.72361111111
13,312,1.58,7,616.1,57113.72430555556
13,315,1.63,7,616.1,57113.725
13,317,1.66,7,616.1,57113.725694444445
13,317,1.69,7,616.2,57113.72638888889
12,317,1.69,7,616.1,57113.72708333333
12,317,1.69,7,616.2,57113.72777777778
11,316,1.68,7,616.2,57113.728472222225
11,314,1.68,7,616.2,57113.729166666664
11,315,1.69,7,616.2,57113.72986111111
12,317,1.69,7,616.2,57113.73055555556
13,312,1.69,7,616.2,57113.73125
12,312,1.69,7,616.2,57113.731944444444
13,313,1.69,8,616.2,57113.73263888889
12,312,1.68,8,616.2,57113.73333333333
12,312,1.66,8,616.2,57113.73402777778
11,312,1.66,8,616.2,57113.73472222222
11,312,1.65,8,616.2,57113.73541666667
11,312,1.65,8,616.2,57113.73611111111
11,312,1.65,8,616.2,57113.736805555556
11,312,1.66,8,616.2,57113.7375
11,312,1.66,7,616.2,57113.73819444444
12,312,1.68,7,616.2,57113.73888888889
11,312,1.7,7,616.2,57113.739583333336
11,312,1.72,7,616.3,57113.740277777775
11,312,1.75,7,616.3,57113.74097222222
11,312,1.78,7,616.3,57113.74166666667
12,312,1.8,7,616.3,57113.74236111111
11,312,1.82,7,616.3,57113.743055555555
12,312,1.84,7,616.3,57113.74375
13,312,1.87,7,616.3,57113.74444444444
13,312,1.87,7,616.3,57113.74513888889
14,312,1.87,7,616.3,57113.745833333334
15,312,1.87,7,616.3,57113.74652777778
15,311,1.87,7,616.3,57113.74722222222
15,311,1.87,7,616.3,57113.74791666667
14,312,1.87,7,616.3,57113.748611111114
13,312,1.87,7,616.3,57113.74930555555
12,312,1.88,7,616.4,57113.75
11,312,1.9,8,616.4,57113.75069444445
12,311,1.92,8,616.4,57113.751388888886
11,315,1.93,8,616.4,57113.75208333333
9,312,1.95,8,616.4,57113.75277777778
8,312,1.96,8,616.5,57113.75347222222
6,312,1.96,8,616.5,57113.754166666666
5,312,1.96,8,616.5,57113.75486111111
2,312,1.95,8,616.5,57113.75555555556
2,312,1.96,8,616.5,57113.75625
3,312,1.97,8,616.5,57113.756944444445
4,312,1.99,8,616.5,57113.75763888889
6,312,2.0,8,616.5,57113.75833333333
5,312,2.02,8,616.5,57113.75902777778
6,312,2.02,8,616.5,57113.759722222225
8,312,2.03,8,616.5,57113.760416666664
7,312,2.03,8,616.5,57113.76111111111
8,311,2.04,8,616.5,57113.76180555556
8,311,2.03,8,616.5,57113.7625
8,311,2.03,8,616.5,57113.763194444444
9,311,2.02,8,616.5,57113.76388888889
10,311,2.0,8,616.5,57113.76458333333
10,311,1.99,8,616.5,57113.76527777778
11,312,1.98,8,616.5,57113.76597222222
12,312,1.97,8,616.5,57113.76666666667
13,312,1.96,8,616.5,57113.76736111111
14,311,1.96,8,616.5,57113.768055555556
12,311,1.96,8,616.5,57113.76875
13,311,1.96,8,616.5,57113.76944444444
13,311,1.98,8,616.5,57113.77013888889
13,311,1.99,8,616.5,57113.770833333336
13,311,2.01,8,616.5,57113.771527777775
11,311,2.02,8,616.5,57113.77222222222
10,311,2.04,9,616.5,57113.77291666667
7,310,2.05,9,616.5,57113.77361111111
3,310,2.08,9,616.6,57113.774305555555
1,301,2.11,9,616.6,57113.775
0,301,2.19,10,616.6,57113.77569444444
0,301,2.27,11,616.6,57113.77638888889
0,301,2.37,12,616.6,57113.777083333334
0,301,2.43,13,616.6,57113.77777777778
0,301,2.46,13,616.6,57113.77847222222
0,301,2.48,11,616.6,57113.77916666667
0,301,2.52,10,616.6,57113.779861111114
0,301,2.57,11,616.6,57113.78055555555
0,301,2.62,10,616.6,57113.78125
0,301,2.66,9,616.6,57113.78194444445
1,301,2.69,9,616.6,57113.782638888886
1,301,2.7,8,616.6,57113.78333333333
0,301,2.7,8,616.7,57113.78402777778
0,301,2.7,8,616.7,57113.78472222222
0,301,2.7,8,616.7,57113.785416666666
0,301,2.7,8,616.7,57113.78611111111
0,301,2.7,8,616.6,57113.78680555556
2,301,2.71,8,616.6,57113.7875
4,301,2.71,7,616.6,57113.788194444445
7,301,2.69,8,616.6,57113.78888888889
4,301,2.67,8,616.6,57113.78958333333
1,301,2.67,8,616.7,57113.79027777778
0,301,2.67,8,616.7,57113.790972222225
0,301,2.7,9,616.7,57113.791666666664
1,290,2.77,13,616.7,57113.79236111111
1,290,2.83,14,616.7,57113.79305555556
0,290,2.83,12,616.7,57113.79375
0,290,2.87,14,616.7,57113.794444444444
0,290,2.92,15,616.7,57113.79513888889
0,290,2.94,16,616.7,57113.79583333333
3,289,2.97,20,616.7,57113.79652777778
5,288,2.99,22,616.7,57113.79722222222
5,272,3.0,23,616.7,57113.79791666667
6,188,2.99,23,616.7,57113.79861111111
5,188,2.94,22,616.6,57113.799305555556
2,188,2.85,20,616.6,57113.8
1,188,2.77,21,616.6,57113.80069444444
1,189,2.73,22,616.6,57113.80138888889
3,190,2.7,20,616.6,57113.802083333336
2,190,2.67,16,616.7,57113.802777777775
0,189,2.68,18,616.7,57113.80347222222
2,188,2.71,20,616.7,57113.80416666667
5,267,2.79,20,616.7,57113.80486111111
3,214,2.91,23,616.7,57113.805555555555
5,168,3.04,27,616.7,57113.80625
6,170,3.15,28,616.7,57113.80694444444
6,170,3.22,28,616.7,57113.80763888889
6,170,3.22,25,616.7,57113.808333333334
4,172,3.17,26,616.7,57113.80902777778
5,169,3.1,27,616.7,57113.80972222222
6,172,3.04,27,616.7,57113.81041666667
4,171,2.99,27,616.7,57113.811111111114
6,173,2.93,29,616.7,57113.81180555555
5,168,2.9,30,616.7,57113.8125
7,173,2.88,31,616.7,57113.81319444445
6,175,2.88,30,616.7,57113.813888888886
3,173,2.84,30,616.7,57113.81458333333
1,175,2.8,28,616.7,57113.81527777778
0,175,2.76,28,616.7,57113.81597222222
1,189,2.73,28,616.7,57113.816666666666
4,247,2.76,26,616.7,57113.81736111111
6,255,2.8,20,616.7,57113.81805555556
5,255,2.86,18,616.7,57113.81875
4,256,2.91,17,616.8,57113.819444444445
3,240,2.97,17,616.8,57113.82013888889
1,245,3.04,17,616.8,57113.82083333333
0,244,3.11,17,616.8,57113.82152777778
1,240,3.22,21,616.8,57113.822222222225
1,203,3.35,26,616.8,57113.822916666664
3,164,3.44,27,616.8,57113.82361111111
5,164,3.49,27,616.8,57113.82430555556
8,152,3.51,26,616.9,57113.825
7,146,3.51,26,616.9,57113.825694444444
7,157,3.54,28,616.8,57113.82638888889
8,265,3.64,28,616.8,57113.82708333333
13,339,3.77,27,616.7,57113.82777777778
10,324,3.88,28,616.8,57113.82847222222
6,330,3.88,27,616.8,57113.82916666667
2,330,3.82,27,616.8,57113.82986111111
0,331,3.72,24,616.8,57113.830555555556
0,313,3.62,23,616.8,57113.83125
1,313,3.55,19,616.8,57113.83194444444
0,352,3.53,20,616.8,57113.83263888889
4,293,3.57,23,616.8,57113.833333333336
4,293,3.6,21,616.8,57113.834027777775
1,293,3.62,20,616.8,57113.83472222222
2,293,3.68,23,616.8,57113.83541666667
4,293,3.72,22,616.8,57113.83611111111
1,234,3.77,24,616.9,57113.836805555555
1,229,3.84,26,616.9,57113.8375
3,209,3.94,24,616.9,57113.83819444444
5,177,4.07,29,616.9,57113.83888888889
7,184,4.11,31,616.9,57113.839583333334
6,170,4.11,30,616.9,57113.84027777778
11,154,4.1,36,616.9,57113.84097222222
9,152,4.07,36,616.9,57113.84166666667
7,190,4.0,36,616.9,57113.842361111114
5,253,3.98,32,616.9,57113.84305555555
4,230,3.99,30,616.9,57113.84375
3,214,4.05,32,616.9,57113.84444444445
3,189,4.15,36,616.9,57113.845138888886
4,254,4.25,34,616.9,57113.84583333333
5,230,4.32,30,616.9,57113.84652777778
4,245,4.37,28,616.9,57113.84722222222
3,201,4.38,29,616.9,57113.847916666666
3,196,4.39,30,616.9,57113.84861111111
2,197,4.42,31,616.9,57113.84930555556
3,145,4.5,34,616.9,57113.85
7,323,4.6,29,616.9,57113.850694444445
2,323,4.65,25,616.9,57113.85138888889
0,302,4.7,26,616.9,57113.85208333333
4,182,4.75,35,616.9,57113.85277777778
6,180,4.76,39,616.9,57113.853472222225
8,166,4.68,38,616.9,57113.854166666664
7,165,4.59,40,616.9,57113.85486111111
7,164,4.51,39,616.9,57113.85555555556
6,162,4.39,41,616.9,57113.85625
9,145,4.21,42,616.9,57113.856944444444
9,144,4.0,43,616.9,57113.85763888889
5,144,3.77,44,616.9,57113.85833333333
4,144,3.55,45,616.9,57113.85902777778
1,144,3.36,45,616.9,57113.85972222222
0,164,3.22,46,616.8,57113.86041666667
0,164,3.1,47,616.8,57113.86111111111
0,165,3.01,47,616.8,57113.861805555556
2,182,2.99,43,616.8,57113.8625
3,220,3.06,43,616.8,57113.86319444444
3,220,3.19,36,616.8,57113.86388888889
1,217,3.32,31,616.9,57113.864583333336
0,217,3.51,35,616.9,57113.865277777775
0,217,3.72,37,616.9,57113.86597222222
0,217,3.94,44,616.9,57113.86666666667
0,217,4.06,45,616.9,57113.86736111111
0,217,4.1,46,616.9,57113.868055555555
0,217,4.11,46,616.9,57113.86875
1,217,4.15,47,616.9,57113.86944444444
1,217,4.19,47,616.9,57113.87013888889
0,217,4.22,47,616.9,57113.870833333334
1,216,4.19,46,616.9,57113.87152777778
4,156,4.2,48,616.9,57113.87222222222
4,151,4.25,41,616.9,57113.87291666667
3,150,4.39,45,616.9,57113.873611111114
2,150,4.52,48,616.9,57113.87430555555
1,151,4.64,46,616.9,57113.875
2,107,4.73,40,616.9,57113.87569444445
3,107,4.85,44,616.8,57113.876388888886
2,105,4.93,46,616.8,57113.87708333333
6,55,4.99,45,616.8,57113.87777777778
4,157,5.07,44,616.8,57113.87847222222
5,157,5.16,47,616.8,57113.879166666666
5,148,5.21,47,616.8,57113.87986111111
7,148,5.27,47,616.9,57113.88055555556
8,147,5.29,47,616.9,57113.88125
9,142,5.26,47,616.9,57113.881944444445
8,146,5.15,48,616.9,57113.88263888889
6,144,5.02,49,616.9,57113.88333333333
6,142,4.9,50,616.8,57113.88402777778
5,141,4.77,50,616.8,57113.884722222225
6,124,4.62,50,616.8,57113.885416666664
12,143,4.5,51,616.8,57113.88611111111
12,140,4.42,52,616.8,57113.88680555556
11,146,4.35,53,616.8,57113.8875
10,129,4.28,54,616.8,57113.888194444444
12,128,4.22,55,616.7,57113.88888888889
12,129,4.17,56,616.8,57113.88958333333
11,122,4.13,55,616.8,57113.89027777778
13,141,4.07,56,616.8,57113.89097222222
9,129,4.02,56,616.8,57113.89166666667
7,136,3.96,57,616.8,57113.89236111111
9,127,3.93,57,616.7,57113.893055555556
7,129,3.91,57,616.7,57113.89375
7,123,3.89,58,616.7,57113.89444444444
12,138,3.94,61,616.7,57113.89513888889
16,147,4.09,62,616.6,57113.895833333336
13,159,4.22,63,616.6,57113.896527777775
10,146,4.31,63,616.7,57113.89722222222
11,151,4.39,63,616.7,57113.89791666667
9,181,4.49,62,616.6,57113.89861111111
9,180,4.65,63,616.7,57113.899305555555
4,133,4.81,56,616.7,57113.9
2,158,4.99,57,616.7,57113.90069444444
1,155,5.14,59,616.7,57113.90138888889
4,154,5.26,62,616.7,57113.902083333334
9,154,5.35,62,616.7,57113.90277777778
10,156,5.37,62,616.7,57113.90347222222
13,166,5.31,62,616.6,57113.90416666667
8,170,5.25,62,616.7,57113.904861111114
7,130,5.2,63,616.7,57113.90555555555
9,151,5.14,62,616.7,57113.90625
11,130,5.05,63,616.7,57113.90694444445
8,125,4.98,62,616.6,57113.907638888886
11,143,4.93,61,616.6,57113.90833333333
10,140,4.88,61,616.6,57113.90902777778
9,132,4.78,62,616.6,57113.90972222222
12,128,4.69,68,616.6,57113.910416666666
14,156,4.61,70,616.5,57113.91111111111
12,144,4.54,70,616.5,57113.91180555556
12,154,4.51,71,616.5,57113.9125
7,137,4.5,72,616.6,57113.913194444445
6,126,4.51,71,616.6,57113.91388888889
6,154,4.58,73,616.6,57113.91458333333
2,179,4.68,70,616.6,57113.91527777778
2,314,4.76,56,616.6,57113.915972222225
7,268,4.78,31,616.6,57113.916666666664
8,303,4.9,41,616.5,57113.91736111111
6,307,5.06,57,616.5,57113.91805555556
8,320,5.17,56,616.4,57113.91875
7,320,5.3,58,616.4,57113.919444444444
8,320,5.41,57,616.4,57113.92013888889
9,316,5.42,54,616.4,57113.92083333333
13,320,5.44,57,616.4,57113.92152777778
16,313,5.42,43,616.3,57113.92222222222
18,314,5.38,40,616.3,57113.92291666667
16,329,5.37,41,616.4,57113.92361111111
16,326,5.35,44,616.4,57113.924305555556
13,335,5.33,45,616.4,57113.925
10,335,5.32,34,616.4,57113.92569444444
7,335,5.3,33,616.4,57113.92638888889
8,315,5.24,37,616.4,57113.927083333336
10,319,5.19,28,616.4,57113.927777777775
11,305,5.16,33,616.4,57113.92847222222
9,317,5.08,30,616.4,57113.92916666667
9,288,4.99,34,616.4,57113.92986111111
9,304,4.93,32,616.3,57113.930555555555
12,298,4.9,36,616.2,57113.93125
15,320,4.89,35,616.2,57113.93194444444
13,341,4.94,45,616.4,57113.93263888889
12,341,4.94,34,616.3,57113.933333333334
7,338,4.89,30,616.4,57113.93402777778
2,341,4.83,29,616.3,57113.93472222222
0,341,4.78,30,616.3,57113.93541666667
2,292,4.74,28,616.3,57113.936111111114
1,292,4.74,24,616.3,57113.93680555555
1,326,4.76,26,616.3,57113.9375
3,341,4.79,28,616.3,57113.93819444445
2,342,4.8,32,616.3,57113.938888888886
6,316,4.83,46,616.2,57113.93958333333
13,345,4.84,56,616.2,57113.94027777778
12,327,4.86,58,616.2,57113.94097222222
11,341,4.85,59,616.2,57113.941666666666
10,341,4.82,59,616.2,57113.94236111111
7,342,4.77,57,616.2,57113.94305555556
7,343,4.72,59,616.2,57113.94375
8,349,4.71,60,616.2,57113.944444444445
13,303,4.73,56,616.2,57113.94513888889
16,344,4.77,54,616.2,57113.94583333333
11,331,4.82,53,616.2,57113.94652777778
12,339,4.9,54,616.1,57113.947222222225
10,320,4.97,53,616.2,57113.947916666664
10,285,5.01,51,616.1,57113.94861111111
13,313,5.03,51,616.2,57113.94930555556
15,321,5.07,51,616.1,57113.95
14,310,5.12,53,616.1,57113.950694444444
13,316,5.12,53,616.1,57113.95138888889
11,292,5.07,49,616.1,57113.95208333333
7,318,5.02,45,616.2,57113.95277777778
8,311,5.01,48,616.2,57113.95347222222
6,281,4.98,48,616.1,57113.95416666667
7,295,4.96,53,616.1,57113.95486111111
7,288,4.91,51,616.1,57113.955555555556
10,322,4.89,50,616.1,57113.95625
9,294,4.84,50,616.1,57113.95694444444
14,309,4.77,43,616.1,57113.95763888889
12,307,4.7,37,616.1,57113.958333333336
13,297,4.67,41,616.1,57113.959027777775
12,303,4.68,51,616.0,57113.95972222222
16,310,4.65,46,616.0,57113.96041666667
17,303,4.63,38,616.0,57113.96111111111
14,311,4.63,37,616.0,57113.961805555555
18,299,4.66,54,616.0,57113.9625
20,317,4.68,57,616.0,57113.96319444444
17,288,4.7,54,616.0,57113.96388888889
12,302,4.67,54,616.0,57113.964583333334
13,303,4.62,57,616.0,57113.96527777778
9,305,4.54,50,616.0,57113.96597222222
8,291,4.49,51,616.0,57113.96666666667
10,314,4.47,52,616.0,57113.967361111114
12,331,4.51,52,616.0,57113.96805555555
9,323,4.59,54,616.0,57113.96875
6,318,4.66,54,616.0,57113.96944444445
5,319,4.72,50,616.0,57113.970138888886
8,280,4.8,51,616.0,57113.97083333333
7,293,4.89,48,616.0,57113.97152777778
7,301,4.98,43,615.9,57113.97222222222
3,331,5.06,41,615.9,57113.972916666666
9,326,5.1,36,615.9,57113.97361111111
8,320,5.13,38,615.9,57113.97430555556
6,290,5.18,42,615.9,57113.975
5,314,5.23,46,615.9,57113.975694444445
13,288,5.32,47,615.9,57113.97638888889
10,281,5.4,48,615.9,57113.97708333333
5,264,5.46,43,615.9,57113.97777777778
2,264,5.53,32,615.9,57113.978472222225
1,258,5.59,32,615.9,57113.979166666664
0,258,5.69,34,615.9,57113.97986111111
1,257,5.74,27,615.9,57113.98055555556
0,257,5.88,45,615.9,57113.98125
0,257,5.98,39,615.9,57113.981944444444
3,302,5.99,32,615.9,57113.98263888889
1,303,5.99,31,615.9,57113.98333333333
0,288,5.95,33,615.8,57113.98402777778
3,321,5.9,26,615.8,57113.98472222222
15,270,5.9,28,615.8,57113.98541666667
8,267,5.97,31,615.7,57113.98611111111
8,267,6.09,30,615.7,57113.986805555556
8,227,6.2,29,615.7,57113.9875
9,226,6.33,31,615.7,57113.98819444444
5,254,6.45,39,615.8,57113.98888888889
10,337,6.54,40,615.8,57113.989583333336
6,292,6.61,39,615.8,57113.990277777775
7,272,6.62,34,615.7,57113.99097222222
8,308,6.56,28,615.7,57113.99166666667
9,275,6.52,39,615.7,57113.99236111111
6,308,6.47,42,615.7,57113.993055555555
12,271,6.4,48,615.6,57113.99375
11,299,6.33,53,615.7,57113.99444444444
13,278,6.27,54,615.7,57113.99513888889
6,278,6.16,47,615.7,57113.995833333334
5,218,6.08,45,615.7,57113.99652777778
10,280,6.02,43,615.6,57113.99722222222
11,282,5.99,47,615.6,57113.99791666667
10,283,5.93,47,615.6,57113.998611111114
5,161,5.86,52,615.6,57113.99930555555
4,198,5.82,46,615.6,57114.0
4,202,5.87,56,615.6,57114.00069444445
5,194,5.96,59,615.7,57114.001388888886
3,162,6.02,56,615.7,57114.00208333333
5,172,6.11,55,615.7,57114.00277777778
1,174,6.24,54,615.7,57114.00347222222
0,176,6.4,54,615.7,57114.004166666666
0,172,6.51,53,615.7,57114.00486111111
0,179,6.57,53,615.6,57114.00555555556
2,161,6.56,53,615.6,57114.00625
6,160,6.52,54,615.6,57114.006944444445
8,163,6.43,54,615.6,57114.00763888889
11,156,6.32,54,615.6,57114.00833333333
6,159,6.21,54,615.6,57114.00902777778
2,164,6.11,52,615.6,57114.009722222225
3,304,6.09,52,615.6,57114.010416666664
9,307,6.12,51,615.6,57114.01111111111
6,309,6.17,51,615.6,57114.01180555556
2,0,6.21,51,615.6,57114.0125
1,24,6.24,53,615.6,57114.013194444444
3,141,6.28,56,615.6,57114.01388888889
6,143,6.34,55,615.6,57114.01458333333
4,142,6.37,55,615.6,57114.01527777778
1,142,6.34,54,615.6,57114.01597222222
2,142,6.25,54,615.6,57114.01666666667
3,141,6.15,55,615.6,57114.01736111111
4,100,6.11,55,615.5,57114.018055555556
7,104,6.09,54,615.5,57114.01875
4,121,6.05,54,615.5,57114.01944444444
2,121,5.97,54,615.5,57114.02013888889
4,108,5.82,54,615.4,57114.020833333336
7,102,5.66,54,615.5,57114.021527777775
8,122,5.55,56,615.5,57114.02222222222
7,120,5.48,55,615.5,57114.02291666667
7,122,5.44,56,615.5,57114.02361111111
5,124,5.44,57,615.5,57114.024305555555
10,121,5.55,58,615.5,57114.025
11,121,5.71,58,615.5,57114.02569444444
8,125,5.87,57,615.5,57114.02638888889
7,125,5.96,55,615.4,57114.027083333334
3,115,5.98,51,615.4,57114.02777777778
0,100,5.96,34,615.4,57114.02847222222
1,79,5.99,31,615.4,57114.02916666667
4,78,6.13,44,615.4,57114.029861111114
4,330,6.23,35,615.4,57114.03055555555
8,330,6.28,28,615.3,57114.03125
9,330,6.32,26,615.3,57114.03194444445
8,333,6.39,29,615.3,57114.032638888886
7,333,6.45,32,615.3,57114.03333333333
9,3,6.54,47,615.3,57114.03402777778
10,26,6.6,54,615.3,57114.03472222222
9,348,6.62,52,615.3,57114.035416666666
9,20,6.66,53,615.3,57114.03611111111
7,16,6.7,52,615.3,57114.03680555556
5,54,6.71,53,615.3,57114.0375
3,27,6.69,52,615.2,57114.038194444445
3,78,6.66,53,615.3,57114.03888888889
3,75,6.65,52,615.3,57114.03958333333
3,40,6.61,54,615.3,57114.04027777778
4,28,6.58,56,615.3,57114.040972222225
10,24,6.57,57,615.3,57114.041666666664
8,23,6.56,57,615.2,57114.04236111111
7,23,6.49,57,615.2,57114.04305555556
7,23,6.4,57,615.2,57114.04375
4,23,6.27,56,615.2,57114.044444444444
0,23,6.09,55,615.2,57114.04513888889
4,21,5.93,57,615.2,57114.04583333333
7,21,5.82,58,615.2,57114.04652777778
8,19,5.75,59,615.2,57114.04722222222
9,350,5.69,60,615.2,57114.04791666667
7,345,5.61,60,615.2,57114.04861111111
5,345,5.48,58,615.2,57114.049305555556
4,345,5.32,56,615.2,57114.05
4,345,5.18,57,615.2,57114.05069444444
3,40,5.06,58,615.2,57114.05138888889
1,40,4.98,58,615.2,57114.052083333336
2,40,4.97,59,615.2,57114.052777777775
3,40,5.01,60,615.2,57114.05347222222
3,39,5.06,61,615.2,57114.05416666667
6,39,5.14,59,615.2,57114.05486111111
5,39,5.22,61,615.2,57114.055555555555
5,39,5.28,62,615.2,57114.05625
5,39,5.29,61,615.2,57114.05694444444
6,39,5.28,60,615.2,57114.05763888889
6,39,5.26,60,615.2,57114.058333333334
5,39,5.22,59,615.3,57114.05902777778
3,41,5.2,60,615.3,57114.05972222222
2,41,5.23,60,615.2,57114.06041666667
3,42,5.29,60,615.2,57114.061111111114
6,152,5.39,63,615.2,57114.06180555555
8,150,5.44,66,615.2,57114.0625
6,152,5.39,66,615.2,57114.06319444445
3,154,5.26,65,615.2,57114.063888888886
0,153,5.08,66,615.2,57114.06458333333
0,154,4.93,67,615.2,57114.06527777778
1,152,4.86,67,615.2,57114.06597222222
2,150,4.82,64,615.2,57114.066666666666
1,46,4.77,63,615.2,57114.06736111111
3,46,4.82,61,615.2,57114.06805555556
4,45,4.93,60,615.2,57114.06875
5,39,5.04,60,615.2,57114.069444444445
7,39,5.16,61,615.2,57114.07013888889
7,38,5.22,62,615.2,57114.07083333333
8,35,5.21,61,615.2,57114.07152777778
8,34,5.16,61,615.2,57114.072222222225
7,34,5.11,61,615.2,57114.072916666664
6,34,5.04,61,615.2,57114.07361111111
6,33,5.03,61,615.2,57114.07430555556
4,33,5.09,60,615.2,57114.075
2,33,5.16,59,615.2,57114.075694444444
2,33,5.17,59,615.2,57114.07638888889
0,33,5.12,59,615.2,57114.07708333333
0,33,5.03,59,615.1,57114.07777777778
0,36,4.98,60,615.1,57114.07847222222
1,86,4.96,59,615.1,57114.07916666667
4,86,4.93,60,615.1,57114.07986111111
8,125,4.9,66,615.1,57114.080555555556
11,121,4.86,68,615.1,57114.08125
11,119,4.79,69,615.1,57114.08194444444
8,119,4.71,68,615.1,57114.08263888889
6,126,4.62,68,615.1,57114.083333333336
11,122,4.53,68,615.1,57114.084027777775
9,123,4.45,68,615.1,57114.08472222222
6,117,4.37,65,615.1,57114.08541666667
7,125,4.28,61,615.1,57114.08611111111
6,54,4.23,61,615.1,57114.086805555555
2,52,4.24,63,615.1,57114.0875
1,52,4.31,63,615.1,57114.08819444444
0,53,4.38,63,615.2,57114.08888888889
3,74,4.47,63,615.2,57114.089583333334
2,74,4.49,64,615.2,57114.09027777778
5,124,4.44,64,615.1,57114.09097222222
10,119,4.34,63,615.1,57114.09166666667
10,118,4.25,65,615.1,57114.092361111114
13,125,4.15,64,615.1,57114.09305555555
10,132,4.09,64,615.1,57114.09375
8,139,4.01,65,615.1,57114.09444444445
8,139,3.91,68,615.1,57114.095138888886
6,139,3.78,69,615.1,57114.09583333333
5,140,3.65,69,615.1,57114.09652777778
4,140,3.53,69,615.1,57114.09722222222
8,140,3.42,69,615.1,57114.097916666666
8,139,3.32,69,615.1,57114.09861111111
8,140,3.22,69,615.1,57114.09930555556
9,141,3.12,69,615.1,57114.1
10,140,3.02,70,615.1,57114.100694444445
10,141,2.94,71,615.1,57114.10138888889
8,146,2.88,71,615.1,57114.10208333333
6,140,2.81,71,615.2,57114.10277777778
7,147,2.73,71,615.2,57114.103472222225
7,147,2.67,72,615.2,57114.104166666664
7,144,2.6,74,615.2,57114.10486111111
7,148,2.53,75,615.2,57114.10555555556
7,149,2.46,77,615.2,57114.10625
2,149,2.41,78,615.2,57114.106944444444
1,180,2.4,77,615.2,57114.10763888889
6,293,2.45,75,615.2,57114.10833333333
2,293,2.56,74,615.2,57114.10902777778
0,293,2.7,75,615.2,57114.10972222222
0,292,2.83,75,615.2,57114.11041666667
2,299,2.95,75,615.2,57114.11111111111
4,299,3.08,74,615.2,57114.111805555556
2,299,3.19,73,615.2,57114.1125
0,268,3.26,73,615.2,57114.11319444444
2,307,3.28,74,615.2,57114.11388888889
7,306,3.28,74,615.2,57114.114583333336
8,306,3.28,73,615.2,57114.115277777775
9,309,3.27,73,615.2,57114.11597222222
5,309,3.27,72,615.3,57114.11666666667
7,308,3.34,72,615.3,57114.11736111111
6,308,3.38,71,615.3,57114.118055555555
2,308,3.4,70,615.3,57114.11875
1,308,3.4,73,615.3,57114.11944444444
1,310,3.41,72,615.3,57114.12013888889
4,310,3.4,73,615.3,57114.120833333334
1,310,3.38,73,615.3,57114.12152777778
0,310,3.31,71,615.4,57114.12222222222
0,310,3.22,71,615.4,57114.12291666667
0,310,3.12,73,615.4,57114.123611111114
2,310,3.09,74,615.4,57114.12430555555
9,352,3.12,74,615.3,57114.125
10,0,3.18,74,615.3,57114.12569444445
9,4,3.24,73,615.3,57114.126388888886
6,4,3.32,72,615.3,57114.12708333333
1,353,3.38,72,615.4,57114.12777777778
5,353,3.42,73,615.4,57114.12847222222
6,353,3.5,72,615.4,57114.129166666666
8,347,3.58,70,615.4,57114.12986111111
10,0,3.66,68,615.4,57114.13055555556
8,347,3.7,67,615.4,57114.13125
12,7,3.7,67,615.3,57114.131944444445
12,352,3.69,67,615.3,57114.13263888889
10,0,3.66,68,615.3,57114.13333333333
10,0,3.58,69,615.3,57114.13402777778
13,7,3.5,70,615.3,57114.134722222225
12,345,3.46,70,615.3,57114.135416666664
12,353,3.43,70,615.4,57114.13611111111
9,331,3.37,69,615.4,57114.13680555556
9,7,3.27,69,615.4,57114.1375
7,4,3.16,68,615.4,57114.138194444444
8,354,3.05,69,615.4,57114.13888888889
11,0,2.98,71,615.4,57114.13958333333
10,1,2.92,72,615.4,57114.14027777778
10,0,2.83,72,615.4,57114.14097222222
12,0,2.75,72,615.4,57114.14166666667
12,0,2.71,74,615.4,57114.14236111111
9,351,2.63,74,615.4,57114.143055555556
7,0,2.52,74,615.4,57114.14375
7,1,2.43,74,615.4,57114.14444444444
8,7,2.36,76,615.4,57114.14513888889
6,349,2.28,77,615.4,57114.145833333336
5,342,2.21,77,615.5,57114.146527777775
5,3,2.15,77,615.5,57114.14722222222
5,3,2.11,77,615.5,57114.14791666667
10,347,2.08,75,615.5,57114.14861111111
8,354,2.05,74,615.4,57114.149305555555
8,346,1.99,74,615.5,57114.15
7,0,1.94,75,615.5,57114.15069444444
7,348,1.91,76,615.5,57114.15138888889
6,354,1.85,76,615.5,57114.152083333334
5,349,1.79,74,615.5,57114.15277777778
4,0,1.76,74,615.5,57114.15347222222
3,0,1.75,73,615.5,57114.15416666667
0,0,1.73,73,615.5,57114.154861111114
0,0,1.7,73,615.5,57114.15555555555
0,0,1.69,73,615.5,57114.15625
0,353,1.68,74,615.5,57114.15694444445
1,332,1.68,74,615.5,57114.157638888886
1,334,1.7,74,615.5,57114.15833333333
3,337,1.78,74,615.5,57114.15902777778
2,337,1.83,73,615.5,57114.15972222222
0,338,1.88,72,615.6,57114.160416666666
0,331,1.9,72,615.6,57114.16111111111
0,331,1.9,73,615.6,57114.16180555556
0,330,1.88,70,615.6,57114.1625
0,330,1.84,69,615.5,57114.163194444445
0,330,1.8,68,615.5,57114.16388888889
0,330,1.74,68,615.5,57114.16458333333
0,39,1.65,68,615.5,57114.16527777778
0,39,1.57,70,615.5,57114.165972222225
0,39,1.48,69,615.5,57114.166666666664
0,39,1.39,70,615.5,57114.16736111111
0,39,1.33,72,615.5,57114.16805555556
0,39,1.32,73,615.5,57114.16875
0,39,1.36,73,615.5,57114.169444444444
0,39,1.43,73,615.5,57114.17013888889
0,39,1.49,73,615.5,57114.17083333333
0,39,1.55,73,615.6,57114.17152777778
0,327,1.59,72,615.6,57114.17222222222
0,327,1.6,70,615.6,57114.17291666667
0,327,1.58,70,615.6,57114.17361111111
1,327,1.57,71,615.6,57114.174305555556
6,327,1.58,69,615.6,57114.175
4,327,1.62,67,615.6,57114.17569444444
3,327,1.66,65,615.6,57114.17638888889
3,327,1.72,65,615.6,57114.177083333336
3,327,1.81,69,615.6,57114.177777777775
0,327,1.86,67,615.6,57114.17847222222
0,327,1.91,66,615.6,57114.17916666667
1,327,1.91,53,615.6,57114.17986111111
0,327,1.97,60,615.6,57114.180555555555
0,327,1.99,61,615.6,57114.18125
0,327,1.96,64,615.6,57114.18194444444
0,327,1.86,66,615.6,57114.18263888889
0,327,1.69,67,615.6,57114.183333333334
0,327,1.48,68,615.6,57114.18402777778
0,327,1.26,69,615.6,57114.18472222222
0,327,1.04,70,615.6,57114.18541666667
0,327,0.86,69,615.5,57114.186111111114
1,327,0.72,68,615.5,57114.18680555555
3,327,0.65,64,615.5,57114.1875
7,326,0.64,58,615.5,57114.18819444445
11,325,0.66,48,615.5,57114.188888888886
11,325,0.7,34,615.5,57114.18958333333
9,325,0.79,27,615.5,57114.19027777778
6,325,0.92,29,615.6,57114.19097222222
4,324,1.06,34,615.6,57114.191666666666
1,324,1.2,51,615.6,57114.19236111111
0,324,1.26,62,615.6,57114.19305555556
0,324,1.19,66,615.6,57114.19375
0,324,1.05,67,615.6,57114.194444444445
0,325,0.88,69,615.6,57114.19513888889
0,325,0.69,70,615.6,57114.19583333333
0,325,0.49,71,615.6,57114.19652777778
0,324,0.3,71,615.6,57114.197222222225
0,324,0.11,71,615.6,57114.197916666664
0,324,-0.04,71,615.6,57114.19861111111
0,324,-0.18,72,615.6,57114.19930555556
0,324,-0.29,73,615.6,57114.2
0,324,-0.4,71,615.6,57114.200694444444
1,324,-0.48,58,615.6,57114.20138888889
3,324,-0.46,57,615.6,57114.20208333333
5,324,-0.39,57,615.6,57114.20277777778
7,324,-0.31,53,615.6,57114.20347222222
8,324,-0.21,53,615.6,57114.20416666667
8,324,-0.11,52,615.6,57114.20486111111
9,324,-0.02,53,615.6,57114.205555555556
7,324,0.06,53,615.6,57114.20625
7,324,0.13,54,615.7,57114.20694444444
5,324,0.18,55,615.7,57114.20763888889
2,324,0.21,54,615.7,57114.208333333336
1,324,0.23,57,615.7,57114.209027777775
0,324,0.23,57,615.7,57114.20972222222
0,324,0.22,58,615.7,57114.21041666667
0,324,0.22,59,615.7,57114.21111111111
0,324,0.21,61,615.7,57114.211805555555
0,324,0.19,62,615.7,57114.2125
0,324,0.16,61,615.7,57114.21319444444
1,324,0.11,55,615.7,57114.21388888889
3,324,0.1,55,615.7,57114.214583333334
4,324,0.1,57,615.7,57114.21527777778
6,324,0.1,58,615.7,57114.21597222222
9,324,0.11,60,615.7,57114.21666666667
11,324,0.09,53,615.7,57114.217361111114
12,324,0.08,51,615.7,57114.21805555555
12,324,0.11,61,615.7,57114.21875
11,324,0.1,64,615.7,57114.21944444445
11,324,0.06,64,615.7,57114.220138888886
13,324,0.01,57,615.7,57114.22083333333
13,324,-0.04,52,615.7,57114.22152777778
14,324,-0.05,48,615.8,57114.22222222222
14,323,-0.05,42,615.8,57114.222916666666
14,322,-0.04,30,615.8,57114.22361111111
13,323,0.02,29,615.8,57114.22430555556
12,323,0.09,28,615.8,57114.225
12,322,0.17,27,615.8,57114.225694444445
11,322,0.24,26,615.9,57114.22638888889
11,322,0.3,23,615.9,57114.22708333333
9,322,0.37,27,615.9,57114.22777777778
7,323,0.42,31,615.9,57114.228472222225
6,323,0.46,32,615.9,57114.229166666664
5,323,0.46,34,615.9,57114.22986111111
4,323,0.44,32,615.9,57114.23055555556
5,323,0.42,31,615.9,57114.23125
5,323,0.4,27,615.9,57114.231944444444
4,323,0.38,24,615.9,57114.23263888889
7,323,0.37,22,615.9,57114.23333333333
8,323,0.38,21,615.9,57114.23402777778
9,323,0.4,21,615.9,57114.23472222222
11,323,0.42,20,615.9,57114.23541666667
11,323,0.44,18,615.9,57114.23611111111
11,323,0.48,21,615.8,57114.236805555556
12,323,0.5,22,615.8,57114.2375
11,323,0.51,23,615.8,57114.23819444444
10,323,0.52,25,615.8,57114.23888888889
10,323,0.51,26,615.8,57114.239583333336
8,323,0.48,26,615.9,57114.240277777775
8,323,0.45,25,615.9,57114.24097222222
8,323,0.42,25,615.9,57114.24166666667
8,323,0.4,22,615.9,57114.24236111111
10,323,0.38,20,615.9,57114.243055555555
11,323,0.38,19,615.9,57114.24375
13,323,0.38,18,615.9,57114.24444444444
13,323,0.38,16,615.9,57114.24513888889
13,323,0.41,18,615.9,57114.245833333334
14,323,0.42,20,615.9,57114.24652777778
15,322,0.41,18,615.9,57114.24722222222
17,322,0.4,16,615.8,57114.24791666667
17,322,0.41,16,615.8,57114.248611111114
18,322,0.41,14,615.8,57114.24930555555
18,322,0.41,13,615.8,57114.25
18,322,0.44,13,615.8,57114.25069444445
18,322,0.44,13,615.8,57114.251388888886
17,322,0.45,12,615.8,57114.25208333333
17,322,0.47,13,615.8,57114.25277777778
16,322,0.47,12,615.8,57114.25347222222
16,322,0.47,12,615.8,57114.254166666666
15,322,0.47,12,615.9,57114.25486111111
14,322,0.46,12,615.9,57114.25555555556
14,322,0.46,12,615.9,57114.25625
14,322,0.45,11,615.9,57114.256944444445
14,322,0.45,11,615.9,57114.25763888889
13,322,0.45,12,616.0,57114.25833333333
12,322,0.44,12,616.0,57114.25902777778
13,322,0.41,12,616.0,57114.259722222225
12,322,0.38,12,615.9,57114.260416666664
11,324,0.34,12,615.9,57114.26111111111
12,324,0.31,12,615.9,57114.26180555556
13,324,0.27,12,615.9,57114.2625
15,322,0.23,12,615.9,57114.263194444444
16,323,0.2,12,615.9,57114.26388888889
17,323,0.19,12,615.9,57114.26458333333
17,323,0.19,12,615.9,57114.26527777778
18,322,0.2,11,615.9,57114.26597222222
18,323,0.23,11,615.9,57114.26666666667
19,322,0.26,10,615.9,57114.26736111111
19,322,0.3,10,615.9,57114.268055555556
19,322,0.36,10,615.9,57114.26875
20,322,0.42,10,615.9,57114.26944444444
19,322,0.48,10,616.0,57114.27013888889
19,322,0.52,10,616.0,57114.270833333336
18,322,0.55,11,616.0,57114.271527777775
20,322,0.56,10,616.0,57114.27222222222
20,322,0.58,10,616.0,57114.27291666667
19,322,0.59,10,616.0,57114.27361111111
21,322,0.59,10,616.0,57114.274305555555
21,321,0.62,10,616.0,57114.275
20,321,0.64,10,616.0,57114.27569444444
19,321,0.65,10,616.0,57114.27638888889
19,321,0.65,10,616.0,57114.277083333334
19,321,0.65,10,616.0,57114.27777777778
19,321,0.65,9,616.0,57114.27847222222
19,321,0.65,9,616.0,57114.27916666667
20,320,0.66,9,616.0,57114.279861111114
19,320,0.67,9,616.0,57114.28055555555
20,320,0.68,9,616.0,57114.28125
20,320,0.68,9,616.0,57114.28194444445
21,320,0.68,10,616.0,57114.282638888886
21,320,0.68,9,616.0,57114.28333333333
23,320,0.71,9,616.1,57114.28402777778
22,319,0.73,9,616.1,57114.28472222222
23,319,0.76,10,616.1,57114.285416666666
24,314,0.79,10,616.1,57114.28611111111
22,315,0.82,10,616.1,57114.28680555556
23,316,0.85,10,616.1,57114.2875
23,316,0.87,9,616.1,57114.288194444445
23,316,0.9,9,616.2,57114.28888888889
23,320,0.93,9,616.2,57114.28958333333
23,316,0.96,9,616.2,57114.29027777778
22,321,0.99,9,616.2,57114.290972222225
22,319,1.0,9,616.2,57114.291666666664
22,320,1.01,9,616.2,57114.29236111111
20,319,1.02,9,616.2,57114.29305555556
21,318,1.01,9,616.3,57114.29375
19,318,1.01,9,616.3,57114.294444444444
19,318,0.98,10,616.3,57114.29513888889
19,318,0.95,10,616.3,57114.29583333333
19,318,0.91,9,616.3,57114.29652777778
20,318,0.87,9,616.3,57114.29722222222
19,320,0.84,9,616.3,57114.29791666667
19,320,0.82,9,616.3,57114.29861111111
19,320,0.78,9,616.3,57114.299305555556
19,321,0.74,9,616.3,57114.3
18,321,0.7,9,616.3,57114.30069444444
19,320,0.65,9,616.3,57114.30138888889
18,318,0.6,9,616.3,57114.302083333336
18,317,0.57,9,616.3,57114.302777777775
17,317,0.56,9,616.3,57114.30347222222
16,316,0.53,9,616.3,57114.30416666667
15,316,0.53,9,616.4,57114.30486111111
14,315,0.52,9,616.4,57114.305555555555
12,314,0.52,9,616.4,57114.30625
11,314,0.53,9,616.4,57114.30694444444
13,314,0.53,9,616.4,57114.30763888889
15,314,0.56,10,616.4,57114.308333333334
15,314,0.57,10,616.4,57114.30902777778
16,314,0.59,10,616.4,57114.30972222222
16,314,0.61,10,616.4,57114.31041666667
17,314,0.62,10,616.4,57114.311111111114
17,314,0.64,10,616.4,57114.31180555555
17,314,0.65,10,616.4,57114.3125
17,314,0.65,10,616.4,57114.31319444445
17,314,0.65,10,616.4,57114.313888888886
17,314,0.65,9,616.4,57114.31458333333
17,314,0.65,9,616.4,57114.31527777778
17,314,0.66,9,616.4,57114.31597222222
16,314,0.68,9,616.4,57114.316666666666
16,314,0.69,9,616.4,57114.31736111111
15,315,0.71,9,616.4,57114.31805555556
13,315,0.72,8,616.4,57114.31875
12,320,0.75,8,616.5,57114.319444444445
12,318,0.77,8,616.4,57114.32013888889
13,315,0.79,8,616.4,57114.32083333333
13,317,0.82,8,616.4,57114.32152777778
12,319,0.85,8,616.4,57114.322222222225
11,319,0.87,8,616.4,57114.322916666664
11,319,0.89,8,616.4,57114.32361111111
10,321,0.9,8,616.4,57114.32430555556
13,316,0.9,8,616.4,57114.325
13,318,0.89,8,616.4,57114.325694444444
13,318,0.86,8,616.4,57114.32638888889
14,315,0.84,9,616.4,57114.32708333333
14,315,0.8,9,616.4,57114.32777777778
14,315,0.77,9,616.4,57114.32847222222
14,318,0.74,9,616.4,57114.32916666667
14,319,0.7,9,616.4,57114.32986111111
15,318,0.66,9,616.4,57114.330555555556
15,319,0.62,9,616.4,57114.33125
17,317,0.58,9,616.4,57114.33194444444
16,318,0.56,9,616.4,57114.33263888889
16,317,0.56,9,616.4,57114.333333333336
15,321,0.58,9,616.4,57114.334027777775
16,322,0.59,9,616.4,57114.33472222222
16,322,0.6,9,616.4,57114.33541666667
16,318,0.61,9,616.4,57114.33611111111
15,318,0.6,10,616.4,57114.336805555555
15,321,0.57,10,616.4,57114.3375
14,323,0.54,10,616.4,57114.33819444444
13,324,0.51,10,616.4,57114.33888888889
13,321,0.46,10,616.4,57114.339583333334
13,322,0.4,10,616.4,57114.34027777778
12,323,0.33,10,616.4,57114.34097222222
11,324,0.27,10,616.4,57114.34166666667
8,325,0.23,10,616.4,57114.342361111114
8,326,0.19,9,616.4,57114.34305555555
9,326,0.16,9,616.4,57114.34375
9,326,0.16,9,616.4,57114.34444444445
9,326,0.16,9,616.4,57114.345138888886
9,326,0.17,9,616.4,57114.34583333333
9,326,0.17,9,616.4,57114.34652777778
10,326,0.16,9,616.4,57114.34722222222
8,326,0.13,9,616.4,57114.347916666666
8,326,0.1,10,616.4,57114.34861111111
7,326,0.06,10,616.4,57114.34930555556
7,326,0.01,10,616.4,57114.35
8,327,-0.04,10,616.4,57114.350694444445
8,327,-0.05,9,616.4,57114.35138888889
7,327,-0.05,9,616.4,57114.35208333333
9,327,-0.05,10,616.3,57114.35277777778
12,325,-0.05,9,616.3,57114.353472222225
12,323,-0.02,9,616.3,57114.354166666664
12,322,0.02,9,616.3,57114.35486111111
12,321,0.06,9,616.3,57114.35555555556
12,321,0.1,9,616.3,57114.35625
12,321,0.14,9,616.3,57114.356944444444
12,321,0.17,9,616.3,57114.35763888889
12,322,0.2,9,616.3,57114.35833333333
11,326,0.22,9,616.3,57114.35902777778
11,324,0.23,9,616.3,57114.35972222222
11,323,0.24,9,616.3,57114.36041666667
12,324,0.23,9,616.3,57114.36111111111
12,320,0.22,9,616.3,57114.361805555556
12,321,0.22,9,616.3,57114.3625
12,321,0.21,9,616.2,57114.36319444444
12,321,0.22,9,616.2,57114.36388888889
12,323,0.22,9,616.3,57114.364583333336
10,322,0.22,9,616.3,57114.365277777775
10,321,0.2,9,616.3,57114.36597222222
7,325,0.19,9,616.3,57114.36666666667
5,328,0.19,9,616.3,57114.36736111111
3,328,0.18,9,616.3,57114.368055555555
3,328,0.15,9,616.3,57114.36875
3,328,0.12,9,616.3,57114.36944444444
2,328,0.08,9,616.3,57114.37013888889
2,328,0.04,9,616.3,57114.370833333334
3,339,0.0,10,616.3,57114.37152777778
4,0,-0.04,9,616.3,57114.37222222222
4,7,-0.08,9,616.3,57114.37291666667
4,9,-0.12,9,616.3,57114.373611111114
3,9,-0.14,9,616.2,57114.37430555555
3,9,-0.17,9,616.2,57114.375
4,9,-0.19,10,616.2,57114.37569444445
6,322,-0.23,9,616.2,57114.376388888886
5,346,-0.26,9,616.2,57114.37708333333
6,346,-0.31,10,616.2,57114.37777777778
6,346,-0.34,9,616.2,57114.37847222222
6,345,-0.36,9,616.2,57114.379166666666
7,338,-0.36,9,616.2,57114.37986111111
9,337,-0.35,9,616.2,57114.38055555556
9,316,-0.32,9,616.2,57114.38125
11,319,-0.28,9,616.2,57114.381944444445
10,319,-0.22,9,616.2,57114.38263888889
12,324,-0.15,9,616.2,57114.38333333333
14,323,-0.07,9,616.2,57114.38402777778
12,323,0.05,9,616.2,57114.384722222225
13,319,0.16,9,616.2,57114.385416666664
14,320,0.24,9,616.1,57114.38611111111
15,319,0.3,9,616.1,57114.38680555556
15,328,0.34,9,616.1,57114.3875
14,322,0.37,9,616.1,57114.388194444444
15,319,0.4,10,616.1,57114.38888888889
13,324,0.41,10,616.1,57114.38958333333
13,319,0.38,10,616.1,57114.39027777778
15,322,0.33,10,616.1,57114.39097222222
18,316,0.28,10,616.1,57114.39166666667
17,322,0.26,10,616.1,57114.39236111111
16,318,0.25,10,616.1,57114.393055555556
16,321,0.25,10,616.1,57114.39375
15,320,0.24,10,616.1,57114.39444444444
13,323,0.21,10,616.1,57114.39513888889
13,320,0.18,10,616.1,57114.395833333336
13,322,0.13,10,616.1,57114.396527777775
13,321,0.09,10,616.1,57114.39722222222
12,322,0.06,9,616.1,57114.39791666667
12,323,0.03,10,616.1,57114.39861111111
10,326,-0.01,10,616.1,57114.399305555555
9,324,-0.04,10,616.0,57114.4
11,327,-0.07,10,616.0,57114.40069444444
9,328,-0.09,10,616.0,57114.40138888889
11,325,-0.11,10,616.0,57114.402083333334
12,323,-0.14,10,616.0,57114.40277777778
14,328,-0.15,9,616.0,57114.40347222222
12,330,-0.14,9,616.0,57114.40416666667
14,327,-0.12,9,616.0,57114.404861111114
13,328,-0.11,10,616.0,57114.40555555555
14,329,-0.13,10,615.9,57114.40625
13,332,-0.14,9,615.9,57114.40694444445
13,331,-0.13,9,615.9,57114.407638888886
13,329,-0.08,9,615.9,57114.40833333333
12,330,-0.04,9,615.9,57114.40902777778
12,328,-0.01,9,615.9,57114.40972222222
14,328,0.02,9,615.9,57114.410416666666
14,325,0.06,9,615.9,57114.41111111111
16,324,0.1,9,615.9,57114.41180555556
16,323,0.15,9,615.9,57114.4125
16,327,0.16,9,615.9,57114.413194444445
17,331,0.16,9,615.8,57114.41388888889
18,326,0.16,9,615.8,57114.41458333333
18,324,0.14,9,615.8,57114.41527777778
17,328,0.13,9,615.8,57114.415972222225
