wind_speed,wind_direction,temperature,relative_humidity,pressure,mjd
8,56.0,4.56,10,620.3,57878.416666666664
7,49.0,4.55,10,620.3,57878.41736111111
8,59.0,4.52,10,620.3,57878.41805555556
11,56.0,4.48,10,620.3,57878.41875
10,38.0,4.47,10,620.3,57878.419444444444
9,49.0,4.48,10,620.2,57878.42013888889
13,49.0,4.5,10,620.2,57878.42083333333
11,57.0,4.52,10,620.2,57878.42152777778
12,50.0,4.54,10,620.2,57878.42222222222
11,68.0,4.55,10,620.2,57878.42291666667
10,53.0,4.56,10,620.2,57878.42361111111
11,42.0,4.56,10,620.2,57878.424305555556
12,48.0,4.57,10,620.1,57878.425
12,46.0,4.59,10,620.1,57878.42569444444
12,52.0,4.62,10,620.1,57878.42638888889
12,54.0,4.64,10,620.1,57878.427083333336
11,47.0,4.66,10,620.1,57878.427777777775
9,47.0,4.69,10,620.2,57878.42847222222
9,50.0,4.71,10,620.1,57878.42916666667
9,41.0,4.73,10,620.1,57878.42986111111
12,45.0,4.72,10,620.1,57878.430555555555
13,46.0,4.7,10,620.1,57878.43125
12,47.0,4.68,10,620.1,57878.43194444444
11,49.0,4.65,10,620.1,57878.43263888889
11,46.0,4.63,10,620.1,57878.433333333334
12,57.0,4.62,10,620.1,57878.43402777778
10,48.0,4.62,10,620.1,57878.43472222222
11,38.0,4.63,10,620.1,57878.43541666667
13,44.0,4.62,10,620.0,57878.436111111114
11,39.0,4.62,10,620.0,57878.43680555555
13,40.0,4.62,10,620.0,57878.4375
12,47.0,4.63,10,620.0,57878.43819444445
10,46.0,4.65,10,620.0,57878.438888888886
13,49.0,4.65,10,620.0,57878.43958333333
14,47.0,4.67,10,620.0,57878.44027777778
16,39.0,4.68,10,619.9,57878.44097222222
15,53.0,4.71,10,619.9,57878.441666666666
13,50.0,4.71,10,620.0,57878.44236111111
10,60.0,4.72,10,620.0,57878.44305555556
6,56.0,4.75,9,620.0,57878.44375
6,41.0,4.8,9,620.0,57878.444444444445
5,50.0,4.84,9,620.0,57878.44513888889
11,42.0,4.86,10,619.9,57878.44583333333
11,52.0,4.84,10,619.9,57878.44652777778
9,58.0,4.81,10,619.9,57878.447222222225
12,57.0,4.78,10,619.9,57878.447916666664
11,58.0,4.75,10,619.9,57878.44861111111
13,46.0,4.71,10,619.9,57878.44930555556
13,41.0,4.69,10,619.9,57878.45
11,47.0,4.68,10,619.9,57878.450694444444
10,60.0,4.67,10,619.8,57878.45138888889
12,51.0,4.65,10,619.8,57878.45208333333
11,48.0,4.62,10,619.8,57878.45277777778
14,38.0,4.59,10,619.8,57878.45347222222
17,46.0,4.58,10,619.8,57878.45416666667
17,52.0,4.57,10,619.8,57878.45486111111
16,54.0,4.58,10,619.8,57878.455555555556
14,61.0,4.6,10,619.8,57878.45625
11,59.0,4.64,10,619.8,57878.45694444444
11,70.0,4.66,10,619.8,57878.45763888889
14,47.0,4.65,10,619.7,57878.458333333336
15,40.0,4.63,10,619.7,57878.459027777775
13,48.0,4.62,10,619.7,57878.45972222222
16,50.0,4.59,10,619.7,57878.46041666667
16,48.0,4.58,10,619.7,57878.46111111111
12,59.0,4.58,10,619.7,57878.461805555555
10,50.0,4.59,10,619.7,57878.4625
14,54.0,4.58,10,619.7,57878.46319444444
13,44.0,4.56,10,619.7,57878.46388888889
15,46.0,4.55,10,619.7,57878.464583333334
16,39.0,4.54,10,619.6,57878.46527777778
16,48.0,4.53,10,619.6,57878.46597222222
15,51.0,4.53,10,619.6,57878.46666666667
11,51.0,4.54,10,619.7,57878.467361111114
12,51.0,4.55,10,619.6,57878.46805555555
15,48.0,4.54,10,619.6,57878.46875
15,53.0,4.55,10,619.6,57878.46944444445
16,47.0,4.56,10,619.6,57878.470138888886
16,45.0,4.56,10,619.6,57878.47083333333
15,51.0,4.55,10,619.6,57878.47152777778
14,67.0,4.53,10,619.6,57878.47222222222
14,50.0,4.52,10,619.6,57878.472916666666
14,48.0,4.48,10,619.6,57878.47361111111
13,42.0,4.44,10,619.6,57878.47430555556
13,50.0,4.39,10,619.6,57878.475
14,56.0,4.37,10,619.6,57878.475694444445
14,57.0,4.34,10,619.6,57878.47638888889
11,52.0,4.32,10,619.6,57878.47708333333
15,40.0,4.3,10,619.6,57878.47777777778
15,51.0,4.28,10,619.6,57878.478472222225
13,46.0,4.24,10,619.6,57878.479166666664
13,51.0,4.22,10,619.6,57878.47986111111
12,53.0,4.2,10,619.6,57878.48055555556
11,50.0,4.18,10,619.6,57878.48125
14,42.0,4.16,10,619.6,57878.481944444444
14,51.0,4.13,10,619.6,57878.48263888889
14,40.0,4.13,10,619.5,57878.48333333333
14,43.0,4.13,10,619.5,57878.48402777778
15,49.0,4.12,10,619.6,57878.48472222222
14,77.0,4.1,9,619.6,57878.48541666667
11,41.0,4.11,9,619.5,57878.48611111111
14,53.0,4.12,9,619.5,57878.486805555556
14,49.0,4.13,9,619.5,57878.4875
14,62.0,4.14,9,619.5,57878.48819444444
13,43.0,4.15,9,619.6,57878.48888888889
15,47.0,4.17,9,619.5,57878.489583333336
15,51.0,4.19,9,619.5,57878.490277777775
13,51.0,4.2,9,619.6,57878.49097222222
12,58.0,4.22,9,619.6,57878.49166666667
11,57.0,4.23,9,619.6,57878.49236111111
13,36.0,4.21,10,619.6,57878.493055555555
13,29.0,4.17,9,619.5,57878.49375
14,59.0,4.14,9,619.5,57878.49444444444
11,58.0,4.12,9,619.5,57878.49513888889
12,52.0,4.09,9,619.5,57878.495833333334
13,50.0,4.05,9,619.5,57878.49652777778
14,51.0,4.01,9,619.5,57878.49722222222
12,37.0,3.99,9,619.5,57878.49791666667
12,37.0,3.96,9,619.5,57878.498611111114
14,46.0,3.92,9,619.5,57878.49930555555
14,55.0,3.88,9,619.5,57878.5
11,69.0,3.84,9,619.5,57878.50069444445
10,57.0,3.82,9,619.5,57878.501388888886
11,59.0,3.8,9,619.5,57878.50208333333
14,65.0,3.78,10,619.5,57878.50277777778
14,58.0,3.74,9,619.5,57878.50347222222
15,57.0,3.7,9,619.5,57878.504166666666
16,55.0,3.68,9,619.5,57878.50486111111
17,43.0,3.67,9,619.5,57878.50555555556
16,49.0,3.67,8,619.5,57878.50625
16,35.0,3.68,8,619.5,57878.506944444445
16,36.0,3.69,8,619.5,57878.50763888889
14,54.0,3.7,9,619.4,57878.50833333333
15,52.0,3.7,9,619.4,57878.50902777778
16,52.0,3.7,9,619.4,57878.509722222225
14,49.0,3.7,9,619.4,57878.510416666664
14,45.0,3.7,9,619.4,57878.51111111111
13,64.0,3.69,9,619.3,57878.51180555556
14,71.0,3.68,9,619.3,57878.5125
14,53.0,3.69,9,619.3,57878.513194444444
14,59.0,3.68,9,619.3,57878.51388888889
14,70.0,3.7,9,619.3,57878.51458333333
10,67.0,3.7,9,619.3,57878.51527777778
11,65.0,3.69,9,619.3,57878.51597222222
13,58.0,3.66,9,619.3,57878.51666666667
13,61.0,3.63,9,619.3,57878.51736111111
13,67.0,3.6,9,619.3,57878.518055555556
13,64.0,3.56,9,619.3,57878.51875
12,61.0,3.53,9,619.3,57878.51944444444
11,70.0,3.52,9,619.3,57878.52013888889
11,71.0,3.49,9,619.3,57878.520833333336
11,66.0,3.45,9,619.3,57878.521527777775
13,59.0,3.42,9,619.2,57878.52222222222
11,68.0,3.42,9,619.3,57878.52291666667
7,70.0,3.43,9,619.3,57878.52361111111
10,59.0,3.43,9,619.3,57878.524305555555
10,70.0,3.43,9,619.2,57878.525
9,65.0,3.43,9,619.3,57878.52569444444
9,66.0,3.43,9,619.2,57878.52638888889
11,73.0,3.43,9,619.2,57878.527083333334
11,75.0,3.43,9,619.2,57878.52777777778
10,55.0,3.45,9,619.2,57878.52847222222
12,68.0,3.46,9,619.2,57878.52916666667
13,51.0,3.46,9,619.2,57878.529861111114
12,40.0,3.46,9,619.2,57878.53055555555
14,67.0,3.45,10,619.2,57878.53125
11,70.0,3.43,10,619.2,57878.53194444445
11,66.0,3.43,10,619.2,57878.532638888886
13,61.0,3.41,10,619.2,57878.53333333333
12,69.0,3.4,10,619.2,57878.53402777778
10,65.0,3.4,10,619.2,57878.53472222222
11,64.0,3.38,10,619.2,57878.535416666666
11,63.0,3.36,10,619.2,57878.53611111111
11,69.0,3.33,10,619.2,57878.53680555556
10,67.0,3.29,10,619.2,57878.5375
13,62.0,3.26,10,619.1,57878.538194444445
13,67.0,3.24,10,619.1,57878.53888888889
13,56.0,3.22,10,619.1,57878.53958333333
12,68.0,3.21,10,619.1,57878.54027777778
10,85.0,3.21,10,619.1,57878.540972222225
10,67.0,3.21,10,619.1,57878.541666666664
10,52.0,3.21,10,619.1,57878.54236111111
9,103.0,3.21,10,619.1,57878.54305555556
7,71.0,3.22,10,619.1,57878.54375
8,74.0,3.24,10,619.1,57878.544444444444
9,68.0,3.24,10,619.1,57878.54513888889
11,69.0,3.25,10,619.1,57878.54583333333
11,61.0,3.24,10,619.1,57878.54652777778
10,64.0,3.24,10,619.1,57878.54722222222
10,70.0,3.24,10,619.1,57878.54791666667
10,72.0,3.23,10,619.1,57878.54861111111
9,63.0,3.22,10,619.1,57878.549305555556
11,64.0,3.21,10,619.1,57878.55
9,72.0,3.19,10,619.1,57878.55069444444
9,76.0,3.19,10,619.1,57878.55138888889
8,79.0,3.21,10,619.1,57878.552083333336
9,72.0,3.22,10,619.1,57878.552777777775
10,74.0,3.22,10,619.1,57878.55347222222
11,80.0,3.22,10,619.1,57878.55416666667
8,64.0,3.22,10,619.1,57878.55486111111
10,70.0,3.22,10,619.1,57878.555555555555
10,68.0,3.2,10,619.1,57878.55625
11,65.0,3.18,10,619.1,57878.55694444444
9,73.0,3.18,10,619.1,57878.55763888889
8,85.0,3.19,10,619.1,57878.558333333334
10,68.0,3.19,10,619.1,57878.55902777778
8,71.0,3.19,10,619.0,57878.55972222222
8,70.0,3.17,11,619.1,57878.56041666667
10,59.0,3.11,11,619.0,57878.561111111114
8,69.0,3.07,11,619.1,57878.56180555555
8,68.0,3.06,11,619.1,57878.5625
8,71.0,3.04,11,619.1,57878.56319444445
9,66.0,3.04,11,619.0,57878.563888888886
9,74.0,3.04,11,619.0,57878.56458333333
8,70.0,3.05,10,619.0,57878.56527777778
9,68.0,3.07,10,619.0,57878.56597222222
8,68.0,3.11,10,619.1,57878.566666666666
6,69.0,3.14,10,619.1,57878.56736111111
7,72.0,3.16,10,619.1,57878.56805555556
7,76.0,3.18,10,619.1,57878.56875
7,82.0,3.21,10,619.1,57878.569444444445
7,67.0,3.21,10,619.1,57878.57013888889
9,62.0,3.21,11,619.1,57878.57083333333
10,58.0,3.19,11,619.1,57878.57152777778
10,64.0,3.19,11,619.1,57878.572222222225
9,66.0,3.18,11,619.1,57878.572916666664
9,68.0,3.18,11,619.1,57878.57361111111
11,70.0,3.18,11,619.1,57878.57430555556
12,72.0,3.18,11,619.1,57878.575
14,56.0,3.17,11,619.1,57878.575694444444
10,78.0,3.15,11,619.1,57878.57638888889
10,65.0,3.14,11,619.1,57878.57708333333
12,65.0,3.1,11,619.1,57878.57777777778
13,62.0,3.05,11,619.1,57878.57847222222
11,68.0,3.03,11,619.1,57878.57916666667
11,80.0,3.0,11,619.1,57878.57986111111
11,60.0,2.96,11,619.1,57878.580555555556
14,62.0,2.93,11,619.1,57878.58125
12,52.0,2.9,11,619.1,57878.58194444444
13,61.0,2.88,11,619.1,57878.58263888889
11,58.0,2.85,11,619.1,57878.583333333336
11,59.0,2.84,11,619.1,57878.584027777775
12,62.0,2.82,11,619.1,57878.58472222222
12,56.0,2.82,11,619.1,57878.58541666667
12,66.0,2.82,11,619.1,57878.58611111111
12,71.0,2.84,11,619.1,57878.586805555555
12,60.0,2.86,11,619.1,57878.5875
13,72.0,2.88,11,619.1,57878.58819444444
11,61.0,2.88,11,619.1,57878.58888888889
12,64.0,2.88,11,619.0,57878.589583333334
13,63.0,2.87,11,619.1,57878.59027777778
11,63.0,2.88,11,619.0,57878.59097222222
12,68.0,2.87,11,619.0,57878.59166666667
11,70.0,2.85,11,619.0,57878.592361111114
11,74.0,2.85,11,619.1,57878.59305555555
10,62.0,2.87,11,619.1,57878.59375
11,53.0,2.88,11,619.1,57878.59444444445
12,62.0,2.88,11,619.1,57878.595138888886
11,66.0,2.88,11,619.1,57878.59583333333
12,61.0,2.88,11,619.1,57878.59652777778
10,61.0,2.89,11,619.1,57878.59722222222
9,71.0,2.91,11,619.1,57878.597916666666
12,73.0,2.94,11,619.0,57878.59861111111
12,60.0,2.94,11,619.0,57878.59930555556
13,63.0,2.91,11,619.0,57878.6
15,78.0,2.89,11,619.0,57878.600694444445
13,67.0,2.86,11,619.0,57878.60138888889
13,84.0,2.85,11,619.0,57878.60208333333
11,88.0,2.85,11,619.0,57878.60277777778
8,70.0,2.87,11,619.1,57878.603472222225
8,75.0,2.9,11,619.1,57878.604166666664
8,57.0,2.91,11,619.1,57878.60486111111
12,67.0,2.9,11,619.1,57878.60555555556
15,57.0,2.88,11,619.1,57878.60625
12,56.0,2.85,11,619.1,57878.606944444444
12,67.0,2.84,11,619.1,57878.60763888889
10,60.0,2.82,11,619.1,57878.60833333333
10,50.0,2.82,11,619.2,57878.60902777778
10,68.0,2.82,11,619.2,57878.60972222222
9,69.0,2.83,11,619.2,57878.61041666667
8,76.0,2.83,11,619.2,57878.61111111111
8,82.0,2.82,11,619.2,57878.611805555556
10,79.0,2.82,11,619.2,57878.6125
10,55.0,2.83,11,619.2,57878.61319444444
9,70.0,2.85,11,619.2,57878.61388888889
8,85.0,2.89,11,619.2,57878.614583333336
7,84.0,2.92,11,619.2,57878.615277777775
7,72.0,2.96,11,619.2,57878.61597222222
9,76.0,3.0,11,619.2,57878.61666666667
9,45.0,3.0,11,619.2,57878.61736111111
8,67.0,3.02,11,619.2,57878.618055555555
8,86.0,3.03,11,619.2,57878.61875
9,77.0,3.04,11,619.2,57878.61944444444
9,80.0,3.04,11,619.2,57878.62013888889
7,72.0,3.03,11,619.2,57878.620833333334
6,84.0,3.0,11,619.2,57878.62152777778
7,76.0,2.97,11,619.2,57878.62222222222
8,74.0,2.96,11,619.2,57878.62291666667
5,80.0,2.96,11,619.2,57878.623611111114
5,65.0,2.95,11,619.2,57878.62430555555
7,87.0,2.93,11,619.2,57878.625
7,70.0,2.9,11,619.3,57878.62569444445
8,107.0,2.87,11,619.3,57878.626388888886
7,82.0,2.85,11,619.3,57878.62708333333
9,69.0,2.85,11,619.3,57878.62777777778
8,76.0,2.87,11,619.3,57878.62847222222
7,72.0,2.89,11,619.3,57878.629166666666
7,81.0,2.91,11,619.3,57878.62986111111
7,78.0,2.92,11,619.4,57878.63055555556
6,74.0,2.93,11,619.4,57878.63125
5,78.0,2.96,11,619.4,57878.631944444445
5,80.0,2.99,11,619.4,57878.63263888889
4,82.0,3.02,11,619.4,57878.63333333333
3,84.0,3.07,11,619.4,57878.63402777778
3,85.0,3.11,11,619.4,57878.634722222225
3,75.0,3.15,11,619.4,57878.635416666664
4,75.0,3.19,11,619.4,57878.63611111111
6,79.0,3.21,11,619.4,57878.63680555556
7,79.0,3.21,11,619.4,57878.6375
7,80.0,3.21,11,619.4,57878.638194444444
6,79.0,3.22,11,619.4,57878.63888888889
5,77.0,3.24,10,619.4,57878.63958333333
4,80.0,3.27,10,619.4,57878.64027777778
4,81.0,3.3,11,619.4,57878.64097222222
6,80.0,3.3,11,619.4,57878.64166666667
6,80.0,3.28,11,619.4,57878.64236111111
6,80.0,3.25,11,619.4,57878.643055555556
5,82.0,3.25,10,619.4,57878.64375
4,82.0,3.27,10,619.4,57878.64444444444
3,84.0,3.29,10,619.4,57878.64513888889
3,80.0,3.33,10,619.4,57878.645833333336
3,80.0,3.38,10,619.4,57878.646527777775
3,87.0,3.42,10,619.4,57878.64722222222
4,88.0,3.48,9,619.4,57878.64791666667
3,83.0,3.53,9,619.4,57878.64861111111
2,88.0,3.57,9,619.4,57878.649305555555
1,80.0,3.62,9,619.4,57878.65
2,78.0,3.66,9,619.4,57878.65069444444
2,76.0,3.7,9,619.4,57878.65138888889
3,86.0,3.73,10,619.4,57878.652083333334
4,81.0,3.73,10,619.4,57878.65277777778
5,81.0,3.69,10,619.4,57878.65347222222
6,75.0,3.63,10,619.4,57878.65416666667
8,85.0,3.55,10,619.4,57878.654861111114
8,76.0,3.49,10,619.4,57878.65555555555
5,66.0,3.46,10,619.4,57878.65625
3,66.0,3.46,10,619.5,57878.65694444445
3,80.0,3.47,10,619.5,57878.657638888886
6,94.0,3.48,10,619.4,57878.65833333333
6,82.0,3.48,10,619.5,57878.65902777778
6,83.0,3.48,10,619.5,57878.65972222222
4,87.0,3.49,10,619.5,57878.660416666666
4,83.0,3.5,10,619.5,57878.66111111111
3,87.0,3.52,10,619.5,57878.66180555556
3,85.0,3.55,10,619.5,57878.6625
3,70.0,3.58,10,619.5,57878.663194444445
3,85.0,3.61,10,619.5,57878.66388888889
4,75.0,3.62,11,619.5,57878.66458333333
7,85.0,3.61,11,619.5,57878.66527777778
6,76.0,3.58,10,619.5,57878.665972222225
5,81.0,3.59,10,619.5,57878.666666666664
4,86.0,3.61,10,619.5,57878.66736111111
5,81.0,3.64,10,619.5,57878.66805555556
9,76.0,3.65,10,619.5,57878.66875
8,76.0,3.64,11,619.5,57878.669444444444
6,76.0,3.62,10,619.4,57878.67013888889
9,70.0,3.62,10,619.5,57878.67083333333
9,82.0,3.62,10,619.5,57878.67152777778
8,75.0,3.61,10,619.5,57878.67222222222
8,83.0,3.61,10,619.5,57878.67291666667
6,87.0,3.61,11,619.5,57878.67361111111
5,81.0,3.61,11,619.5,57878.674305555556
7,61.0,3.59,11,619.5,57878.675
9,79.0,3.57,11,619.5,57878.67569444444
8,79.0,3.55,11,619.5,57878.67638888889
7,78.0,3.52,11,619.5,57878.677083333336
10,76.0,3.52,11,619.5,57878.677777777775
10,91.0,3.49,11,619.5,57878.67847222222
7,81.0,3.49,11,619.5,57878.67916666667
8,91.0,3.49,11,619.5,57878.67986111111
10,69.0,3.49,11,619.5,57878.680555555555
10,70.0,3.49,11,619.5,57878.68125
10,52.0,3.49,11,619.5,57878.68194444444
11,69.0,3.49,12,619.5,57878.68263888889
11,71.0,3.48,11,619.5,57878.683333333334
8,76.0,3.46,11,619.5,57878.68402777778
10,74.0,3.46,11,619.5,57878.68472222222
11,53.0,3.46,12,619.6,57878.68541666667
12,74.0,3.46,12,619.6,57878.686111111114
13,62.0,3.47,12,619.6,57878.68680555555
12,83.0,3.48,11,619.6,57878.6875
11,72.0,3.49,11,619.6,57878.68819444445
10,78.0,3.51,11,619.6,57878.688888888886
11,73.0,3.53,11,619.6,57878.68958333333
11,88.0,3.56,12,619.6,57878.69027777778
10,55.0,3.59,11,619.6,57878.69097222222
10,77.0,3.62,11,619.6,57878.691666666666
15,65.0,3.66,11,619.6,57878.69236111111
14,59.0,3.7,11,619.7,57878.69305555556
14,68.0,3.73,11,619.6,57878.69375
15,62.0,3.78,11,619.6,57878.694444444445
13,71.0,3.83,11,619.7,57878.69513888889
9,59.0,3.87,10,619.7,57878.69583333333
7,50.0,3.91,10,619.7,57878.69652777778
9,72.0,3.93,11,619.7,57878.697222222225
12,74.0,3.96,11,619.7,57878.697916666664
9,70.0,3.98,11,619.7,57878.69861111111
8,48.0,3.98,11,619.7,57878.69930555556
13,72.0,3.98,11,619.7,57878.7
15,69.0,4.0,12,619.7,57878.700694444444
15,69.0,4.02,11,619.7,57878.70138888889
12,79.0,4.05,12,619.8,57878.70208333333
8,73.0,4.08,12,619.7,57878.70277777778
10,66.0,4.08,12,619.8,57878.70347222222
11,76.0,4.07,11,619.8,57878.70416666667
8,63.0,4.06,12,619.8,57878.70486111111
13,59.0,4.04,12,619.8,57878.705555555556
10,66.0,4.06,11,619.8,57878.70625
12,61.0,4.07,11,619.8,57878.70694444444
16,62.0,4.1,12,619.8,57878.70763888889
18,46.0,4.13,12,619.8,57878.708333333336
16,59.0,4.17,12,619.8,57878.709027777775
15,55.0,4.19,11,619.8,57878.70972222222
13,67.0,4.18,11,619.9,57878.71041666667
12,63.0,4.14,11,619.8,57878.71111111111
14,59.0,4.1,12,619.8,57878.711805555555
14,91.0,4.07,12,619.8,57878.7125
14,66.0,4.06,12,619.9,57878.71319444444
15,57.0,4.04,12,619.9,57878.71388888889
15,54.0,4.04,11,619.9,57878.714583333334
16,60.0,4.04,11,619.9,57878.71527777778
16,56.0,4.04,11,619.9,57878.71597222222
16,58.0,4.04,12,619.9,57878.71666666667
16,62.0,4.04,12,619.9,57878.717361111114
17,62.0,4.04,12,619.8,57878.71805555555
17,55.0,4.06,12,619.9,57878.71875
19,55.0,4.07,12,619.9,57878.71944444445
16,57.0,4.08,11,619.9,57878.720138888886
18,52.0,4.07,12,619.9,57878.72083333333
19,63.0,4.07,12,619.9,57878.72152777778
15,67.0,4.06,11,619.9,57878.72222222222
16,45.0,4.04,12,619.9,57878.722916666666
16,54.0,4.02,12,619.9,57878.72361111111
17,59.0,4.01,12,619.9,57878.72430555556
17,60.0,4.0,12,619.9,57878.725
16,58.0,3.98,12,619.9,57878.725694444445
15,48.0,3.98,12,619.9,57878.72638888889
17,80.0,3.98,12,619.9,57878.72708333333
17,59.0,3.99,12,619.9,57878.72777777778
17,71.0,4.03,12,620.0,57878.728472222225
13,55.0,4.07,12,620.0,57878.729166666664
15,67.0,4.1,12,620.0,57878.72986111111
15,57.0,4.1,12,620.0,57878.73055555556
17,52.0,4.1,12,620.0,57878.73125
18,38.0,4.1,12,620.0,57878.731944444444
17,56.0,4.11,12,620.0,57878.73263888889
16,62.0,4.13,12,620.0,57878.73333333333
16,59.0,4.13,12,620.0,57878.73402777778
16,77.0,4.13,12,620.0,57878.73472222222
15,42.0,4.15,12,620.0,57878.73541666667
14,64.0,4.19,12,620.0,57878.73611111111
15,53.0,4.22,12,620.0,57878.736805555556
18,61.0,4.24,12,620.0,57878.7375
16,62.0,4.27,12,620.0,57878.73819444444
16,76.0,4.3,12,620.0,57878.73888888889
17,69.0,4.34,12,620.0,57878.739583333336
18,48.0,4.39,12,620.1,57878.740277777775
15,77.0,4.43,12,620.1,57878.74097222222
16,66.0,4.48,12,620.1,57878.74166666667
15,58.0,4.54,12,620.1,57878.74236111111
16,56.0,4.57,12,620.1,57878.743055555555
18,61.0,4.59,12,620.1,57878.74375
18,47.0,4.59,12,620.1,57878.74444444444
17,65.0,4.61,12,620.1,57878.74513888889
16,62.0,4.59,12,620.1,57878.745833333334
17,74.0,4.59,12,620.1,57878.74652777778
15,62.0,4.59,12,620.2,57878.74722222222
17,60.0,4.6,12,620.2,57878.74791666667
15,77.0,4.59,12,620.2,57878.748611111114
14,71.0,4.59,12,620.2,57878.74930555555
15,68.0,4.58,12,620.2,57878.75
15,54.0,4.59,12,620.2,57878.75069444445
17,60.0,4.61,12,620.2,57878.751388888886
16,58.0,4.63,12,620.2,57878.75208333333
15,67.0,4.65,12,620.2,57878.75277777778
15,72.0,4.66,12,620.2,57878.75347222222
14,66.0,4.66,12,620.2,57878.754166666666
13,60.0,4.65,12,620.2,57878.75486111111
12,58.0,4.65,12,620.2,57878.75555555556
13,61.0,4.66,12,620.2,57878.75625
15,74.0,4.7,12,620.2,57878.756944444445
14,81.0,4.72,12,620.2,57878.75763888889
14,53.0,4.74,12,620.2,57878.75833333333
16,99.0,4.78,12,620.2,57878.75902777778
15,65.0,4.81,12,620.2,57878.759722222225
15,71.0,4.84,12,620.2,57878.760416666664
15,67.0,4.86,12,620.2,57878.76111111111
15,70.0,4.86,11,620.2,57878.76180555556
12,92.0,4.85,11,620.3,57878.7625
11,64.0,4.82,12,620.3,57878.763194444444
15,65.0,4.8,12,620.2,57878.76388888889
16,57.0,4.82,12,620.3,57878.76458333333
12,76.0,4.88,12,620.3,57878.76527777778
15,57.0,4.95,12,620.3,57878.76597222222
16,66.0,5.02,12,620.3,57878.76666666667
15,55.0,5.06,12,620.3,57878.76736111111
13,57.0,5.08,12,620.3,57878.768055555556
14,69.0,5.08,12,620.3,57878.76875
16,67.0,5.1,12,620.3,57878.76944444444
17,79.0,5.14,11,620.3,57878.77013888889
17,53.0,5.16,11,620.3,57878.770833333336
16,68.0,5.17,11,620.3,57878.771527777775
14,71.0,5.16,11,620.4,57878.77222222222
13,51.0,5.12,12,620.4,57878.77291666667
12,75.0,5.09,12,620.4,57878.77361111111
13,54.0,5.05,12,620.4,57878.774305555555
13,42.0,5.04,12,620.4,57878.775
13,55.0,5.04,12,620.4,57878.77569444444
15,75.0,5.08,12,620.4,57878.77638888889
15,54.0,5.11,11,620.4,57878.777083333334
14,63.0,5.13,11,620.4,57878.77777777778
14,65.0,5.13,12,620.5,57878.77847222222
12,66.0,5.11,12,620.5,57878.77916666667
12,71.0,5.08,12,620.5,57878.779861111114
14,61.0,5.05,12,620.5,57878.78055555555
14,57.0,5.04,12,620.5,57878.78125
14,59.0,5.07,12,620.5,57878.78194444445
15,57.0,5.11,12,620.5,57878.782638888886
15,71.0,5.14,13,620.5,57878.78333333333
14,70.0,5.14,12,620.5,57878.78402777778
17,75.0,5.14,13,620.5,57878.78472222222
15,71.0,5.16,12,620.5,57878.785416666666
15,69.0,5.16,13,620.5,57878.78611111111
15,54.0,5.14,12,620.5,57878.78680555556
17,60.0,5.14,13,620.5,57878.7875
15,81.0,5.13,12,620.5,57878.788194444445
16,62.0,5.11,13,620.5,57878.78888888889
14,55.0,5.14,13,620.5,57878.78958333333
16,57.0,5.18,13,620.5,57878.79027777778
16,69.0,5.22,12,620.5,57878.790972222225
16,53.0,5.23,12,620.6,57878.791666666664
15,71.0,5.25,13,620.6,57878.79236111111
17,73.0,5.3,13,620.6,57878.79305555556
14,83.0,5.37,13,620.6,57878.79375
13,64.0,5.41,12,620.6,57878.794444444444
13,46.0,5.41,12,620.6,57878.79513888889
16,69.0,5.42,12,620.6,57878.79583333333
12,67.0,5.43,12,620.6,57878.79652777778
14,62.0,5.41,13,620.6,57878.79722222222
17,64.0,5.39,12,620.6,57878.79791666667
15,57.0,5.34,12,620.6,57878.79861111111
16,70.0,5.28,12,620.6,57878.799305555556
17,57.0,5.24,13,620.6,57878.8
18,59.0,5.23,12,620.6,57878.80069444444
18,60.0,5.23,12,620.6,57878.80138888889
17,66.0,5.27,13,620.6,57878.802083333336
17,57.0,5.33,12,620.6,57878.802777777775
17,50.0,5.37,12,620.6,57878.80347222222
16,61.0,5.4,12,620.6,57878.80416666667
16,60.0,5.42,13,620.6,57878.80486111111
19,55.0,5.44,13,620.6,57878.805555555555
18,61.0,5.44,13,620.6,57878.80625
18,43.0,5.47,13,620.6,57878.80694444444
18,54.0,5.51,12,620.6,57878.80763888889
18,59.0,5.55,13,620.6,57878.808333333334
20,49.0,5.61,13,620.6,57878.80902777778
18,64.0,5.7,12,620.6,57878.80972222222
16,60.0,5.74,12,620.6,57878.81041666667
18,49.0,5.72,12,620.6,57878.811111111114
18,48.0,5.69,12,620.6,57878.81180555555
18,45.0,5.68,13,620.6,57878.8125
16,65.0,5.69,13,620.6,57878.81319444445
16,59.0,5.71,13,620.6,57878.813888888886
16,54.0,5.74,13,620.6,57878.81458333333
18,49.0,5.76,12,620.6,57878.81527777778
17,61.0,5.76,12,620.6,57878.81597222222
16,50.0,5.75,12,620.6,57878.816666666666
19,54.0,5.75,12,620.6,57878.81736111111
17,61.0,5.75,12,620.6,57878.81805555556
16,50.0,5.75,12,620.6,57878.81875
19,60.0,5.72,12,620.6,57878.819444444445
15,68.0,5.7,12,620.6,57878.82013888889
17,35.0,5.68,13,620.6,57878.82083333333
18,73.0,5.67,13,620.6,57878.82152777778
16,55.0,5.7,13,620.6,57878.822222222225
14,62.0,5.72,13,620.6,57878.822916666664
18,60.0,5.73,13,620.6,57878.82361111111
19,69.0,5.74,12,620.6,57878.82430555556
17,55.0,5.77,13,620.6,57878.825
18,63.0,5.79,12,620.6,57878.825694444444
17,49.0,5.81,12,620.6,57878.82638888889
17,59.0,5.84,12,620.6,57878.82708333333
15,51.0,5.84,12,620.6,57878.82777777778
17,68.0,5.84,12,620.6,57878.82847222222
16,57.0,5.85,13,620.6,57878.82916666667
18,60.0,5.88,13,620.6,57878.82986111111
17,78.0,5.92,12,620.6,57878.830555555556
18,53.0,5.96,12,620.6,57878.83125
14,82.0,5.95,12,620.7,57878.83194444444
16,62.0,5.93,12,620.7,57878.83263888889
15,54.0,5.92,12,620.7,57878.833333333336
16,34.0,5.9,12,620.7,57878.834027777775
15,72.0,5.9,12,620.7,57878.83472222222
14,74.0,5.93,12,620.7,57878.83541666667
16,56.0,5.96,12,620.7,57878.83611111111
17,52.0,5.96,12,620.7,57878.836805555555
15,74.0,5.94,12,620.8,57878.8375
12,86.0,5.89,12,620.7,57878.83819444444
16,62.0,5.85,13,620.7,57878.83888888889
17,61.0,5.81,13,620.8,57878.839583333334
15,70.0,5.77,13,620.7,57878.84027777778
15,60.0,5.72,13,620.7,57878.84097222222
16,77.0,5.69,13,620.7,57878.84166666667
17,51.0,5.71,13,620.8,57878.842361111114
15,56.0,5.75,12,620.8,57878.84305555555
14,61.0,5.78,12,620.8,57878.84375
14,71.0,5.81,13,620.8,57878.84444444445
13,80.0,5.86,12,620.8,57878.845138888886
14,64.0,5.92,13,620.8,57878.84583333333
16,45.0,6.01,13,620.8,57878.84652777778
16,27.0,6.08,13,620.8,57878.84722222222
15,43.0,6.1,13,620.8,57878.847916666666
17,56.0,6.09,13,620.8,57878.84861111111
16,64.0,6.09,12,620.8,57878.84930555556
16,45.0,6.08,13,620.8,57878.85
15,54.0,6.08,12,620.8,57878.850694444445
13,58.0,6.09,12,620.8,57878.85138888889
14,46.0,6.09,12,620.8,57878.85208333333
18,63.0,6.08,13,620.8,57878.85277777778
16,50.0,6.1,13,620.8,57878.853472222225
16,58.0,6.1,12,620.8,57878.854166666664
12,50.0,6.08,13,620.8,57878.85486111111
15,50.0,6.06,12,620.8,57878.85555555556
15,53.0,6.04,11,620.8,57878.85625
15,49.0,6.04,12,620.8,57878.856944444444
17,45.0,6.06,13,620.8,57878.85763888889
16,57.0,6.1,12,620.8,57878.85833333333
14,70.0,6.11,12,620.8,57878.85902777778
12,67.0,6.13,13,620.8,57878.85972222222
11,67.0,6.16,13,620.8,57878.86041666667
17,73.0,6.18,13,620.8,57878.86111111111
18,68.0,6.21,13,620.8,57878.861805555556
16,60.0,6.25,13,620.8,57878.8625
12,65.0,6.28,12,620.8,57878.86319444444
14,57.0,6.29,12,620.8,57878.86388888889
13,66.0,6.32,12,620.8,57878.864583333336
15,63.0,6.36,12,620.8,57878.865277777775
14,59.0,6.42,12,620.8,57878.86597222222
14,53.0,6.44,11,620.8,57878.86666666667
15,59.0,6.45,12,620.8,57878.86736111111
14,35.0,6.42,12,620.9,57878.868055555555
14,41.0,6.38,12,620.8,57878.86875
18,54.0,6.34,12,620.8,57878.86944444444
17,65.0,6.32,12,620.8,57878.87013888889
15,55.0,6.31,13,620.8,57878.870833333334
15,67.0,6.31,13,620.8,57878.87152777778
14,73.0,6.32,13,620.8,57878.87222222222
13,78.0,6.31,13,620.8,57878.87291666667
11,52.0,6.29,13,620.8,57878.873611111114
17,50.0,6.28,14,620.8,57878.87430555555
18,52.0,6.31,13,620.8,57878.875
13,48.0,6.35,12,620.8,57878.87569444445
15,47.0,6.36,12,620.8,57878.876388888886
13,50.0,6.37,13,620.8,57878.87708333333
13,74.0,6.39,12,620.7,57878.87777777778
17,56.0,6.39,12,620.7,57878.87847222222
14,74.0,6.37,12,620.8,57878.879166666666
16,70.0,6.36,12,620.8,57878.87986111111
14,64.0,6.36,12,620.8,57878.88055555556
13,47.0,6.31,13,620.8,57878.88125
18,59.0,6.32,14,620.8,57878.881944444445
14,58.0,6.41,14,620.8,57878.88263888889
19,55.0,6.51,14,620.7,57878.88333333333
17,52.0,6.58,13,620.7,57878.88402777778
17,59.0,6.65,13,620.8,57878.884722222225
15,69.0,6.68,13,620.8,57878.885416666664
15,69.0,6.67,13,620.8,57878.88611111111
15,71.0,6.67,14,620.8,57878.88680555556
16,44.0,6.71,14,620.8,57878.8875
15,63.0,6.75,13,620.7,57878.888194444444
17,64.0,6.78,15,620.7,57878.88888888889
14,73.0,6.78,15,620.8,57878.88958333333
11,56.0,6.78,16,620.8,57878.89027777778
14,48.0,6.76,16,620.8,57878.89097222222
16,61.0,6.73,17,620.8,57878.89166666667
14,52.0,6.71,15,620.8,57878.89236111111
13,54.0,6.7,15,620.8,57878.893055555556
10,53.0,6.68,16,620.8,57878.89375
11,66.0,6.64,16,620.8,57878.89444444444
13,51.0,6.62,15,620.7,57878.89513888889
15,54.0,6.62,14,620.7,57878.895833333336
11,64.0,6.64,13,620.7,57878.896527777775
10,44.0,6.67,14,620.7,57878.89722222222
16,59.0,6.7,13,620.7,57878.89791666667
13,60.0,6.74,12,620.7,57878.89861111111
15,47.0,6.75,12,620.7,57878.899305555555
16,59.0,6.73,12,620.7,57878.9
13,70.0,6.71,12,620.7,57878.90069444444
11,69.0,6.68,13,620.7,57878.90138888889
12,50.0,6.64,14,620.7,57878.902083333334
13,55.0,6.63,13,620.6,57878.90277777778
12,57.0,6.6,13,620.6,57878.90347222222
11,51.0,6.55,14,620.6,57878.90416666667
15,63.0,6.56,13,620.6,57878.904861111114
11,81.0,6.58,13,620.6,57878.90555555555
13,69.0,6.6,13,620.6,57878.90625
12,57.0,6.62,13,620.6,57878.90694444445
11,46.0,6.61,13,620.6,57878.907638888886
16,72.0,6.62,13,620.6,57878.90833333333
14,50.0,6.65,12,620.6,57878.90902777778
12,60.0,6.68,12,620.6,57878.90972222222
15,51.0,6.68,12,620.6,57878.910416666666
10,47.0,6.64,12,620.6,57878.91111111111
15,67.0,6.63,13,620.6,57878.91180555556
15,55.0,6.63,13,620.6,57878.9125
14,52.0,6.64,14,620.6,57878.913194444445
10,74.0,6.65,14,620.6,57878.91388888889
8,61.0,6.63,15,620.6,57878.91458333333
15,38.0,6.65,15,620.6,57878.91527777778
17,62.0,6.72,14,620.5,57878.915972222225
14,64.0,6.81,14,620.5,57878.916666666664
16,47.0,6.86,13,620.5,57878.91736111111
14,105.0,6.88,13,620.5,57878.91805555556
16,48.0,6.89,13,620.5,57878.91875
18,65.0,6.9,12,620.5,57878.919444444444
13,75.0,6.91,12,620.6,57878.92013888889
12,58.0,6.89,12,620.6,57878.92083333333
15,56.0,6.86,12,620.5,57878.92152777778
18,80.0,6.86,13,620.5,57878.92222222222
20,69.0,6.94,13,620.5,57878.92291666667
16,66.0,6.99,13,620.5,57878.92361111111
14,61.0,6.99,13,620.5,57878.924305555556
18,50.0,6.96,13,620.5,57878.925
15,60.0,6.92,12,620.5,57878.92569444444
17,52.0,6.91,12,620.5,57878.92638888889
16,59.0,6.91,12,620.5,57878.927083333336
16,60.0,6.91,12,620.5,57878.927777777775
16,51.0,6.92,12,620.5,57878.92847222222
14,48.0,6.93,12,620.5,57878.92916666667
13,59.0,6.93,12,620.5,57878.92986111111
9,101.0,6.89,12,620.5,57878.930555555555
14,74.0,6.89,13,620.5,57878.93125
16,62.0,6.91,13,620.5,57878.93194444444
16,81.0,6.95,14,620.5,57878.93263888889
10,31.0,6.97,13,620.5,57878.933333333334
18,61.0,6.99,14,620.4,57878.93402777778
17,59.0,7.01,13,620.4,57878.93472222222
18,44.0,7.03,12,620.4,57878.93541666667
17,54.0,7.02,12,620.4,57878.936111111114
16,60.0,7.0,13,620.4,57878.93680555555
18,56.0,7.01,13,620.4,57878.9375
17,55.0,7.03,12,620.3,57878.93819444445
16,48.0,7.03,11,620.4,57878.938888888886
18,56.0,7.01,12,620.4,57878.93958333333
18,43.0,7.04,13,620.4,57878.94027777778
15,62.0,7.07,13,620.4,57878.94097222222
19,44.0,7.1,13,620.4,57878.941666666666
22,66.0,7.14,13,620.3,57878.94236111111
22,49.0,7.17,13,620.3,57878.94305555556
17,74.0,7.17,13,620.4,57878.94375
17,55.0,7.14,13,620.4,57878.944444444445
18,59.0,7.1,13,620.3,57878.94513888889
16,47.0,7.05,13,620.3,57878.94583333333
18,59.0,7.0,13,620.3,57878.94652777778
18,55.0,6.97,13,620.3,57878.947222222225
18,63.0,6.96,13,620.3,57878.947916666664
20,42.0,6.97,13,620.3,57878.94861111111
19,57.0,7.02,13,620.3,57878.94930555556
19,45.0,7.06,12,620.2,57878.95
20,72.0,7.08,12,620.2,57878.950694444444
17,66.0,7.07,12,620.2,57878.95138888889
17,60.0,7.05,12,620.2,57878.95208333333
22,54.0,7.04,13,620.2,57878.95277777778
19,68.0,7.08,13,620.2,57878.95347222222
18,78.0,7.11,13,620.2,57878.95416666667
18,76.0,7.12,13,620.2,57878.95486111111
21,54.0,7.12,13,620.2,57878.955555555556
18,73.0,7.12,13,620.2,57878.95625
18,62.0,7.12,13,620.1,57878.95694444444
18,58.0,7.1,14,620.1,57878.95763888889
18,72.0,7.09,14,620.1,57878.958333333336
19,57.0,7.09,14,620.1,57878.959027777775
19,64.0,7.09,15,620.0,57878.95972222222
21,52.0,7.11,14,620.0,57878.96041666667
20,55.0,7.11,13,620.0,57878.96111111111
19,45.0,7.07,13,620.0,57878.961805555555
19,54.0,7.05,14,620.0,57878.9625
17,63.0,7.01,14,620.0,57878.96319444444
20,77.0,6.99,15,620.0,57878.96388888889
21,56.0,7.0,15,619.9,57878.964583333334
21,67.0,7.01,14,619.9,57878.96527777778
18,61.0,7.0,14,620.0,57878.96597222222
18,58.0,6.98,13,620.0,57878.96666666667
18,59.0,6.93,13,620.0,57878.967361111114
19,66.0,6.89,13,620.0,57878.96805555555
19,68.0,6.86,13,620.0,57878.96875
18,56.0,6.84,14,620.0,57878.96944444445
19,62.0,6.82,14,620.0,57878.970138888886
14,62.0,6.79,14,620.0,57878.97083333333
12,84.0,6.75,15,620.0,57878.97152777778
16,51.0,6.76,14,620.0,57878.97222222222
20,61.0,6.82,14,620.0,57878.972916666666
16,73.0,6.89,13,620.0,57878.97361111111
17,56.0,6.91,13,619.9,57878.97430555556
20,70.0,6.93,13,619.9,57878.975
16,73.0,6.94,13,619.9,57878.975694444445
20,57.0,6.94,13,619.9,57878.97638888889
22,59.0,6.98,13,619.8,57878.97708333333
17,64.0,7.0,13,619.9,57878.97777777778
15,96.0,6.98,13,619.9,57878.978472222225
12,54.0,6.95,13,619.9,57878.979166666664
14,91.0,6.93,13,619.8,57878.97986111111
20,52.0,6.91,13,619.8,57878.98055555556
18,75.0,6.91,13,619.8,57878.98125
16,84.0,6.89,13,619.8,57878.981944444444
22,31.0,6.91,13,619.8,57878.98263888889
20,84.0,6.93,13,619.8,57878.98333333333
19,76.0,6.97,13,619.8,57878.98402777778
16,70.0,6.96,13,619.8,57878.98472222222
13,92.0,6.92,13,619.8,57878.98541666667
19,59.0,6.89,13,619.8,57878.98611111111
16,63.0,6.86,13,619.8,57878.986805555556
15,70.0,6.83,13,619.8,57878.9875
17,65.0,6.82,13,619.8,57878.98819444444
16,51.0,6.85,13,619.8,57878.98888888889
18,63.0,6.85,13,619.7,57878.989583333336
19,63.0,6.88,13,619.7,57878.990277777775
15,58.0,6.88,13,619.7,57878.99097222222
15,59.0,6.88,12,619.7,57878.99166666667
18,59.0,6.87,12,619.7,57878.99236111111
16,62.0,6.85,12,619.8,57878.993055555555
14,65.0,6.81,12,619.8,57878.99375
17,73.0,6.79,12,619.8,57878.99444444444
15,45.0,6.8,12,619.8,57878.99513888889
17,66.0,6.84,13,619.8,57878.995833333334
17,72.0,6.9,13,619.8,57878.99652777778
14,55.0,6.94,12,619.8,57878.99722222222
16,79.0,6.95,13,619.8,57878.99791666667
14,56.0,6.94,13,619.8,57878.998611111114
15,101.0,6.96,13,619.8,57878.99930555555
13,68.0,6.97,12,619.8,57879.0
17,47.0,6.97,12,619.8,57879.00069444445
15,81.0,6.99,12,619.8,57879.001388888886
15,67.0,7.0,12,619.8,57879.00208333333
15,83.0,7.03,13,619.8,57879.00277777778
11,95.0,7.02,13,619.8,57879.00347222222
10,44.0,6.97,12,619.8,57879.004166666666
9,88.0,6.92,13,619.8,57879.00486111111
7,86.0,6.93,14,619.8,57879.00555555556
6,21.0,6.96,14,619.9,57879.00625
8,63.0,7.03,14,619.8,57879.006944444445
9,87.0,7.13,13,619.9,57879.00763888889
7,59.0,7.22,13,619.9,57879.00833333333
8,65.0,7.29,13,619.9,57879.00902777778
6,70.0,7.31,12,619.9,57879.009722222225
2,93.0,7.29,12,619.9,57879.010416666664
6,89.0,7.25,13,619.8,57879.01111111111
5,33.0,7.26,13,619.9,57879.01180555556
7,136.0,7.29,12,619.8,57879.0125
4,76.0,7.33,13,619.8,57879.013194444444
2,50.0,7.38,13,619.8,57879.01388888889
5,29.0,7.41,13,619.8,57879.01458333333
5,133.0,7.42,14,619.9,57879.01527777778
1,201.0,7.4,13,619.8,57879.01597222222
0,78.0,7.37,13,619.8,57879.01666666667
3,54.0,7.36,13,619.8,57879.01736111111
8,41.0,7.4,14,619.8,57879.018055555556
5,33.0,7.47,13,619.8,57879.01875
3,126.0,7.55,13,619.8,57879.01944444444
4,68.0,7.67,14,619.8,57879.02013888889
4,69.0,7.81,13,619.8,57879.020833333336
5,71.0,7.89,13,619.8,57879.021527777775
4,53.0,7.94,12,619.8,57879.02222222222
7,57.0,7.96,13,619.8,57879.02291666667
7,24.0,8.02,12,619.8,57879.02361111111
6,55.0,8.04,12,619.8,57879.024305555555
8,73.0,8.04,11,619.8,57879.025
5,55.0,8.04,12,619.8,57879.02569444444
6,76.0,8.05,12,619.8,57879.02638888889
5,58.0,8.1,13,619.8,57879.027083333334
4,99.0,8.19,13,619.7,57879.02777777778
5,41.0,8.26,12,619.7,57879.02847222222
8,71.0,8.31,12,619.8,57879.02916666667
9,59.0,8.34,12,619.7,57879.029861111114
7,59.0,8.34,12,619.8,57879.03055555555
5,54.0,8.34,11,619.8,57879.03125
8,74.0,8.34,11,619.7,57879.03194444445
11,63.0,8.37,12,619.7,57879.032638888886
12,42.0,8.4,11,619.7,57879.03333333333
10,63.0,8.41,11,619.7,57879.03402777778
10,63.0,8.41,11,619.6,57879.03472222222
13,54.0,8.41,11,619.6,57879.035416666666
11,56.0,8.4,11,619.7,57879.03611111111
8,74.0,8.37,10,619.7,57879.03680555556
10,46.0,8.34,11,619.6,57879.0375
12,44.0,8.35,12,619.6,57879.038194444445
14,49.0,8.41,12,619.6,57879.03888888889
11,70.0,8.56,13,619.6,57879.03958333333
13,51.0,8.73,11,619.6,57879.04027777778
13,72.0,8.82,11,619.6,57879.040972222225
8,65.0,8.84,10,619.6,57879.041666666664
4,76.0,8.78,10,619.6,57879.04236111111
10,47.0,8.73,11,619.6,57879.04305555556
11,38.0,8.71,10,619.6,57879.04375
12,44.0,8.67,10,619.5,57879.044444444444
12,61.0,8.66,11,619.5,57879.04513888889
14,53.0,8.67,11,619.5,57879.04583333333
11,40.0,8.65,11,619.5,57879.04652777778
13,59.0,8.62,11,619.5,57879.04722222222
15,68.0,8.57,11,619.5,57879.04791666667
11,73.0,8.53,11,619.5,57879.04861111111
9,71.0,8.46,10,619.5,57879.049305555556
7,51.0,8.36,10,619.5,57879.05
12,63.0,8.27,11,619.5,57879.05069444444
10,85.0,8.19,11,619.5,57879.05138888889
9,52.0,8.12,11,619.5,57879.052083333336
15,78.0,8.09,12,619.5,57879.052777777775
9,68.0,8.07,11,619.5,57879.05347222222
13,59.0,8.04,12,619.5,57879.05416666667
13,45.0,8.02,13,619.5,57879.05486111111
13,56.0,8.0,13,619.5,57879.055555555555
16,48.0,7.99,13,619.5,57879.05625
13,44.0,7.97,13,619.5,57879.05694444444
13,63.0,7.95,13,619.5,57879.05763888889
15,49.0,7.93,13,619.5,57879.058333333334
15,60.0,7.91,13,619.5,57879.05902777778
14,65.0,7.91,13,619.5,57879.05972222222
15,54.0,7.91,13,619.5,57879.06041666667
16,66.0,7.86,13,619.5,57879.061111111114
17,64.0,7.81,13,619.4,57879.06180555555
14,58.0,7.75,14,619.5,57879.0625
14,69.0,7.7,14,619.5,57879.06319444445
12,55.0,7.63,14,619.5,57879.063888888886
14,86.0,7.57,14,619.5,57879.06458333333
12,46.0,7.5,14,619.4,57879.06527777778
14,52.0,7.43,12,619.5,57879.06597222222
16,44.0,7.37,12,619.5,57879.066666666666
16,78.0,7.32,12,619.4,57879.06736111111
15,51.0,7.26,13,619.4,57879.06805555556
14,47.0,7.21,12,619.5,57879.06875
13,56.0,7.15,12,619.5,57879.069444444445
15,55.0,7.1,13,619.5,57879.07013888889
10,70.0,7.06,12,619.5,57879.07083333333
12,64.0,7.02,13,619.5,57879.07152777778
13,64.0,6.99,12,619.5,57879.072222222225
12,65.0,6.96,12,619.5,57879.072916666664
10,72.0,6.93,12,619.5,57879.07361111111
12,56.0,6.91,12,619.5,57879.07430555556
10,66.0,6.9,12,619.5,57879.075
12,59.0,6.9,12,619.5,57879.075694444444
10,54.0,6.91,12,619.5,57879.07638888889
14,57.0,6.93,12,619.5,57879.07708333333
12,72.0,6.95,11,619.5,57879.07777777778
8,85.0,6.96,12,619.5,57879.07847222222
10,56.0,6.97,12,619.5,57879.07916666667
9,74.0,6.97,11,619.5,57879.07986111111
9,48.0,6.97,11,619.5,57879.080555555556
11,45.0,6.97,11,619.5,57879.08125
11,53.0,6.95,11,619.5,57879.08194444444
9,48.0,6.94,11,619.5,57879.08263888889
10,65.0,6.91,11,619.5,57879.083333333336
11,61.0,6.91,12,619.5,57879.084027777775
9,69.0,6.91,11,619.5,57879.08472222222
5,59.0,6.9,11,619.5,57879.08541666667
9,71.0,6.9,12,619.5,57879.08611111111
9,60.0,6.93,12,619.5,57879.086805555555
8,70.0,6.94,11,619.5,57879.0875
5,80.0,6.94,11,619.5,57879.08819444444
7,75.0,6.93,11,619.6,57879.08888888889
7,59.0,6.94,12,619.6,57879.089583333334
6,66.0,6.96,12,619.6,57879.09027777778
5,67.0,6.99,12,619.6,57879.09097222222
8,63.0,7.01,12,619.6,57879.09166666667
8,58.0,7.04,12,619.6,57879.092361111114
5,68.0,7.06,11,619.6,57879.09305555555
4,55.0,7.05,10,619.6,57879.09375
4,58.0,7.03,10,619.6,57879.09444444445
5,79.0,7.0,10,619.6,57879.095138888886
4,41.0,6.98,10,619.6,57879.09583333333
2,59.0,6.95,10,619.6,57879.09652777778
6,55.0,6.94,11,619.5,57879.09722222222
5,54.0,6.93,11,619.6,57879.097916666666
9,51.0,6.94,12,619.5,57879.09861111111
8,56.0,6.94,11,619.6,57879.09930555556
6,66.0,6.92,11,619.6,57879.1
3,38.0,6.89,10,619.6,57879.100694444445
6,75.0,6.87,11,619.5,57879.10138888889
6,69.0,6.84,11,619.5,57879.10208333333
5,63.0,6.81,10,619.5,57879.10277777778
2,58.0,6.77,10,619.5,57879.103472222225
2,51.0,6.74,11,619.5,57879.104166666664
0,67.0,6.73,12,619.5,57879.10486111111
4,51.0,6.75,12,619.5,57879.10555555556
5,45.0,6.75,11,619.6,57879.10625
4,37.0,6.76,11,619.5,57879.106944444444
3,58.0,6.79,11,619.6,57879.10763888889
1,70.0,6.79,10,619.6,57879.10833333333
1,86.0,6.78,10,619.6,57879.10902777778
5,53.0,6.78,11,619.6,57879.10972222222
5,58.0,6.76,11,619.6,57879.11041666667
2,58.0,6.75,10,619.6,57879.11111111111
1,54.0,6.72,10,619.6,57879.111805555556
5,51.0,6.7,11,619.6,57879.1125
6,80.0,6.67,11,619.6,57879.11319444444
3,64.0,6.64,10,619.6,57879.11388888889
3,49.0,6.61,10,619.6,57879.114583333336
6,52.0,6.6,9,619.6,57879.115277777775
4,54.0,6.58,9,619.6,57879.11597222222
2,76.0,6.57,9,619.5,57879.11666666667
2,71.0,6.57,9,619.5,57879.11736111111
4,44.0,6.57,10,619.5,57879.118055555555
6,32.0,6.57,10,619.5,57879.11875
3,37.0,6.54,9,619.6,57879.11944444444
1,54.0,6.54,10,619.6,57879.12013888889
2,50.0,6.54,10,619.6,57879.120833333334
4,42.0,6.56,11,619.6,57879.12152777778
4,49.0,6.58,11,619.6,57879.12222222222
2,66.0,6.6,11,619.6,57879.12291666667
3,55.0,6.61,11,619.6,57879.123611111114
1,79.0,6.61,11,619.6,57879.12430555555
0,74.0,6.62,12,619.6,57879.125
0,63.0,6.61,12,619.6,57879.12569444445
0,62.0,6.6,12,619.6,57879.126388888886
0,48.0,6.58,12,619.6,57879.12708333333
0,58.0,6.57,12,619.6,57879.12777777778
0,85.0,6.57,12,619.6,57879.12847222222
0,78.0,6.54,11,619.7,57879.129166666666
0,71.0,6.51,11,619.7,57879.12986111111
0,78.0,6.49,11,619.7,57879.13055555556
0,78.0,6.48,11,619.7,57879.13125
0,78.0,6.45,11,619.7,57879.131944444445
0,76.0,6.42,11,619.7,57879.13263888889
0,76.0,6.42,11,619.7,57879.13333333333
0,79.0,6.42,10,619.7,57879.13402777778
0,80.0,6.44,10,619.7,57879.134722222225
0,80.0,6.45,11,619.7,57879.135416666664
0,59.0,6.48,11,619.7,57879.13611111111
0,58.0,6.49,10,619.7,57879.13680555556
0,68.0,6.51,9,619.7,57879.1375
0,61.0,6.51,10,619.7,57879.138194444444
0,72.0,6.52,10,619.7,57879.13888888889
0,46.0,6.51,10,619.7,57879.13958333333
0,57.0,6.51,10,619.7,57879.14027777778
0,59.0,6.51,10,619.8,57879.14097222222
0,69.0,6.52,10,619.8,57879.14166666667
0,71.0,6.54,11,619.8,57879.14236111111
0,70.0,6.52,11,619.8,57879.143055555556
0,70.0,6.49,11,619.8,57879.14375
0,64.0,6.46,10,619.8,57879.14444444444
0,60.0,6.41,10,619.8,57879.14513888889
0,56.0,6.39,10,619.8,57879.145833333336
0,52.0,6.36,9,619.8,57879.146527777775
0,58.0,6.36,9,619.8,57879.14722222222
1,44.0,6.36,9,619.8,57879.14791666667
0,51.0,6.36,9,619.7,57879.14861111111
0,59.0,6.36,9,619.7,57879.149305555555
0,52.0,6.36,9,619.7,57879.15
0,49.0,6.36,9,619.7,57879.15069444444
0,68.0,6.37,9,619.7,57879.15138888889
0,62.0,6.37,9,619.7,57879.152083333334
0,59.0,6.37,10,619.7,57879.15277777778
0,60.0,6.36,10,619.7,57879.15347222222
0,64.0,6.33,9,619.7,57879.15416666667
0,72.0,6.31,10,619.7,57879.154861111114
0,74.0,6.27,10,619.7,57879.15555555555
0,74.0,6.23,10,619.7,57879.15625
0,74.0,6.19,10,619.7,57879.15694444445
0,74.0,6.14,10,619.7,57879.157638888886
0,77.0,6.09,10,619.7,57879.15833333333
0,64.0,6.05,10,619.7,57879.15902777778
0,86.0,6.02,9,619.7,57879.15972222222
0,84.0,6.02,9,619.7,57879.160416666666
0,82.0,6.03,9,619.7,57879.16111111111
0,49.0,6.05,9,619.8,57879.16180555556
0,72.0,6.07,9,619.8,57879.1625
0,35.0,6.08,9,619.8,57879.163194444445
0,31.0,6.08,9,619.8,57879.16388888889
0,332.0,6.08,9,619.8,57879.16458333333
0,339.0,6.06,9,619.8,57879.16527777778
0,345.0,6.05,9,619.8,57879.165972222225
0,346.0,6.08,9,619.8,57879.166666666664
0,49.0,6.08,10,619.8,57879.16736111111
0,50.0,6.09,10,619.8,57879.16805555556
0,64.0,6.09,9,619.8,57879.16875
0,51.0,6.08,9,619.8,57879.169444444444
0,60.0,6.08,9,619.8,57879.17013888889
0,74.0,6.06,9,619.8,57879.17083333333
0,58.0,6.01,10,619.8,57879.17152777778
2,52.0,5.96,10,619.8,57879.17222222222
3,52.0,5.89,9,619.8,57879.17291666667
3,55.0,5.82,9,619.8,57879.17361111111
3,54.0,5.75,9,619.8,57879.174305555556
4,58.0,5.67,9,619.8,57879.175
3,52.0,5.61,9,619.9,57879.17569444444
3,54.0,5.55,9,619.9,57879.17638888889
3,56.0,5.49,9,619.9,57879.177083333336
5,54.0,5.44,9,619.9,57879.177777777775
4,54.0,5.4,9,619.9,57879.17847222222
6,59.0,5.35,9,619.9,57879.17916666667
4,60.0,5.3,9,619.9,57879.17986111111
3,61.0,5.27,9,619.9,57879.180555555555
4,52.0,5.24,9,619.9,57879.18125
5,54.0,5.2,9,619.9,57879.18194444444
5,55.0,5.17,9,619.9,57879.18263888889
3,60.0,5.16,9,619.9,57879.183333333334
5,56.0,5.14,9,619.9,57879.18402777778
5,62.0,5.12,9,619.9,57879.18472222222
4,61.0,5.1,9,619.9,57879.18541666667
3,56.0,5.07,9,619.9,57879.186111111114
4,65.0,5.04,10,619.9,57879.18680555555
5,61.0,4.99,11,619.9,57879.1875
4,72.0,4.91,11,619.9,57879.18819444445
2,75.0,4.82,11,619.9,57879.188888888886
2,68.0,4.72,12,619.9,57879.18958333333
1,70.0,4.62,12,619.9,57879.19027777778
2,63.0,4.52,12,619.9,57879.19097222222
1,72.0,4.42,12,619.9,57879.191666666666
1,74.0,4.33,12,619.9,57879.19236111111
2,74.0,4.25,12,619.9,57879.19305555556
1,76.0,4.17,12,619.9,57879.19375
2,74.0,4.1,13,619.9,57879.194444444445
2,81.0,4.03,13,619.9,57879.19513888889
0,85.0,3.97,12,619.9,57879.19583333333
1,83.0,3.91,12,619.9,57879.19652777778
1,66.0,3.88,12,619.9,57879.197222222225
1,77.0,3.85,12,620.0,57879.197916666664
1,76.0,3.83,12,620.0,57879.19861111111
1,75.0,3.8,11,620.0,57879.19930555556
1,80.0,3.8,12,620.0,57879.2
1,82.0,3.78,12,620.0,57879.200694444444
1,75.0,3.75,12,620.0,57879.20138888889
2,76.0,3.71,12,620.0,57879.20208333333
2,65.0,3.68,12,620.0,57879.20277777778
2,71.0,3.65,12,620.0,57879.20347222222
1,68.0,3.62,12,620.0,57879.20416666667
0,69.0,3.58,12,620.0,57879.20486111111
0,70.0,3.55,12,620.0,57879.205555555556
0,73.0,3.55,11,620.0,57879.20625
0,67.0,3.55,11,620.1,57879.20694444444
0,64.0,3.58,11,620.1,57879.20763888889
0,63.0,3.61,11,620.1,57879.208333333336
0,66.0,3.62,12,620.1,57879.209027777775
0,67.0,3.62,12,620.1,57879.20972222222
1,69.0,3.6,12,620.1,57879.21041666667
2,69.0,3.58,12,620.1,57879.21111111111
2,64.0,3.56,11,620.1,57879.211805555555
3,58.0,3.55,11,620.1,57879.2125
3,57.0,3.55,11,620.1,57879.21319444444
2,72.0,3.57,11,620.1,57879.21388888889
1,81.0,3.6,11,620.1,57879.214583333334
1,76.0,3.61,11,620.1,57879.21527777778
1,66.0,3.61,11,620.1,57879.21597222222
3,71.0,3.61,11,620.1,57879.21666666667
3,82.0,3.61,11,620.1,57879.217361111114
2,84.0,3.6,11,620.1,57879.21805555555
1,84.0,3.58,11,620.0,57879.21875
2,77.0,3.58,12,620.0,57879.21944444445
4,68.0,3.55,12,620.0,57879.220138888886
7,70.0,3.53,11,620.0,57879.22083333333
8,70.0,3.52,10,620.0,57879.22152777778
8,71.0,3.55,10,620.0,57879.22222222222
6,73.0,3.58,10,620.0,57879.222916666666
6,72.0,3.61,11,620.0,57879.22361111111
7,68.0,3.59,12,620.0,57879.22430555556
7,59.0,3.54,12,620.0,57879.225
6,67.0,3.5,12,620.0,57879.225694444445
4,76.0,3.46,12,620.1,57879.22638888889
3,62.0,3.42,12,620.1,57879.22708333333
3,65.0,3.4,12,620.1,57879.22777777778
2,52.0,3.38,12,620.1,57879.228472222225
3,52.0,3.36,12,620.1,57879.229166666664
5,54.0,3.34,12,620.1,57879.22986111111
5,56.0,3.32,11,620.1,57879.23055555556
6,54.0,3.33,11,620.1,57879.23125
7,59.0,3.34,11,620.1,57879.231944444444
8,51.0,3.34,11,620.1,57879.23263888889
8,54.0,3.36,10,620.2,57879.23333333333
6,71.0,3.41,10,620.2,57879.23402777778
3,63.0,3.45,11,620.2,57879.23472222222
2,68.0,3.48,11,620.2,57879.23541666667
4,61.0,3.49,11,620.2,57879.23611111111
3,81.0,3.53,10,620.2,57879.236805555556
2,65.0,3.59,10,620.2,57879.2375
3,68.0,3.65,10,620.2,57879.23819444444
3,74.0,3.68,10,620.3,57879.23888888889
1,73.0,3.71,10,620.3,57879.239583333336
1,79.0,3.75,10,620.3,57879.240277777775
2,78.0,3.79,10,620.3,57879.24097222222
4,64.0,3.79,10,620.3,57879.24166666667
4,67.0,3.76,10,620.3,57879.24236111111
2,80.0,3.75,10,620.3,57879.243055555555
1,74.0,3.75,10,620.3,57879.24375
0,123.0,3.75,10,620.3,57879.24444444444
0,138.0,3.74,10,620.3,57879.24513888889
0,127.0,3.75,10,620.3,57879.245833333334
0,93.0,3.76,11,620.3,57879.24652777778
1,83.0,3.76,11,620.3,57879.24722222222
1,88.0,3.76,10,620.3,57879.24791666667
1,91.0,3.79,10,620.3,57879.248611111114
1,89.0,3.8,11,620.3,57879.24930555555
1,97.0,3.78,11,620.3,57879.25
0,115.0,3.74,12,620.3,57879.25069444445
0,98.0,3.69,12,620.3,57879.251388888886
0,95.0,3.63,12,620.3,57879.25208333333
0,108.0,3.56,12,620.3,57879.25277777778
0,125.0,3.48,13,620.3,57879.25347222222
0,128.0,3.42,13,620.3,57879.254166666666
0,130.0,3.37,12,620.4,57879.25486111111
0,105.0,3.33,12,620.4,57879.25555555556
0,79.0,3.31,12,620.4,57879.25625
0,80.0,3.28,12,620.4,57879.256944444445
0,87.0,3.26,12,620.4,57879.25763888889
0,84.0,3.25,12,620.5,57879.25833333333
0,77.0,3.28,11,620.5,57879.25902777778
0,73.0,3.34,10,620.5,57879.259722222225
0,82.0,3.42,10,620.5,57879.260416666664
0,87.0,3.48,11,620.5,57879.26111111111
0,86.0,3.52,11,620.5,57879.26180555556
0,82.0,3.55,11,620.5,57879.2625
0,81.0,3.55,11,620.5,57879.263194444444
0,79.0,3.58,10,620.5,57879.26388888889
0,79.0,3.64,9,620.5,57879.26458333333
0,79.0,3.72,9,620.5,57879.26527777778
0,79.0,3.81,9,620.5,57879.26597222222
0,73.0,3.9,9,620.5,57879.26666666667
2,65.0,3.98,9,620.5,57879.26736111111
2,85.0,4.04,9,620.5,57879.268055555556
1,68.0,4.09,9,620.5,57879.26875
0,78.0,4.12,9,620.6,57879.26944444444
0,75.0,4.12,9,620.6,57879.27013888889
0,77.0,4.13,9,620.6,57879.270833333336
0,72.0,4.18,8,620.6,57879.271527777775
0,69.0,4.22,9,620.6,57879.27222222222
0,68.0,4.25,9,620.6,57879.27291666667
1,58.0,4.28,9,620.6,57879.27361111111
1,60.0,4.31,8,620.6,57879.274305555555
0,60.0,4.32,9,620.6,57879.275
0,59.0,4.34,8,620.6,57879.27569444444
0,55.0,4.34,8,620.6,57879.27638888889
1,51.0,4.34,8,620.6,57879.277083333334
2,51.0,4.34,8,620.6,57879.27777777778
2,54.0,4.35,8,620.6,57879.27847222222
2,44.0,4.37,8,620.6,57879.27916666667
2,53.0,4.39,8,620.6,57879.279861111114
2,50.0,4.4,8,620.6,57879.28055555555
1,56.0,4.39,9,620.6,57879.28125
0,54.0,4.37,9,620.7,57879.28194444445
0,46.0,4.34,9,620.6,57879.282638888886
0,45.0,4.31,8,620.6,57879.28333333333
2,48.0,4.3,8,620.7,57879.28402777778
3,45.0,4.31,8,620.6,57879.28472222222
4,46.0,4.32,8,620.6,57879.285416666666
4,45.0,4.34,8,620.6,57879.28611111111
4,48.0,4.36,8,620.6,57879.28680555556
4,46.0,4.37,8,620.6,57879.2875
4,46.0,4.37,8,620.6,57879.288194444445
4,45.0,4.37,8,620.6,57879.28888888889
4,50.0,4.37,8,620.6,57879.28958333333
4,50.0,4.35,9,620.6,57879.29027777778
4,54.0,4.32,9,620.6,57879.290972222225
4,58.0,4.27,10,620.6,57879.291666666664
5,58.0,4.15,11,620.6,57879.29236111111
5,58.0,4.01,11,620.6,57879.29305555556
4,56.0,3.86,12,620.6,57879.29375
4,50.0,3.72,11,620.6,57879.294444444444
3,54.0,3.6,11,620.6,57879.29513888889
4,54.0,3.52,11,620.6,57879.29583333333
3,55.0,3.45,11,620.6,57879.29652777778
4,50.0,3.39,11,620.6,57879.29722222222
5,50.0,3.35,11,620.6,57879.29791666667
4,58.0,3.35,10,620.6,57879.29861111111
4,52.0,3.39,10,620.6,57879.299305555556
4,58.0,3.43,10,620.6,57879.3
4,49.0,3.47,11,620.6,57879.30069444444
5,57.0,3.49,11,620.6,57879.30138888889
4,58.0,3.49,11,620.6,57879.302083333336
5,64.0,3.49,11,620.6,57879.302777777775
6,61.0,3.48,11,620.6,57879.30347222222
7,68.0,3.45,11,620.6,57879.30416666667
6,67.0,3.41,11,620.6,57879.30486111111
5,69.0,3.37,11,620.6,57879.305555555555
5,74.0,3.32,11,620.6,57879.30625
5,78.0,3.29,11,620.6,57879.30694444444
6,63.0,3.26,11,620.6,57879.30763888889
6,70.0,3.24,12,620.6,57879.308333333334
5,69.0,3.23,11,620.6,57879.30902777778
6,61.0,3.22,11,620.6,57879.30972222222
7,64.0,3.21,11,620.6,57879.31041666667
6,68.0,3.21,11,620.6,57879.311111111114
5,76.0,3.21,11,620.6,57879.31180555555
3,77.0,3.22,11,620.6,57879.3125
3,77.0,3.25,11,620.6,57879.31319444445
4,74.0,3.27,11,620.6,57879.313888888886
4,77.0,3.29,11,620.6,57879.31458333333
3,76.0,3.32,11,620.6,57879.31527777778
3,81.0,3.34,11,620.6,57879.31597222222
4,81.0,3.35,11,620.6,57879.316666666666
4,72.0,3.35,11,620.6,57879.31736111111
4,75.0,3.35,11,620.6,57879.31805555556
3,78.0,3.34,11,620.7,57879.31875
3,77.0,3.34,11,620.7,57879.319444444445
3,75.0,3.32,11,620.7,57879.32013888889
3,74.0,3.31,11,620.6,57879.32083333333
3,76.0,3.31,11,620.6,57879.32152777778
3,76.0,3.31,11,620.6,57879.322222222225
2,75.0,3.31,11,620.6,57879.322916666664
2,78.0,3.31,11,620.6,57879.32361111111
2,76.0,3.31,11,620.6,57879.32430555556
2,77.0,3.33,11,620.6,57879.325
2,83.0,3.35,11,620.6,57879.325694444444
2,80.0,3.39,10,620.6,57879.32638888889
2,85.0,3.42,11,620.6,57879.32708333333
2,85.0,3.46,10,620.6,57879.32777777778
1,80.0,3.5,10,620.6,57879.32847222222
1,79.0,3.56,10,620.6,57879.32916666667
2,74.0,3.62,9,620.6,57879.32986111111
3,73.0,3.69,9,620.6,57879.330555555556
3,75.0,3.75,9,620.6,57879.33125
4,76.0,3.79,9,620.6,57879.33194444444
4,75.0,3.81,9,620.6,57879.33263888889
4,82.0,3.85,9,620.6,57879.333333333336
3,84.0,3.9,9,620.6,57879.334027777775
1,104.0,3.93,9,620.6,57879.33472222222
1,94.0,3.97,8,620.6,57879.33541666667
0,94.0,4.04,8,620.6,57879.33611111111
0,91.0,4.11,8,620.6,57879.336805555555
0,94.0,4.18,8,620.6,57879.3375
0,89.0,4.25,8,620.6,57879.33819444444
0,87.0,4.3,8,620.7,57879.33888888889
0,82.0,4.34,8,620.7,57879.339583333334
0,94.0,4.37,8,620.7,57879.34027777778
0,91.0,4.38,8,620.7,57879.34097222222
0,74.0,4.4,8,620.7,57879.34166666667
0,82.0,4.4,8,620.7,57879.342361111114
0,75.0,4.41,8,620.7,57879.34305555555
0,67.0,4.42,8,620.7,57879.34375
0,68.0,4.39,8,620.7,57879.34444444445
0,71.0,4.36,8,620.7,57879.345138888886
0,71.0,4.31,8,620.7,57879.34583333333
0,71.0,4.28,8,620.7,57879.34652777778
0,74.0,4.28,8,620.7,57879.34722222222
0,73.0,4.31,8,620.7,57879.347916666666
0,70.0,4.35,8,620.7,57879.34861111111
0,67.0,4.4,8,620.7,57879.34930555556
0,67.0,4.44,8,620.7,57879.35
0,69.0,4.49,8,620.7,57879.350694444445
0,71.0,4.55,7,620.7,57879.35138888889
0,70.0,4.6,7,620.7,57879.35208333333
0,74.0,4.65,7,620.7,57879.35277777778
0,66.0,4.7,7,620.7,57879.353472222225
0,68.0,4.73,7,620.7,57879.354166666664
0,67.0,4.74,8,620.7,57879.35486111111
1,63.0,4.73,8,620.7,57879.35555555556
1,61.0,4.68,8,620.7,57879.35625
1,58.0,4.61,8,620.7,57879.356944444444
0,62.0,4.56,8,620.7,57879.35763888889
0,62.0,4.53,8,620.7,57879.35833333333
0,59.0,4.53,8,620.7,57879.35902777778
0,57.0,4.53,8,620.6,57879.35972222222
0,56.0,4.53,8,620.6,57879.36041666667
1,51.0,4.53,8,620.6,57879.36111111111
1,55.0,4.54,8,620.6,57879.361805555556
2,52.0,4.56,8,620.6,57879.3625
2,48.0,4.6,7,620.6,57879.36319444444
2,52.0,4.63,7,620.6,57879.36388888889
2,47.0,4.66,8,620.6,57879.364583333336
3,49.0,4.68,8,620.6,57879.365277777775
3,55.0,4.7,7,620.6,57879.36597222222
3,52.0,4.72,7,620.6,57879.36666666667
3,52.0,4.74,7,620.6,57879.36736111111
4,51.0,4.77,7,620.6,57879.368055555555
4,49.0,4.78,7,620.6,57879.36875
5,39.0,4.8,7,620.6,57879.36944444444
5,44.0,4.8,7,620.6,57879.37013888889
6,50.0,4.81,7,620.6,57879.370833333334
5,54.0,4.82,7,620.6,57879.37152777778
4,59.0,4.8,8,620.5,57879.37222222222
2,50.0,4.78,8,620.5,57879.37291666667
1,54.0,4.74,8,620.5,57879.373611111114
2,50.0,4.69,8,620.5,57879.37430555555
3,42.0,4.64,8,620.5,57879.375
4,51.0,4.61,8,620.5,57879.37569444445
3,60.0,4.57,8,620.5,57879.376388888886
3,60.0,4.51,9,620.5,57879.37708333333
1,70.0,4.41,9,620.5,57879.37777777778
0,67.0,4.31,9,620.5,57879.37847222222
0,67.0,4.22,9,620.5,57879.379166666666
1,55.0,4.17,9,620.5,57879.37986111111
2,65.0,4.13,9,620.5,57879.38055555556
2,67.0,4.09,9,620.5,57879.38125
1,65.0,4.07,8,620.5,57879.381944444445
0,65.0,4.07,8,620.5,57879.38263888889
0,70.0,4.07,9,620.5,57879.38333333333
0,64.0,4.07,8,620.5,57879.38402777778
0,64.0,4.07,9,620.5,57879.384722222225
0,64.0,4.08,8,620.5,57879.385416666664
0,63.0,4.1,8,620.5,57879.38611111111
0,62.0,4.13,8,620.5,57879.38680555556
0,62.0,4.17,8,620.5,57879.3875
0,63.0,4.22,8,620.5,57879.388194444444
0,58.0,4.27,8,620.5,57879.38888888889
0,50.0,4.35,7,620.5,57879.38958333333
0,39.0,4.44,7,620.5,57879.39027777778
0,49.0,4.53,7,620.5,57879.39097222222
0,44.0,4.62,7,620.5,57879.39166666667
0,51.0,4.69,7,620.5,57879.39236111111
1,44.0,4.74,7,620.5,57879.393055555556
1,55.0,4.78,7,620.4,57879.39375
1,50.0,4.81,7,620.4,57879.39444444444
1,67.0,4.81,7,620.4,57879.39513888889
0,53.0,4.81,7,620.4,57879.395833333336
0,54.0,4.79,8,620.4,57879.396527777775
0,64.0,4.74,8,620.4,57879.39722222222
0,64.0,4.67,8,620.4,57879.39791666667
0,64.0,4.57,9,620.4,57879.39861111111
0,66.0,4.47,9,620.4,57879.399305555555
0,66.0,4.36,9,620.4,57879.4
0,65.0,4.26,10,620.4,57879.40069444444
0,67.0,4.16,10,620.4,57879.40138888889
0,67.0,4.06,10,620.4,57879.402083333334
0,53.0,3.98,10,620.4,57879.40277777778
0,54.0,3.93,9,620.3,57879.40347222222
1,49.0,3.92,9,620.3,57879.40416666667
2,52.0,3.93,9,620.3,57879.404861111114
5,54.0,3.97,8,620.3,57879.40555555555
6,59.0,4.02,8,620.3,57879.40625
5,61.0,4.04,9,620.3,57879.40694444445
4,62.0,4.02,10,620.3,57879.407638888886
3,64.0,3.95,10,620.3,57879.40833333333
4,58.0,3.85,11,620.3,57879.40902777778
5,57.0,3.73,11,620.3,57879.40972222222
5,59.0,3.6,11,620.2,57879.410416666666
4,70.0,3.47,11,620.2,57879.41111111111
2,58.0,3.37,11,620.2,57879.41180555556
3,59.0,3.29,11,620.2,57879.4125
3,63.0,3.22,11,620.2,57879.413194444445
3,61.0,3.17,11,620.2,57879.41388888889
3,61.0,3.14,11,620.2,57879.41458333333
3,63.0,3.12,11,620.2,57879.41527777778
2,63.0,3.11,11,620.2,57879.415972222225
