wind_speed,wind_direction,temperature,relative_humidity,pressure,mjd
3,64.0,5.85,7,617.9,55322.416666666664
3,68.0,5.8,7,617.9,55322.41736111111
2,69.0,5.78,7,617.8,55322.41805555556
2,72.0,5.79,6,617.8,55322.41875
2,74.0,5.82,6,617.8,55322.419444444444
3,73.0,5.86,6,617.8,55322.42013888889
4,72.0,5.87,7,617.8,55322.42083333333
5,73.0,5.82,7,617.8,55322.42152777778
5,71.0,5.76,7,617.7,55322.42222222222
4,72.0,5.68,7,617.7,55322.42291666667
4,73.0,5.58,7,617.7,55322.42361111111
5,73.0,5.49,7,617.7,55322.424305555556
4,74.0,5.41,7,617.7,55322.425
5,68.0,5.35,8,617.7,55322.42569444444
4,72.0,5.28,8,617.7,55322.42638888889
4,72.0,5.24,8,617.7,55322.427083333336
4,73.0,5.23,7,617.7,55322.427777777775
4,78.0,5.26,7,617.7,55322.42847222222
5,78.0,5.31,7,617.7,55322.42916666667
4,78.0,5.37,8,617.7,55322.42986111111
4,74.0,5.41,8,617.7,55322.430555555555
4,78.0,5.41,7,617.7,55322.43125
4,65.0,5.39,7,617.7,55322.43194444444
3,71.0,5.36,8,617.7,55322.43263888889
3,74.0,5.32,8,617.7,55322.433333333334
3,75.0,5.32,8,617.7,55322.43402777778
3,86.0,5.33,8,617.7,55322.43472222222
3,79.0,5.36,7,617.7,55322.43541666667
3,75.0,5.4,7,617.8,55322.436111111114
2,75.0,5.45,7,617.8,55322.43680555555
2,76.0,5.48,7,617.7,55322.4375
2,71.0,5.53,7,617.7,55322.43819444445
3,73.0,5.57,7,617.7,55322.438888888886
4,81.0,5.6,7,617.7,55322.43958333333
4,75.0,5.6,8,617.7,55322.44027777778
3,79.0,5.58,8,617.7,55322.44097222222
2,77.0,5.56,7,617.7,55322.441666666666
1,77.0,5.56,7,617.7,55322.44236111111
1,74.0,5.58,7,617.6,55322.44305555556
0,74.0,5.6,7,617.6,55322.44375
1,74.0,5.62,7,617.6,55322.444444444445
1,77.0,5.64,7,617.6,55322.44513888889
0,79.0,5.67,7,617.6,55322.44583333333
0,79.0,5.7,7,617.6,55322.44652777778
0,87.0,5.75,7,617.5,55322.447222222225
2,87.0,5.82,7,617.5,55322.447916666664
3,86.0,5.86,7,617.5,55322.44861111111
3,87.0,5.87,8,617.5,55322.44930555556
2,88.0,5.85,8,617.5,55322.45
2,88.0,5.8,8,617.5,55322.450694444444
1,88.0,5.75,8,617.5,55322.45138888889
1,90.0,5.7,8,617.5,55322.45208333333
2,82.0,5.68,8,617.5,55322.45277777778
2,83.0,5.66,7,617.5,55322.45347222222
1,83.0,5.66,7,617.5,55322.45416666667
0,84.0,5.68,7,617.5,55322.45486111111
0,83.0,5.7,7,617.5,55322.455555555556
0,83.0,5.74,7,617.5,55322.45625
0,71.0,5.78,7,617.5,55322.45694444444
0,71.0,5.85,7,617.5,55322.45763888889
0,70.0,5.94,7,617.5,55322.458333333336
0,70.0,6.03,6,617.5,55322.459027777775
0,70.0,6.12,6,617.5,55322.45972222222
0,68.0,6.19,6,617.5,55322.46041666667
1,72.0,6.23,7,617.5,55322.46111111111
0,72.0,6.23,7,617.5,55322.461805555555
0,72.0,6.18,7,617.5,55322.4625
0,72.0,6.13,7,617.5,55322.46319444444
0,71.0,6.09,7,617.5,55322.46388888889
0,70.0,6.05,7,617.4,55322.464583333334
0,70.0,6.06,7,617.4,55322.46527777778
0,69.0,6.09,6,617.4,55322.46597222222
0,69.0,6.13,6,617.4,55322.46666666667
0,69.0,6.14,7,617.4,55322.467361111114
0,68.0,6.13,6,617.4,55322.46805555555
0,68.0,6.11,6,617.4,55322.46875
0,68.0,6.11,6,617.4,55322.46944444445
0,68.0,6.11,6,617.4,55322.470138888886
0,68.0,6.1,6,617.4,55322.47083333333
0,68.0,6.09,6,617.4,55322.47152777778
0,68.0,6.1,6,617.4,55322.47222222222
0,68.0,6.13,6,617.4,55322.472916666666
0,67.0,6.19,6,617.4,55322.47361111111
0,67.0,6.29,6,617.4,55322.47430555556
0,68.0,6.42,6,617.4,55322.475
0,68.0,6.56,6,617.4,55322.475694444445
0,67.0,6.7,6,617.3,55322.47638888889
0,67.0,6.82,6,617.3,55322.47708333333
0,68.0,6.91,6,617.3,55322.47777777778
0,69.0,6.95,6,617.3,55322.478472222225
1,71.0,6.92,6,617.3,55322.479166666664
2,75.0,6.79,7,617.3,55322.47986111111
2,78.0,6.62,7,617.3,55322.48055555556
2,77.0,6.46,7,617.2,55322.48125
1,79.0,6.32,7,617.2,55322.481944444444
0,79.0,6.21,7,617.2,55322.48263888889
0,79.0,6.11,7,617.2,55322.48333333333
0,78.0,6.06,7,617.2,55322.48402777778
0,80.0,6.06,6,617.2,55322.48472222222
1,80.0,6.08,6,617.1,55322.48541666667
2,82.0,6.08,6,617.1,55322.48611111111
1,83.0,6.06,7,617.1,55322.486805555556
0,82.0,6.04,7,617.2,55322.4875
0,82.0,6.02,7,617.2,55322.48819444444
0,82.0,6.0,7,617.2,55322.48888888889
0,79.0,5.97,7,617.2,55322.489583333336
1,77.0,5.92,7,617.2,55322.490277777775
0,77.0,5.87,7,617.1,55322.49097222222
0,78.0,5.84,7,617.1,55322.49166666667
0,78.0,5.82,7,617.1,55322.49236111111
0,78.0,5.82,7,617.1,55322.493055555555
0,78.0,5.81,7,617.1,55322.49375
0,78.0,5.8,7,617.1,55322.49444444444
0,78.0,5.78,6,617.0,55322.49513888889
0,77.0,5.74,6,617.0,55322.495833333334
1,77.0,5.68,7,617.0,55322.49652777778
1,77.0,5.6,7,617.0,55322.49722222222
2,77.0,5.55,7,617.0,55322.49791666667
2,76.0,5.52,7,617.0,55322.498611111114
2,75.0,5.5,7,617.0,55322.49930555555
2,76.0,5.5,7,617.0,55322.5
3,74.0,5.51,7,617.0,55322.50069444445
3,75.0,5.53,7,617.0,55322.501388888886
4,73.0,5.53,7,617.0,55322.50208333333
5,72.0,5.51,7,617.0,55322.50277777778
4,74.0,5.47,7,617.0,55322.50347222222
5,70.0,5.43,7,616.9,55322.504166666666
4,75.0,5.39,7,616.9,55322.50486111111
4,91.0,5.38,7,616.9,55322.50555555556
3,87.0,5.37,7,616.9,55322.50625
3,77.0,5.35,7,616.9,55322.506944444445
4,75.0,5.35,7,616.9,55322.50763888889
4,69.0,5.35,7,616.9,55322.50833333333
4,70.0,5.35,7,616.9,55322.50902777778
6,77.0,5.33,7,616.9,55322.509722222225
5,74.0,5.3,7,616.9,55322.510416666664
5,76.0,5.27,8,616.9,55322.51111111111
6,72.0,5.22,8,616.9,55322.51180555556
6,69.0,5.15,8,616.9,55322.5125
5,73.0,5.07,8,616.9,55322.513194444444
5,82.0,4.99,8,616.9,55322.51388888889
6,73.0,4.93,8,616.9,55322.51458333333
7,66.0,4.91,8,616.9,55322.51527777778
7,65.0,4.89,8,616.9,55322.51597222222
6,81.0,4.89,8,616.9,55322.51666666667
6,73.0,4.89,8,616.9,55322.51736111111
5,84.0,4.89,8,616.9,55322.518055555556
4,87.0,4.88,8,616.9,55322.51875
3,72.0,4.89,7,616.8,55322.51944444444
3,73.0,4.94,7,616.8,55322.52013888889
4,73.0,4.99,7,616.8,55322.520833333336
5,74.0,5.03,7,616.8,55322.521527777775
5,75.0,5.06,7,616.8,55322.52222222222
5,76.0,5.1,7,616.8,55322.52291666667
6,78.0,5.13,7,616.8,55322.52361111111
6,78.0,5.14,7,616.8,55322.524305555555
5,73.0,5.16,7,616.8,55322.525
5,89.0,5.17,7,616.8,55322.52569444444
6,79.0,5.17,7,616.8,55322.52638888889
5,70.0,5.19,7,616.7,55322.527083333334
5,80.0,5.21,7,616.7,55322.52777777778
5,79.0,5.21,7,616.7,55322.52847222222
5,77.0,5.18,7,616.7,55322.52916666667
5,69.0,5.12,7,616.7,55322.529861111114
6,69.0,5.08,7,616.7,55322.53055555555
7,71.0,5.03,7,616.7,55322.53125
6,89.0,5.01,7,616.8,55322.53194444445
5,68.0,5.02,7,616.8,55322.532638888886
4,73.0,5.05,7,616.8,55322.53333333333
5,69.0,5.06,7,616.7,55322.53402777778
4,74.0,5.04,7,616.7,55322.53472222222
5,85.0,5.01,7,616.7,55322.535416666666
5,75.0,5.01,7,616.7,55322.53611111111
5,65.0,5.01,7,616.7,55322.53680555556
5,72.0,4.99,7,616.7,55322.5375
4,77.0,4.96,7,616.7,55322.538194444445
4,82.0,4.95,7,616.7,55322.53888888889
4,85.0,4.95,7,616.7,55322.53958333333
4,67.0,4.96,7,616.7,55322.54027777778
5,72.0,4.97,7,616.7,55322.540972222225
5,72.0,4.98,7,616.7,55322.541666666664
5,70.0,4.99,7,616.7,55322.54236111111
7,67.0,5.01,7,616.7,55322.54305555556
7,71.0,5.01,7,616.7,55322.54375
6,80.0,5.04,7,616.7,55322.544444444444
5,73.0,5.08,7,616.7,55322.54513888889
5,56.0,5.1,7,616.7,55322.54583333333
5,68.0,5.1,7,616.7,55322.54652777778
4,74.0,5.08,7,616.7,55322.54722222222
4,73.0,5.08,7,616.7,55322.54791666667
4,70.0,5.07,7,616.7,55322.54861111111
4,73.0,5.05,7,616.7,55322.549305555556
4,71.0,5.04,7,616.7,55322.55
4,75.0,5.06,7,616.7,55322.55069444444
5,73.0,5.1,7,616.7,55322.55138888889
7,73.0,5.11,7,616.7,55322.552083333336
6,68.0,5.13,7,616.7,55322.552777777775
5,71.0,5.16,7,616.7,55322.55347222222
5,64.0,5.19,7,616.7,55322.55416666667
5,67.0,5.21,7,616.7,55322.55486111111
5,69.0,5.19,7,616.7,55322.555555555555
5,66.0,5.14,7,616.7,55322.55625
7,64.0,5.08,7,616.7,55322.55694444444
6,66.0,5.04,7,616.7,55322.55763888889
6,73.0,5.04,7,616.7,55322.558333333334
6,61.0,5.05,7,616.7,55322.55902777778
8,73.0,5.05,7,616.7,55322.55972222222
8,61.0,5.05,7,616.7,55322.56041666667
8,69.0,5.03,7,616.7,55322.561111111114
9,72.0,5.0,7,616.7,55322.56180555555
8,62.0,4.97,7,616.7,55322.5625
9,56.0,4.92,7,616.6,55322.56319444445
10,50.0,4.85,7,616.6,55322.563888888886
9,63.0,4.81,7,616.6,55322.56458333333
9,55.0,4.79,7,616.6,55322.56527777778
10,72.0,4.77,7,616.6,55322.56597222222
7,76.0,4.77,7,616.6,55322.566666666666
6,68.0,4.79,7,616.6,55322.56736111111
9,65.0,4.8,7,616.6,55322.56805555556
10,59.0,4.8,7,616.7,55322.56875
9,65.0,4.8,7,616.7,55322.569444444445
10,62.0,4.81,7,616.7,55322.57013888889
11,57.0,4.83,7,616.7,55322.57083333333
10,59.0,4.85,7,616.7,55322.57152777778
8,62.0,4.9,7,616.7,55322.572222222225
9,74.0,4.93,7,616.6,55322.572916666664
8,64.0,4.94,7,616.7,55322.57361111111
10,48.0,4.94,7,616.6,55322.57430555556
9,71.0,4.95,7,616.6,55322.575
8,81.0,4.95,7,616.6,55322.575694444444
8,72.0,4.91,7,616.7,55322.57638888889
9,61.0,4.87,7,616.6,55322.57708333333
11,64.0,4.83,7,616.6,55322.57777777778
10,61.0,4.8,7,616.6,55322.57847222222
11,65.0,4.77,7,616.6,55322.57916666667
10,70.0,4.75,7,616.6,55322.57986111111
10,62.0,4.74,7,616.6,55322.580555555556
13,57.0,4.72,7,616.6,55322.58125
11,83.0,4.69,7,616.6,55322.58194444444
10,71.0,4.67,7,616.6,55322.58263888889
10,69.0,4.65,7,616.6,55322.583333333336
11,66.0,4.62,7,616.6,55322.584027777775
12,55.0,4.61,7,616.6,55322.58472222222
14,54.0,4.6,7,616.6,55322.58541666667
13,69.0,4.61,7,616.6,55322.58611111111
12,59.0,4.61,7,616.6,55322.586805555555
13,72.0,4.62,8,616.6,55322.5875
11,56.0,4.62,8,616.6,55322.58819444444
10,68.0,4.61,8,616.7,55322.58888888889
11,60.0,4.59,8,616.7,55322.589583333334
13,68.0,4.57,8,616.7,55322.59027777778
12,78.0,4.56,8,616.7,55322.59097222222
11,45.0,4.58,7,616.7,55322.59166666667
8,71.0,4.59,7,616.7,55322.592361111114
10,60.0,4.59,7,616.7,55322.59305555555
12,62.0,4.61,7,616.7,55322.59375
8,79.0,4.65,7,616.7,55322.59444444445
9,70.0,4.72,7,616.7,55322.595138888886
7,68.0,4.8,7,616.7,55322.59583333333
7,60.0,4.88,7,616.7,55322.59652777778
8,72.0,4.95,7,616.7,55322.59722222222
6,82.0,5.0,7,616.7,55322.597916666666
6,73.0,5.05,7,616.7,55322.59861111111
6,67.0,5.08,7,616.7,55322.59930555556
8,67.0,5.08,7,616.7,55322.6
7,65.0,5.09,7,616.7,55322.600694444445
7,68.0,5.09,7,616.7,55322.60138888889
7,72.0,5.07,7,616.7,55322.60208333333
8,62.0,5.07,7,616.7,55322.60277777778
8,64.0,5.07,7,616.7,55322.603472222225
8,69.0,5.06,7,616.7,55322.604166666664
7,51.0,5.05,7,616.7,55322.60486111111
7,72.0,5.05,7,616.7,55322.60555555556
6,69.0,5.07,7,616.7,55322.60625
9,52.0,5.08,7,616.7,55322.606944444444
9,65.0,5.08,6,616.7,55322.60763888889
9,70.0,5.1,6,616.7,55322.60833333333
7,69.0,5.11,6,616.7,55322.60902777778
11,78.0,5.11,6,616.7,55322.60972222222
9,75.0,5.11,6,616.7,55322.61041666667
7,72.0,5.13,6,616.7,55322.61111111111
8,66.0,5.15,6,616.7,55322.611805555556
8,63.0,5.17,6,616.7,55322.6125
8,59.0,5.17,6,616.8,55322.61319444444
5,63.0,5.19,6,616.8,55322.61388888889
7,56.0,5.18,6,616.8,55322.614583333336
10,65.0,5.14,6,616.7,55322.615277777775
8,66.0,5.1,7,616.7,55322.61597222222
9,69.0,5.06,7,616.7,55322.61666666667
10,63.0,5.01,7,616.8,55322.61736111111
12,62.0,4.98,7,616.8,55322.618055555555
9,68.0,4.97,7,616.8,55322.61875
6,76.0,4.98,7,616.8,55322.61944444444
7,65.0,4.98,7,616.9,55322.62013888889
10,72.0,4.93,7,616.9,55322.620833333334
8,68.0,4.88,7,616.9,55322.62152777778
9,65.0,4.83,7,616.9,55322.62222222222
10,69.0,4.79,7,616.9,55322.62291666667
9,66.0,4.77,7,616.9,55322.623611111114
8,68.0,4.75,7,616.9,55322.62430555555
6,79.0,4.74,7,616.9,55322.625
6,73.0,4.74,7,616.9,55322.62569444445
6,77.0,4.74,7,616.9,55322.626388888886
6,78.0,4.75,7,616.9,55322.62708333333
5,94.0,4.77,7,616.9,55322.62777777778
7,66.0,4.79,7,616.9,55322.62847222222
9,68.0,4.8,7,616.9,55322.629166666666
7,69.0,4.8,7,616.9,55322.62986111111
7,67.0,4.8,7,616.9,55322.63055555556
8,68.0,4.76,7,616.9,55322.63125
7,79.0,4.72,7,616.9,55322.631944444445
6,77.0,4.71,7,617.0,55322.63263888889
7,67.0,4.71,7,616.9,55322.63333333333
8,71.0,4.71,7,616.9,55322.63402777778
7,67.0,4.71,7,616.9,55322.634722222225
8,71.0,4.71,7,616.9,55322.635416666664
7,70.0,4.73,7,616.9,55322.63611111111
6,72.0,4.75,7,616.9,55322.63680555556
7,70.0,4.74,7,617.0,55322.6375
9,77.0,4.72,7,617.0,55322.638194444444
8,80.0,4.71,7,617.0,55322.63888888889
8,67.0,4.7,7,617.0,55322.63958333333
8,68.0,4.68,7,617.0,55322.64027777778
8,72.0,4.68,7,617.0,55322.64097222222
8,70.0,4.71,7,617.0,55322.64166666667
7,61.0,4.75,7,617.0,55322.64236111111
10,70.0,4.77,7,617.0,55322.643055555556
8,68.0,4.78,7,617.0,55322.64375
7,78.0,4.77,7,617.0,55322.64444444444
9,81.0,4.74,7,617.0,55322.64513888889
6,68.0,4.76,7,617.0,55322.645833333336
6,72.0,4.8,7,617.0,55322.646527777775
6,72.0,4.84,7,617.0,55322.64722222222
6,73.0,4.87,7,617.0,55322.64791666667
6,71.0,4.88,7,617.0,55322.64861111111
6,76.0,4.89,7,617.0,55322.649305555555
6,72.0,4.9,8,617.0,55322.65
6,71.0,4.93,8,617.0,55322.65069444444
6,64.0,4.96,7,617.0,55322.65138888889
6,67.0,4.99,7,617.0,55322.652083333334
6,70.0,5.01,7,617.0,55322.65277777778
7,68.0,5.01,7,617.0,55322.65347222222
7,75.0,4.99,7,617.1,55322.65416666667
8,69.0,4.98,7,617.1,55322.654861111114
5,71.0,5.0,7,617.0,55322.65555555555
6,70.0,5.01,7,617.0,55322.65625
7,71.0,4.99,7,617.0,55322.65694444445
7,68.0,4.98,7,617.1,55322.657638888886
7,68.0,4.98,7,617.1,55322.65833333333
7,69.0,4.98,7,617.1,55322.65902777778
7,74.0,4.98,7,617.1,55322.65972222222
7,64.0,4.96,8,617.1,55322.660416666666
8,73.0,4.95,7,617.1,55322.66111111111
7,68.0,4.95,7,617.1,55322.66180555556
7,65.0,4.95,7,617.1,55322.6625
8,66.0,4.93,7,617.1,55322.663194444445
7,72.0,4.92,7,617.1,55322.66388888889
7,74.0,4.92,7,617.1,55322.66458333333
7,75.0,4.94,7,617.1,55322.66527777778
7,73.0,4.98,7,617.1,55322.665972222225
7,72.0,5.02,7,617.1,55322.666666666664
6,74.0,5.04,7,617.2,55322.66736111111
7,73.0,5.04,7,617.2,55322.66805555556
7,73.0,5.03,7,617.2,55322.66875
8,68.0,5.04,7,617.2,55322.669444444444
8,63.0,5.05,7,617.2,55322.67013888889
8,73.0,5.07,7,617.2,55322.67083333333
8,75.0,5.1,7,617.2,55322.67152777778
7,73.0,5.13,7,617.2,55322.67222222222
7,77.0,5.16,7,617.2,55322.67291666667
8,72.0,5.19,7,617.2,55322.67361111111
7,69.0,5.22,7,617.2,55322.674305555556
6,74.0,5.25,8,617.2,55322.675
6,74.0,5.28,7,617.2,55322.67569444444
8,82.0,5.31,7,617.2,55322.67638888889
8,74.0,5.34,7,617.2,55322.677083333336
8,64.0,5.37,7,617.2,55322.677777777775
8,75.0,5.41,7,617.2,55322.67847222222
8,69.0,5.44,7,617.2,55322.67916666667
7,75.0,5.46,7,617.2,55322.67986111111
7,61.0,5.49,7,617.2,55322.680555555555
7,66.0,5.53,7,617.2,55322.68125
7,76.0,5.56,7,617.2,55322.68194444444
6,75.0,5.59,7,617.3,55322.68263888889
6,67.0,5.62,7,617.3,55322.683333333334
6,81.0,5.64,7,617.3,55322.68402777778
5,84.0,5.67,7,617.3,55322.68472222222
5,75.0,5.7,7,617.3,55322.68541666667
6,76.0,5.74,7,617.3,55322.686111111114
6,73.0,5.77,7,617.3,55322.68680555555
6,70.0,5.81,7,617.3,55322.6875
6,69.0,5.84,7,617.3,55322.68819444445
8,68.0,5.88,7,617.3,55322.688888888886
9,65.0,5.91,7,617.3,55322.68958333333
8,65.0,5.93,7,617.4,55322.69027777778
7,69.0,5.96,7,617.4,55322.69097222222
7,59.0,5.97,7,617.4,55322.691666666666
8,72.0,6.0,7,617.4,55322.69236111111
7,76.0,6.02,7,617.4,55322.69305555556
9,68.0,6.04,7,617.4,55322.69375
9,72.0,6.05,7,617.4,55322.694444444445
7,67.0,6.06,7,617.4,55322.69513888889
8,72.0,6.08,7,617.5,55322.69583333333
7,73.0,6.09,7,617.5,55322.69652777778
7,85.0,6.11,7,617.5,55322.697222222225
6,64.0,6.11,7,617.5,55322.697916666664
7,65.0,6.13,7,617.5,55322.69861111111
7,71.0,6.15,7,617.5,55322.69930555556
7,71.0,6.19,7,617.5,55322.7
7,74.0,6.22,7,617.5,55322.700694444444
8,57.0,6.26,7,617.5,55322.70138888889
9,63.0,6.28,7,617.5,55322.70208333333
9,62.0,6.31,7,617.6,55322.70277777778
9,65.0,6.33,7,617.5,55322.70347222222
8,66.0,6.36,7,617.6,55322.70416666667
9,64.0,6.37,7,617.6,55322.70486111111
7,68.0,6.38,7,617.6,55322.705555555556
6,67.0,6.39,7,617.6,55322.70625
6,59.0,6.39,7,617.6,55322.70694444444
6,76.0,6.39,7,617.6,55322.70763888889
6,65.0,6.42,7,617.6,55322.708333333336
7,60.0,6.46,7,617.6,55322.709027777775
8,59.0,6.52,7,617.6,55322.70972222222
8,76.0,6.56,7,617.6,55322.71041666667
8,63.0,6.59,7,617.6,55322.71111111111
8,72.0,6.6,7,617.6,55322.711805555555
8,61.0,6.61,7,617.6,55322.7125
8,76.0,6.64,7,617.6,55322.71319444444
7,65.0,6.66,7,617.6,55322.71388888889
6,75.0,6.66,7,617.6,55322.714583333334
6,74.0,6.68,7,617.6,55322.71527777778
7,58.0,6.7,7,617.6,55322.71597222222
9,60.0,6.75,7,617.7,55322.71666666667
8,70.0,6.81,7,617.7,55322.717361111114
8,64.0,6.86,7,617.7,55322.71805555555
8,67.0,6.89,7,617.7,55322.71875
8,65.0,6.91,7,617.7,55322.71944444445
8,76.0,6.9,7,617.7,55322.720138888886
7,73.0,6.87,7,617.7,55322.72083333333
8,65.0,6.85,7,617.7,55322.72152777778
9,73.0,6.84,7,617.7,55322.72222222222
6,57.0,6.84,7,617.7,55322.722916666666
8,63.0,6.84,7,617.7,55322.72361111111
8,62.0,6.85,8,617.7,55322.72430555556
8,60.0,6.85,8,617.7,55322.725
9,62.0,6.85,8,617.7,55322.725694444445
9,51.0,6.87,8,617.7,55322.72638888889
9,69.0,6.9,7,617.7,55322.72708333333
9,56.0,6.92,7,617.7,55322.72777777778
10,65.0,6.95,7,617.7,55322.728472222225
9,56.0,6.98,7,617.7,55322.729166666664
10,67.0,7.0,7,617.7,55322.72986111111
9,56.0,7.0,7,617.7,55322.73055555556
10,47.0,7.0,7,617.7,55322.73125
11,64.0,7.01,7,617.7,55322.731944444444
10,57.0,7.04,7,617.7,55322.73263888889
10,66.0,7.07,8,617.8,55322.73333333333
11,50.0,7.11,8,617.8,55322.73402777778
11,64.0,7.14,7,617.8,55322.73472222222
11,49.0,7.17,8,617.8,55322.73541666667
10,69.0,7.2,8,617.8,55322.73611111111
9,61.0,7.21,7,617.8,55322.736805555556
11,64.0,7.2,8,617.8,55322.7375
12,67.0,7.19,8,617.8,55322.73819444444
11,75.0,7.19,8,617.8,55322.73888888889
9,54.0,7.18,7,617.8,55322.739583333336
12,65.0,7.18,8,617.8,55322.740277777775
11,54.0,7.2,7,617.7,55322.74097222222
11,54.0,7.21,7,617.7,55322.74166666667
10,64.0,7.22,7,617.8,55322.74236111111
11,68.0,7.24,7,617.8,55322.743055555555
10,69.0,7.24,7,617.8,55322.74375
11,50.0,7.24,7,617.8,55322.74444444444
9,64.0,7.25,7,617.8,55322.74513888889
9,69.0,7.28,7,617.8,55322.745833333334
10,50.0,7.33,8,617.8,55322.74652777778
11,51.0,7.4,8,617.8,55322.74722222222
10,73.0,7.46,8,617.8,55322.74791666667
10,65.0,7.53,8,617.8,55322.748611111114
10,71.0,7.6,8,617.9,55322.74930555555
9,65.0,7.66,8,617.8,55322.75
14,63.0,7.71,8,617.8,55322.75069444445
12,52.0,7.78,8,617.8,55322.751388888886
13,53.0,7.83,8,617.8,55322.75208333333
12,61.0,7.85,8,617.8,55322.75277777778
12,65.0,7.83,8,617.8,55322.75347222222
11,63.0,7.8,8,617.8,55322.754166666666
12,60.0,7.76,8,617.8,55322.75486111111
9,40.0,7.77,8,617.8,55322.75555555556
13,51.0,7.76,8,617.8,55322.75625
14,71.0,7.76,8,617.8,55322.756944444445
11,65.0,7.77,8,617.9,55322.75763888889
12,64.0,7.76,8,617.9,55322.75833333333
11,71.0,7.76,8,617.9,55322.75902777778
11,61.0,7.78,8,617.9,55322.759722222225
12,69.0,7.81,8,617.9,55322.760416666664
12,64.0,7.86,8,617.9,55322.76111111111
11,85.0,7.92,8,617.9,55322.76180555556
11,57.0,7.97,8,617.9,55322.7625
15,65.0,8.02,8,617.8,55322.763194444444
14,66.0,8.08,8,617.9,55322.76388888889
13,67.0,8.12,8,617.9,55322.76458333333
13,63.0,8.15,8,617.9,55322.76527777778
15,64.0,8.17,8,617.9,55322.76597222222
13,55.0,8.19,8,617.9,55322.76666666667
12,55.0,8.21,8,617.9,55322.76736111111
11,48.0,8.22,8,617.9,55322.768055555556
12,70.0,8.22,8,617.9,55322.76875
15,59.0,8.24,8,617.9,55322.76944444444
15,65.0,8.25,7,617.9,55322.77013888889
14,49.0,8.25,7,617.9,55322.770833333336
14,35.0,8.23,7,617.9,55322.771527777775
17,60.0,8.22,7,617.9,55322.77222222222
15,63.0,8.2,7,617.9,55322.77291666667
13,64.0,8.21,7,617.9,55322.77361111111
13,46.0,8.25,7,617.9,55322.774305555555
14,65.0,8.28,7,617.9,55322.775
12,52.0,8.33,7,617.9,55322.77569444444
14,67.0,8.36,8,617.9,55322.77638888889
12,62.0,8.38,8,618.0,55322.777083333334
10,50.0,8.4,8,617.9,55322.77777777778
15,63.0,8.4,8,618.0,55322.77847222222
13,56.0,8.4,8,618.0,55322.77916666667
14,53.0,8.41,8,618.0,55322.779861111114
11,70.0,8.45,7,617.9,55322.78055555555
12,71.0,8.48,7,617.9,55322.78125
12,80.0,8.54,7,617.9,55322.78194444445
11,62.0,8.57,7,618.0,55322.782638888886
15,42.0,8.6,7,618.0,55322.78333333333
13,71.0,8.66,7,618.0,55322.78402777778
13,66.0,8.7,7,618.0,55322.78472222222
13,67.0,8.71,7,618.0,55322.785416666666
14,56.0,8.74,7,618.0,55322.78611111111
15,51.0,8.79,7,618.0,55322.78680555556
12,72.0,8.82,7,618.0,55322.7875
14,63.0,8.87,8,618.0,55322.788194444445
15,59.0,8.96,8,618.0,55322.78888888889
16,72.0,9.09,8,618.0,55322.78958333333
14,50.0,9.21,8,618.0,55322.79027777778
15,60.0,9.28,8,618.0,55322.790972222225
14,56.0,9.29,8,618.0,55322.791666666664
16,45.0,9.26,8,618.0,55322.79236111111
16,42.0,9.22,8,618.0,55322.79305555556
17,21.0,9.23,9,618.0,55322.79375
15,52.0,9.31,9,618.0,55322.794444444444
16,52.0,9.42,9,618.0,55322.79513888889
18,49.0,9.55,9,618.0,55322.79583333333
16,59.0,9.67,8,618.0,55322.79652777778
15,72.0,9.72,8,618.0,55322.79722222222
13,61.0,9.69,8,618.0,55322.79791666667
13,60.0,9.6,8,618.0,55322.79861111111
13,55.0,9.53,8,618.0,55322.799305555556
13,65.0,9.46,8,618.1,55322.8
15,70.0,9.42,8,618.0,55322.80069444444
13,46.0,9.41,8,618.1,55322.80138888889
20,70.0,9.39,8,618.0,55322.802083333336
19,70.0,9.41,7,618.0,55322.802777777775
16,47.0,9.41,7,618.1,55322.80347222222
15,71.0,9.39,7,618.1,55322.80416666667
14,56.0,9.34,7,618.1,55322.80486111111
12,60.0,9.26,7,618.1,55322.805555555555
18,64.0,9.19,8,618.0,55322.80625
14,68.0,9.17,8,618.1,55322.80694444444
14,64.0,9.13,8,618.0,55322.80763888889
15,61.0,9.13,8,618.0,55322.808333333334
18,64.0,9.15,8,618.0,55322.80902777778
15,73.0,9.16,7,618.0,55322.80972222222
18,57.0,9.19,8,618.0,55322.81041666667
17,71.0,9.21,7,618.0,55322.811111111114
17,60.0,9.2,7,618.0,55322.81180555555
17,68.0,9.18,8,618.0,55322.8125
15,41.0,9.15,8,618.0,55322.81319444445
24,54.0,9.12,8,618.0,55322.813888888886
18,64.0,9.16,8,618.0,55322.81458333333
15,65.0,9.2,8,618.0,55322.81527777778
15,60.0,9.2,8,618.0,55322.81597222222
17,64.0,9.22,8,617.9,55322.816666666666
20,62.0,9.23,8,617.9,55322.81736111111
20,61.0,9.28,8,617.9,55322.81805555556
21,45.0,9.37,8,617.8,55322.81875
18,60.0,9.48,7,617.9,55322.819444444445
17,61.0,9.56,7,617.9,55322.82013888889
15,63.0,9.58,7,617.9,55322.82083333333
13,50.0,9.57,7,618.0,55322.82152777778
17,55.0,9.53,8,618.0,55322.822222222225
14,53.0,9.49,7,618.0,55322.822916666664
13,80.0,9.47,7,618.0,55322.82361111111
16,64.0,9.5,8,618.0,55322.82430555556
17,61.0,9.56,7,618.0,55322.825
17,53.0,9.59,7,618.0,55322.825694444444
15,47.0,9.56,7,618.0,55322.82638888889
17,52.0,9.53,7,618.0,55322.82708333333
14,64.0,9.51,7,618.0,55322.82777777778
15,56.0,9.5,8,618.0,55322.82847222222
16,64.0,9.5,8,618.0,55322.82916666667
16,59.0,9.46,7,618.0,55322.82986111111
16,69.0,9.43,7,618.0,55322.830555555556
17,51.0,9.42,8,618.0,55322.83125
17,51.0,9.45,7,618.0,55322.83194444444
14,70.0,9.46,7,618.0,55322.83263888889
14,69.0,9.45,8,618.0,55322.833333333336
12,64.0,9.44,8,618.0,55322.834027777775
12,52.0,9.41,9,618.0,55322.83472222222
18,49.0,9.43,8,618.0,55322.83541666667
15,43.0,9.47,8,618.0,55322.83611111111
13,65.0,9.47,8,618.0,55322.836805555555
12,64.0,9.46,8,618.0,55322.8375
11,68.0,9.42,8,618.0,55322.83819444444
16,72.0,9.4,8,618.0,55322.83888888889
18,54.0,9.39,8,618.0,55322.839583333334
17,56.0,9.41,8,618.0,55322.84027777778
13,53.0,9.4,8,618.0,55322.84097222222
15,44.0,9.36,8,618.0,55322.84166666667
17,35.0,9.38,8,618.0,55322.842361111114
17,68.0,9.46,8,617.9,55322.84305555555
14,67.0,9.55,8,617.9,55322.84375
15,72.0,9.61,8,617.9,55322.84444444445
13,57.0,9.64,8,617.9,55322.845138888886
20,48.0,9.64,8,617.9,55322.84583333333
18,66.0,9.69,8,617.9,55322.84652777778
20,72.0,9.74,8,617.9,55322.84722222222
21,47.0,9.85,8,617.9,55322.847916666666
16,48.0,9.93,7,617.9,55322.84861111111
17,67.0,9.96,7,618.0,55322.84930555556
19,59.0,9.92,8,617.9,55322.85
20,67.0,9.89,8,617.9,55322.850694444445
17,52.0,9.86,8,617.9,55322.85138888889
18,73.0,9.86,8,617.9,55322.85208333333
19,68.0,9.84,8,617.9,55322.85277777778
20,50.0,9.8,8,617.9,55322.853472222225
17,68.0,9.75,7,617.9,55322.854166666664
18,54.0,9.66,8,617.9,55322.85486111111
20,64.0,9.59,8,617.9,55322.85555555556
17,67.0,9.54,8,617.9,55322.85625
20,60.0,9.48,8,617.9,55322.856944444444
18,49.0,9.45,8,617.9,55322.85763888889
16,49.0,9.43,9,617.9,55322.85833333333
17,47.0,9.46,9,617.9,55322.85902777778
19,46.0,9.52,9,617.9,55322.85972222222
21,49.0,9.61,8,617.9,55322.86041666667
17,40.0,9.67,8,617.9,55322.86111111111
18,34.0,9.73,9,617.9,55322.861805555556
19,61.0,9.75,9,617.9,55322.8625
15,74.0,9.74,9,617.9,55322.86319444444
18,67.0,9.68,9,617.9,55322.86388888889
16,40.0,9.62,9,617.9,55322.864583333336
23,59.0,9.59,8,617.8,55322.865277777775
18,50.0,9.57,8,617.8,55322.86597222222
24,53.0,9.58,8,617.9,55322.86666666667
21,65.0,9.62,8,617.9,55322.86736111111
17,58.0,9.64,8,617.9,55322.868055555555
21,61.0,9.65,9,617.9,55322.86875
19,73.0,9.65,9,617.9,55322.86944444444
18,62.0,9.63,9,617.9,55322.87013888889
15,39.0,9.62,8,617.9,55322.870833333334
19,67.0,9.6,8,617.8,55322.87152777778
14,69.0,9.59,8,617.9,55322.87222222222
14,69.0,9.59,7,617.9,55322.87291666667
14,64.0,9.62,7,617.9,55322.873611111114
16,69.0,9.64,8,617.9,55322.87430555555
18,47.0,9.67,8,617.9,55322.875
20,59.0,9.72,9,617.8,55322.87569444445
19,58.0,9.78,9,617.8,55322.876388888886
17,71.0,9.83,9,617.8,55322.87708333333
17,56.0,9.83,9,617.8,55322.87777777778
21,73.0,9.81,8,617.7,55322.87847222222
19,41.0,9.8,8,617.8,55322.879166666666
20,58.0,9.83,8,617.8,55322.87986111111
21,61.0,9.86,8,617.8,55322.88055555556
19,47.0,9.9,8,617.8,55322.88125
18,71.0,9.94,8,617.8,55322.881944444445
17,63.0,9.98,9,617.8,55322.88263888889
15,69.0,9.99,9,617.8,55322.88333333333
16,78.0,10.02,9,617.8,55322.88402777778
17,68.0,10.05,8,617.8,55322.884722222225
19,54.0,10.07,8,617.8,55322.885416666664
16,69.0,10.09,8,617.8,55322.88611111111
16,64.0,10.07,8,617.8,55322.88680555556
16,56.0,10.02,8,617.8,55322.8875
19,54.0,10.03,8,617.8,55322.888194444444
18,33.0,10.05,8,617.8,55322.88888888889
17,74.0,10.05,8,617.8,55322.88958333333
16,72.0,10.08,8,617.8,55322.89027777778
14,68.0,10.08,8,617.8,55322.89097222222
16,74.0,10.04,8,617.8,55322.89166666667
15,54.0,10.01,8,617.8,55322.89236111111
17,48.0,9.97,9,617.8,55322.893055555556
20,63.0,9.98,8,617.8,55322.89375
18,52.0,10.04,8,617.8,55322.89444444444
17,41.0,10.07,8,617.8,55322.89513888889
13,75.0,10.08,8,617.8,55322.895833333336
18,58.0,10.12,9,617.7,55322.896527777775
20,43.0,10.21,8,617.7,55322.89722222222
20,68.0,10.34,8,617.7,55322.89791666667
17,51.0,10.45,7,617.8,55322.89861111111
17,59.0,10.49,7,617.7,55322.899305555555
17,68.0,10.46,8,617.8,55322.9
14,43.0,10.39,8,617.8,55322.90069444444
17,49.0,10.27,8,617.8,55322.90138888889
18,73.0,10.17,8,617.8,55322.902083333334
11,30.0,10.06,8,617.9,55322.90277777778
20,72.0,9.99,8,617.8,55322.90347222222
16,65.0,10.0,8,617.8,55322.90416666667
17,59.0,10.05,8,617.8,55322.904861111114
19,46.0,10.12,8,617.8,55322.90555555555
20,54.0,10.16,8,617.8,55322.90625
19,54.0,10.2,8,617.8,55322.90694444445
16,54.0,10.22,8,617.9,55322.907638888886
14,58.0,10.27,8,617.9,55322.90833333333
11,77.0,10.27,8,617.9,55322.90902777778
14,49.0,10.28,8,617.9,55322.90972222222
18,35.0,10.37,9,617.8,55322.910416666666
18,75.0,10.52,9,617.8,55322.91111111111
18,51.0,10.67,9,617.8,55322.91180555556
19,47.0,10.78,8,617.8,55322.9125
21,38.0,10.87,8,617.8,55322.913194444445
18,52.0,10.91,8,617.8,55322.91388888889
18,54.0,10.95,8,617.8,55322.91458333333
17,55.0,11.01,8,617.8,55322.91527777778
17,47.0,11.06,8,617.8,55322.915972222225
12,78.0,11.03,7,617.9,55322.916666666664
13,55.0,10.94,8,617.9,55322.91736111111
11,53.0,10.79,8,617.9,55322.91805555556
18,33.0,10.64,8,617.8,55322.91875
14,78.0,10.53,8,617.8,55322.919444444444
11,74.0,10.45,8,617.9,55322.92013888889
10,76.0,10.35,8,617.8,55322.92083333333
12,64.0,10.3,8,617.8,55322.92152777778
18,59.0,10.29,8,617.8,55322.92222222222
16,55.0,10.33,8,617.8,55322.92291666667
13,47.0,10.36,8,617.8,55322.92361111111
10,25.0,10.36,8,617.9,55322.924305555556
5,56.0,10.32,8,617.9,55322.925
6,68.0,10.27,8,617.8,55322.92569444444
9,60.0,10.24,8,617.8,55322.92638888889
14,72.0,10.23,8,617.8,55322.927083333336
10,66.0,10.24,8,617.8,55322.927777777775
15,61.0,10.29,8,617.8,55322.92847222222
14,80.0,10.33,8,617.8,55322.92916666667
13,76.0,10.37,8,617.8,55322.92986111111
11,60.0,10.44,8,617.8,55322.930555555555
15,64.0,10.55,9,617.7,55322.93125
16,84.0,10.67,9,617.7,55322.93194444444
15,68.0,10.75,8,617.7,55322.93263888889
15,84.0,10.76,8,617.7,55322.933333333334
15,66.0,10.78,8,617.7,55322.93402777778
16,78.0,10.79,8,617.7,55322.93472222222
16,50.0,10.81,8,617.6,55322.93541666667
19,61.0,10.84,8,617.6,55322.936111111114
17,71.0,10.89,8,617.6,55322.93680555555
12,70.0,10.86,8,617.7,55322.9375
12,31.0,10.77,8,617.7,55322.93819444445
21,48.0,10.7,8,617.5,55322.938888888886
20,46.0,10.7,8,617.6,55322.93958333333
21,51.0,10.74,8,617.5,55322.94027777778
18,68.0,10.83,8,617.6,55322.94097222222
14,69.0,10.88,8,617.6,55322.941666666666
12,70.0,10.84,8,617.6,55322.94236111111
10,71.0,10.77,8,617.6,55322.94305555556
10,51.0,10.69,8,617.6,55322.94375
16,64.0,10.7,8,617.5,55322.944444444445
15,66.0,10.77,8,617.5,55322.94513888889
17,75.0,10.81,8,617.5,55322.94583333333
15,46.0,10.79,8,617.5,55322.94652777778
22,76.0,10.8,8,617.4,55322.947222222225
18,68.0,10.84,8,617.4,55322.947916666664
17,68.0,10.87,8,617.4,55322.94861111111
14,70.0,10.92,9,617.5,55322.94930555556
20,52.0,10.92,8,617.4,55322.95
18,48.0,10.89,8,617.4,55322.950694444444
18,58.0,10.84,8,617.5,55322.95138888889
15,69.0,10.81,8,617.5,55322.95208333333
11,80.0,10.74,8,617.5,55322.95277777778
17,66.0,10.68,8,617.4,55322.95347222222
13,74.0,10.69,9,617.4,55322.95416666667
13,62.0,10.71,9,617.4,55322.95486111111
14,63.0,10.75,9,617.4,55322.955555555556
15,67.0,10.78,9,617.4,55322.95625
17,67.0,10.81,9,617.4,55322.95694444444
18,61.0,10.92,8,617.3,55322.95763888889
17,54.0,11.02,8,617.4,55322.958333333336
17,65.0,11.07,8,617.4,55322.959027777775
17,61.0,11.05,8,617.4,55322.95972222222
19,74.0,11.02,8,617.4,55322.96041666667
18,59.0,10.97,8,617.3,55322.96111111111
19,57.0,10.91,8,617.3,55322.961805555555
22,61.0,10.86,8,617.3,55322.9625
19,60.0,10.79,8,617.3,55322.96319444444
18,55.0,10.72,8,617.3,55322.96388888889
21,54.0,10.68,8,617.3,55322.964583333334
15,47.0,10.67,8,617.3,55322.96527777778
21,55.0,10.71,8,617.3,55322.96597222222
21,57.0,10.82,8,617.2,55322.96666666667
20,69.0,10.95,8,617.3,55322.967361111114
20,69.0,11.03,9,617.3,55322.96805555555
15,60.0,11.02,10,617.3,55322.96875
17,34.0,10.95,10,617.3,55322.96944444445
18,33.0,10.91,10,617.4,55322.970138888886
11,35.0,10.88,10,617.4,55322.97083333333
15,44.0,10.79,9,617.3,55322.97152777778
16,68.0,10.68,9,617.3,55322.97222222222
17,52.0,10.61,10,617.3,55322.972916666666
18,63.0,10.56,9,617.3,55322.97361111111
16,53.0,10.52,9,617.3,55322.97430555556
18,53.0,10.52,9,617.2,55322.975
14,67.0,10.51,9,617.3,55322.975694444445
18,40.0,10.53,10,617.2,55322.97638888889
17,52.0,10.59,9,617.2,55322.97708333333
19,56.0,10.61,10,617.2,55322.97777777778
18,65.0,10.64,10,617.2,55322.978472222225
16,69.0,10.69,11,617.2,55322.979166666664
14,60.0,10.66,10,617.3,55322.97986111111
15,47.0,10.61,10,617.3,55322.98055555556
19,67.0,10.55,9,617.2,55322.98125
16,63.0,10.48,10,617.3,55322.981944444444
10,59.0,10.35,10,617.3,55322.98263888889
14,56.0,10.22,9,617.2,55322.98333333333
15,62.0,10.13,9,617.2,55322.98402777778
15,51.0,10.09,8,617.2,55322.98472222222
17,70.0,10.1,9,617.2,55322.98541666667
13,56.0,10.09,9,617.2,55322.98611111111
17,45.0,10.09,10,617.2,55322.986805555556
16,70.0,10.17,10,617.2,55322.9875
13,57.0,10.26,9,617.2,55322.98819444444
12,72.0,10.28,9,617.2,55322.98888888889
9,73.0,10.24,9,617.2,55322.989583333336
13,72.0,10.18,10,617.2,55322.990277777775
12,59.0,10.2,9,617.2,55322.99097222222
12,67.0,10.21,9,617.2,55322.99166666667
12,55.0,10.24,9,617.2,55322.99236111111
11,69.0,10.26,9,617.2,55322.993055555555
10,66.0,10.25,9,617.2,55322.99375
16,34.0,10.21,8,617.2,55322.99444444444
17,59.0,10.22,8,617.1,55322.99513888889
20,41.0,10.3,8,617.1,55322.995833333334
14,57.0,10.39,8,617.2,55322.99652777778
10,43.0,10.42,8,617.1,55322.99722222222
14,55.0,10.45,8,617.1,55322.99791666667
12,52.0,10.48,8,617.1,55322.998611111114
14,52.0,10.53,8,617.1,55322.99930555555
15,55.0,10.59,8,617.0,55323.0
17,73.0,10.69,8,617.0,55323.00069444445
12,63.0,10.72,8,617.0,55323.001388888886
7,58.0,10.69,8,617.0,55323.00208333333
9,64.0,10.66,8,617.0,55323.00277777778
14,42.0,10.67,8,617.0,55323.00347222222
13,84.0,10.73,8,617.0,55323.004166666666
12,67.0,10.77,8,617.0,55323.00486111111
11,55.0,10.81,8,617.0,55323.00555555556
16,65.0,10.88,8,617.0,55323.00625
12,62.0,10.93,7,617.0,55323.006944444445
10,57.0,10.91,7,617.0,55323.00763888889
14,61.0,10.86,8,617.0,55323.00833333333
17,64.0,10.87,9,616.9,55323.00902777778
11,51.0,10.91,8,617.0,55323.009722222225
10,47.0,10.87,8,617.0,55323.010416666664
12,60.0,10.8,8,617.0,55323.01111111111
17,67.0,10.75,8,616.9,55323.01180555556
13,57.0,10.75,8,616.9,55323.0125
13,46.0,10.75,8,616.9,55323.013194444444
17,61.0,10.76,8,616.9,55323.01388888889
12,39.0,10.77,9,616.9,55323.01458333333
12,67.0,10.78,8,616.9,55323.01527777778
15,49.0,10.82,9,616.8,55323.01597222222
14,56.0,10.89,9,616.8,55323.01666666667
13,56.0,10.96,9,616.8,55323.01736111111
15,51.0,11.04,8,616.8,55323.018055555556
13,52.0,11.07,8,616.8,55323.01875
16,56.0,11.08,8,616.8,55323.01944444444
13,50.0,11.09,8,616.8,55323.02013888889
14,67.0,11.06,8,616.8,55323.020833333336
11,50.0,11.01,8,616.8,55323.021527777775
11,34.0,10.92,8,616.8,55323.02222222222
16,59.0,10.83,8,616.8,55323.02291666667
15,36.0,10.79,7,616.8,55323.02361111111
13,46.0,10.74,7,616.7,55323.024305555555
13,63.0,10.7,7,616.8,55323.025
11,49.0,10.67,8,616.7,55323.02569444444
15,57.0,10.66,8,616.7,55323.02638888889
15,54.0,10.69,8,616.7,55323.027083333334
12,52.0,10.69,8,616.7,55323.02777777778
19,57.0,10.7,8,616.6,55323.02847222222
16,52.0,10.74,8,616.7,55323.02916666667
19,54.0,10.75,8,616.6,55323.029861111114
19,60.0,10.75,8,616.6,55323.03055555555
19,69.0,10.74,8,616.6,55323.03125
17,64.0,10.72,8,616.6,55323.03194444445
18,69.0,10.66,8,616.6,55323.032638888886
14,74.0,10.54,8,616.6,55323.03333333333
13,77.0,10.38,8,616.7,55323.03402777778
11,64.0,10.24,8,616.7,55323.03472222222
10,45.0,10.12,8,616.7,55323.035416666666
14,53.0,10.04,8,616.7,55323.03611111111
15,60.0,10.02,8,616.6,55323.03680555556
14,56.0,10.04,8,616.6,55323.0375
10,87.0,10.06,8,616.6,55323.038194444445
13,61.0,10.11,8,616.6,55323.03888888889
15,66.0,10.18,8,616.6,55323.03958333333
15,53.0,10.24,8,616.6,55323.04027777778
16,56.0,10.29,7,616.5,55323.040972222225
15,48.0,10.37,7,616.6,55323.041666666664
16,50.0,10.45,7,616.6,55323.04236111111
15,65.0,10.52,7,616.6,55323.04305555556
16,44.0,10.55,8,616.6,55323.04375
20,52.0,10.58,8,616.6,55323.044444444444
14,73.0,10.61,8,616.6,55323.04513888889
12,50.0,10.62,7,616.6,55323.04583333333
16,72.0,10.61,7,616.6,55323.04652777778
15,59.0,10.65,7,616.6,55323.04722222222
12,76.0,10.66,7,616.6,55323.04791666667
12,72.0,10.62,7,616.6,55323.04861111111
14,68.0,10.58,7,616.6,55323.049305555556
12,73.0,10.53,7,616.6,55323.05
13,63.0,10.47,8,616.6,55323.05069444444
11,70.0,10.39,8,616.6,55323.05138888889
14,52.0,10.31,8,616.6,55323.052083333336
14,44.0,10.24,8,616.6,55323.052777777775
15,67.0,10.19,7,616.6,55323.05347222222
12,66.0,10.16,8,616.6,55323.05416666667
11,75.0,10.13,8,616.6,55323.05486111111
12,51.0,10.07,8,616.6,55323.055555555555
13,50.0,10.03,8,616.6,55323.05625
11,56.0,10.01,8,616.6,55323.05694444444
13,53.0,10.01,8,616.6,55323.05763888889
11,41.0,10.02,8,616.6,55323.058333333334
11,67.0,10.02,8,616.6,55323.05902777778
15,63.0,10.0,8,616.6,55323.05972222222
15,62.0,10.04,8,616.6,55323.06041666667
10,50.0,10.08,7,616.7,55323.061111111114
8,49.0,10.05,7,616.7,55323.06180555555
10,46.0,10.01,7,616.6,55323.0625
12,67.0,9.97,7,616.6,55323.06319444445
14,59.0,9.95,8,616.6,55323.063888888886
12,50.0,9.93,8,616.6,55323.06458333333
10,54.0,9.9,8,616.6,55323.06527777778
9,86.0,9.91,8,616.6,55323.06597222222
11,40.0,9.98,8,616.6,55323.066666666666
10,67.0,10.08,7,616.6,55323.06736111111
12,67.0,10.18,8,616.6,55323.06805555556
13,59.0,10.25,8,616.6,55323.06875
11,67.0,10.27,8,616.6,55323.069444444445
12,60.0,10.28,8,616.6,55323.07013888889
11,44.0,10.26,8,616.6,55323.07083333333
12,48.0,10.25,8,616.6,55323.07152777778
14,66.0,10.25,8,616.6,55323.072222222225
12,31.0,10.25,8,616.6,55323.072916666664
10,43.0,10.25,8,616.6,55323.07361111111
7,59.0,10.22,8,616.7,55323.07430555556
9,18.0,10.17,8,616.7,55323.075
9,25.0,10.1,8,616.7,55323.075694444444
10,50.0,10.05,8,616.7,55323.07638888889
12,53.0,10.08,8,616.7,55323.07708333333
12,52.0,10.13,8,616.7,55323.07777777778
10,76.0,10.14,8,616.7,55323.07847222222
14,48.0,10.14,8,616.6,55323.07916666667
13,46.0,10.19,7,616.7,55323.07986111111
7,25.0,10.2,7,616.7,55323.080555555556
8,32.0,10.19,7,616.6,55323.08125
14,38.0,10.19,8,616.6,55323.08194444444
8,67.0,10.22,8,616.7,55323.08263888889
5,51.0,10.19,8,616.7,55323.083333333336
11,32.0,10.16,8,616.6,55323.084027777775
12,32.0,10.19,8,616.7,55323.08472222222
11,48.0,10.24,8,616.7,55323.08541666667
11,35.0,10.28,7,616.7,55323.08611111111
10,40.0,10.29,7,616.7,55323.086805555555
10,58.0,10.28,7,616.7,55323.0875
6,59.0,10.24,7,616.7,55323.08819444444
9,54.0,10.17,7,616.7,55323.08888888889
13,56.0,10.1,7,616.6,55323.089583333334
17,63.0,10.07,8,616.6,55323.09027777778
10,59.0,10.02,8,616.6,55323.09097222222
14,53.0,9.98,8,616.6,55323.09166666667
16,54.0,9.98,8,616.6,55323.092361111114
18,52.0,10.04,8,616.6,55323.09305555555
13,62.0,10.1,8,616.6,55323.09375
13,50.0,10.11,8,616.6,55323.09444444445
11,65.0,10.07,8,616.6,55323.095138888886
12,64.0,10.02,8,616.6,55323.09583333333
10,66.0,9.96,8,616.6,55323.09652777778
11,52.0,9.88,7,616.6,55323.09722222222
11,67.0,9.82,7,616.6,55323.097916666666
10,69.0,9.76,7,616.6,55323.09861111111
8,78.0,9.71,7,616.6,55323.09930555556
9,48.0,9.66,7,616.6,55323.1
9,24.0,9.64,7,616.6,55323.100694444445
11,67.0,9.63,7,616.6,55323.10138888889
10,71.0,9.63,7,616.6,55323.10208333333
15,60.0,9.63,7,616.6,55323.10277777778
11,38.0,9.63,7,616.6,55323.103472222225
10,37.0,9.62,7,616.6,55323.104166666664
12,50.0,9.62,7,616.6,55323.10486111111
14,62.0,9.67,7,616.6,55323.10555555556
12,64.0,9.72,7,616.6,55323.10625
11,68.0,9.74,7,616.6,55323.106944444444
11,42.0,9.73,7,616.6,55323.10763888889
12,48.0,9.73,7,616.6,55323.10833333333
9,55.0,9.72,7,616.6,55323.10902777778
9,51.0,9.68,7,616.6,55323.10972222222
10,62.0,9.63,7,616.6,55323.11041666667
9,52.0,9.58,7,616.6,55323.11111111111
14,44.0,9.54,7,616.6,55323.111805555556
14,42.0,9.55,7,616.6,55323.1125
12,60.0,9.56,7,616.6,55323.11319444444
7,63.0,9.54,7,616.7,55323.11388888889
12,49.0,9.5,7,616.6,55323.114583333336
12,69.0,9.47,7,616.7,55323.115277777775
7,60.0,9.45,7,616.7,55323.11597222222
10,65.0,9.41,7,616.6,55323.11666666667
12,63.0,9.36,7,616.6,55323.11736111111
12,64.0,9.3,7,616.6,55323.118055555555
11,58.0,9.23,7,616.6,55323.11875
14,36.0,9.17,7,616.6,55323.11944444444
12,57.0,9.11,7,616.7,55323.12013888889
13,72.0,9.06,7,616.7,55323.120833333334
13,56.0,9.0,7,616.7,55323.12152777778
15,52.0,8.95,7,616.7,55323.12222222222
14,51.0,8.91,7,616.7,55323.12291666667
14,56.0,8.86,7,616.7,55323.123611111114
14,49.0,8.8,7,616.7,55323.12430555555
14,73.0,8.75,7,616.7,55323.125
13,53.0,8.69,7,616.7,55323.12569444445
12,58.0,8.63,7,616.7,55323.126388888886
10,54.0,8.56,7,616.7,55323.12708333333
11,45.0,8.49,7,616.7,55323.12777777778
12,41.0,8.42,7,616.7,55323.12847222222
14,47.0,8.38,7,616.7,55323.129166666666
13,65.0,8.33,7,616.7,55323.12986111111
10,61.0,8.3,7,616.7,55323.13055555556
11,52.0,8.26,7,616.7,55323.13125
15,51.0,8.23,7,616.7,55323.131944444445
13,54.0,8.21,7,616.8,55323.13263888889
11,68.0,8.18,7,616.7,55323.13333333333
11,67.0,8.15,7,616.7,55323.13402777778
12,69.0,8.12,7,616.8,55323.134722222225
12,70.0,8.09,7,616.7,55323.135416666664
13,48.0,8.04,7,616.7,55323.13611111111
12,59.0,7.98,7,616.8,55323.13680555556
9,58.0,7.93,7,616.8,55323.1375
11,65.0,7.88,7,616.8,55323.138194444444
8,74.0,7.84,7,616.8,55323.13888888889
11,43.0,7.81,7,616.8,55323.13958333333
13,52.0,7.79,7,616.8,55323.14027777778
11,66.0,7.77,8,616.8,55323.14097222222
11,54.0,7.76,7,616.8,55323.14166666667
11,48.0,7.75,7,616.8,55323.14236111111
12,45.0,7.73,7,616.8,55323.143055555556
13,53.0,7.71,7,616.8,55323.14375
11,57.0,7.7,7,616.8,55323.14444444444
13,58.0,7.66,7,616.8,55323.14513888889
11,65.0,7.63,7,616.8,55323.145833333336
10,75.0,7.6,7,616.8,55323.146527777775
9,53.0,7.56,7,616.8,55323.14722222222
7,64.0,7.54,7,616.8,55323.14791666667
8,52.0,7.52,7,616.8,55323.14861111111
9,61.0,7.5,7,616.8,55323.149305555555
10,51.0,7.49,7,616.8,55323.15
10,59.0,7.47,7,616.8,55323.15069444444
9,51.0,7.46,7,616.8,55323.15138888889
11,54.0,7.45,7,616.8,55323.152083333334
10,58.0,7.45,7,616.8,55323.15277777778
11,43.0,7.45,7,616.8,55323.15347222222
11,50.0,7.45,7,616.8,55323.15416666667
9,59.0,7.45,7,616.8,55323.154861111114
8,42.0,7.46,7,616.8,55323.15555555555
9,54.0,7.46,7,616.8,55323.15625
9,58.0,7.45,7,616.9,55323.15694444445
9,52.0,7.44,7,616.9,55323.157638888886
9,46.0,7.43,7,616.9,55323.15833333333
10,41.0,7.41,7,616.9,55323.15902777778
9,49.0,7.4,7,616.9,55323.15972222222
9,47.0,7.39,7,616.9,55323.160416666666
9,55.0,7.39,7,616.9,55323.16111111111
9,54.0,7.37,7,616.9,55323.16180555556
11,50.0,7.36,7,616.9,55323.1625
10,49.0,7.33,7,617.0,55323.163194444445
10,48.0,7.3,7,617.0,55323.16388888889
9,54.0,7.26,7,617.0,55323.16458333333
8,55.0,7.22,7,617.0,55323.16527777778
8,54.0,7.2,7,617.0,55323.165972222225
7,66.0,7.17,7,617.0,55323.166666666664
7,57.0,7.14,7,617.0,55323.16736111111
6,60.0,7.11,7,616.9,55323.16805555556
5,63.0,7.09,7,616.9,55323.16875
5,65.0,7.07,7,616.9,55323.169444444444
5,63.0,7.05,7,616.9,55323.17013888889
7,56.0,7.03,7,616.9,55323.17083333333
7,54.0,7.03,7,616.9,55323.17152777778
8,57.0,7.03,7,616.9,55323.17222222222
9,61.0,7.02,7,616.9,55323.17291666667
9,56.0,7.0,7,616.9,55323.17361111111
10,46.0,7.0,7,617.0,55323.174305555556
9,64.0,6.97,7,616.9,55323.175
7,50.0,6.96,7,617.0,55323.17569444444
7,64.0,6.93,7,617.0,55323.17638888889
6,68.0,6.91,7,617.0,55323.177083333336
6,67.0,6.87,7,617.0,55323.177777777775
5,70.0,6.83,7,617.0,55323.17847222222
4,70.0,6.8,7,617.0,55323.17916666667
4,64.0,6.75,7,617.0,55323.17986111111
5,65.0,6.71,7,617.0,55323.180555555555
4,65.0,6.68,7,617.0,55323.18125
3,66.0,6.65,7,617.0,55323.18194444444
3,67.0,6.63,7,617.0,55323.18263888889
3,67.0,6.61,7,617.0,55323.183333333334
2,65.0,6.6,7,617.0,55323.18402777778
3,64.0,6.6,7,617.0,55323.18472222222
3,77.0,6.58,7,617.0,55323.18541666667
4,69.0,6.55,7,617.0,55323.186111111114
5,62.0,6.52,8,617.0,55323.18680555555
4,68.0,6.5,8,617.0,55323.1875
3,78.0,6.48,8,617.1,55323.18819444445
4,71.0,6.44,8,617.1,55323.188888888886
5,65.0,6.4,8,617.1,55323.18958333333
6,73.0,6.36,8,617.1,55323.19027777778
9,65.0,6.33,8,617.1,55323.19097222222
9,66.0,6.3,8,617.1,55323.191666666666
8,64.0,6.28,8,617.1,55323.19236111111
8,65.0,6.25,8,617.1,55323.19305555556
8,59.0,6.22,8,617.1,55323.19375
9,59.0,6.18,8,617.1,55323.194444444445
9,57.0,6.15,8,617.1,55323.19513888889
10,55.0,6.12,8,617.1,55323.19583333333
10,60.0,6.07,8,617.1,55323.19652777778
10,53.0,6.04,8,617.1,55323.197222222225
11,58.0,6.0,8,617.1,55323.197916666664
10,57.0,5.97,8,617.1,55323.19861111111
10,59.0,5.94,8,617.2,55323.19930555556
9,59.0,5.89,8,617.2,55323.2
9,59.0,5.85,8,617.2,55323.200694444444
9,60.0,5.82,8,617.2,55323.20138888889
9,59.0,5.79,8,617.2,55323.20208333333
9,56.0,5.76,8,617.2,55323.20277777778
9,52.0,5.74,8,617.2,55323.20347222222
9,60.0,5.71,8,617.2,55323.20416666667
9,54.0,5.68,8,617.2,55323.20486111111
9,52.0,5.66,8,617.2,55323.205555555556
8,63.0,5.65,8,617.2,55323.20625
8,62.0,5.64,8,617.2,55323.20694444444
8,61.0,5.63,8,617.2,55323.20763888889
8,60.0,5.61,8,617.2,55323.208333333336
9,58.0,5.6,8,617.2,55323.209027777775
8,56.0,5.58,8,617.2,55323.20972222222
9,55.0,5.56,7,617.2,55323.21041666667
9,57.0,5.54,7,617.2,55323.21111111111
10,60.0,5.52,7,617.2,55323.211805555555
9,61.0,5.51,7,617.2,55323.2125
10,65.0,5.53,7,617.2,55323.21319444444
10,61.0,5.54,7,617.2,55323.21388888889
10,60.0,5.57,7,617.2,55323.214583333334
10,56.0,5.6,7,617.2,55323.21527777778
9,63.0,5.62,7,617.2,55323.21597222222
10,62.0,5.65,7,617.2,55323.21666666667
10,60.0,5.67,7,617.2,55323.217361111114
10,62.0,5.7,7,617.2,55323.21805555555
11,64.0,5.72,7,617.2,55323.21875
10,60.0,5.76,7,617.2,55323.21944444445
9,59.0,5.79,7,617.2,55323.220138888886
10,58.0,5.81,7,617.2,55323.22083333333
10,57.0,5.84,7,617.2,55323.22152777778
10,53.0,5.86,7,617.3,55323.22222222222
10,59.0,5.88,7,617.3,55323.222916666666
10,58.0,5.9,7,617.2,55323.22361111111
11,46.0,5.91,7,617.2,55323.22430555556
10,53.0,5.93,7,617.2,55323.225
10,68.0,5.93,7,617.2,55323.225694444445
9,61.0,5.94,7,617.2,55323.22638888889
10,67.0,5.96,7,617.2,55323.22708333333
10,60.0,5.96,7,617.3,55323.22777777778
7,65.0,5.96,7,617.3,55323.228472222225
9,61.0,5.95,7,617.3,55323.229166666664
9,69.0,5.93,7,617.3,55323.22986111111
8,68.0,5.93,7,617.3,55323.23055555556
8,64.0,5.91,7,617.3,55323.23125
9,65.0,5.89,7,617.3,55323.231944444444
9,62.0,5.87,7,617.3,55323.23263888889
9,64.0,5.87,8,617.3,55323.23333333333
9,61.0,5.86,8,617.3,55323.23402777778
9,60.0,5.84,8,617.3,55323.23472222222
9,63.0,5.83,8,617.4,55323.23541666667
10,64.0,5.81,8,617.4,55323.23611111111
9,61.0,5.77,8,617.4,55323.236805555556
9,65.0,5.73,8,617.4,55323.2375
8,65.0,5.67,8,617.4,55323.23819444444
8,67.0,5.62,8,617.4,55323.23888888889
8,67.0,5.58,8,617.4,55323.239583333336
9,69.0,5.54,8,617.4,55323.240277777775
8,73.0,5.53,8,617.4,55323.24097222222
7,69.0,5.53,8,617.4,55323.24166666667
7,68.0,5.52,8,617.4,55323.24236111111
7,66.0,5.49,8,617.4,55323.243055555555
7,65.0,5.46,8,617.5,55323.24375
8,65.0,5.41,7,617.5,55323.24444444444
7,65.0,5.37,8,617.5,55323.24513888889
8,64.0,5.32,7,617.4,55323.245833333334
7,64.0,5.28,7,617.4,55323.24652777778
8,63.0,5.24,7,617.5,55323.24722222222
8,63.0,5.2,7,617.5,55323.24791666667
8,62.0,5.18,7,617.5,55323.248611111114
8,63.0,5.17,8,617.5,55323.24930555555
8,64.0,5.17,8,617.5,55323.25
8,64.0,5.17,8,617.5,55323.25069444445
9,62.0,5.18,8,617.5,55323.251388888886
10,63.0,5.19,8,617.5,55323.25208333333
11,63.0,5.2,8,617.5,55323.25277777778
10,58.0,5.21,8,617.5,55323.25347222222
11,60.0,5.25,8,617.5,55323.254166666666
11,60.0,5.28,8,617.5,55323.25486111111
11,54.0,5.32,8,617.5,55323.25555555556
11,57.0,5.35,8,617.5,55323.25625
11,45.0,5.38,8,617.5,55323.256944444445
11,58.0,5.4,8,617.5,55323.25763888889
11,53.0,5.43,8,617.5,55323.25833333333
11,51.0,5.45,8,617.5,55323.25902777778
11,50.0,5.48,8,617.5,55323.259722222225
12,58.0,5.5,8,617.5,55323.260416666664
12,57.0,5.53,8,617.5,55323.26111111111
11,59.0,5.56,8,617.5,55323.26180555556
11,59.0,5.59,8,617.6,55323.2625
10,49.0,5.6,8,617.5,55323.263194444444
10,55.0,5.6,8,617.6,55323.26388888889
10,58.0,5.6,8,617.6,55323.26458333333
10,61.0,5.6,8,617.6,55323.26527777778
11,48.0,5.59,8,617.6,55323.26597222222
12,59.0,5.59,8,617.6,55323.26666666667
12,61.0,5.59,8,617.6,55323.26736111111
12,54.0,5.6,8,617.6,55323.268055555556
11,63.0,5.62,8,617.6,55323.26875
10,53.0,5.62,8,617.6,55323.26944444444
11,58.0,5.62,8,617.6,55323.27013888889
11,66.0,5.61,8,617.6,55323.270833333336
11,55.0,5.59,8,617.6,55323.271527777775
10,65.0,5.58,8,617.6,55323.27222222222
11,56.0,5.57,8,617.6,55323.27291666667
11,61.0,5.56,8,617.6,55323.27361111111
11,65.0,5.56,8,617.6,55323.274305555555
10,56.0,5.54,8,617.6,55323.275
10,62.0,5.53,8,617.6,55323.27569444444
11,59.0,5.52,8,617.6,55323.27638888889
11,60.0,5.52,8,617.6,55323.277083333334
11,65.0,5.52,8,617.6,55323.27777777778
10,59.0,5.53,8,617.6,55323.27847222222
10,60.0,5.53,8,617.6,55323.27916666667
10,67.0,5.52,8,617.5,55323.279861111114
10,59.0,5.51,8,617.5,55323.28055555555
11,69.0,5.5,8,617.5,55323.28125
11,67.0,5.5,8,617.6,55323.28194444445
11,59.0,5.5,8,617.6,55323.282638888886
11,60.0,5.49,8,617.6,55323.28333333333
10,62.0,5.48,8,617.6,55323.28402777778
9,63.0,5.5,8,617.6,55323.28472222222
9,63.0,5.51,8,617.6,55323.285416666666
9,58.0,5.52,8,617.6,55323.28611111111
9,59.0,5.52,8,617.6,55323.28680555556
10,62.0,5.51,8,617.7,55323.2875
10,61.0,5.5,8,617.7,55323.288194444445
10,61.0,5.5,8,617.7,55323.28888888889
10,61.0,5.49,8,617.7,55323.28958333333
10,61.0,5.48,8,617.7,55323.29027777778
9,65.0,5.48,8,617.7,55323.290972222225
9,62.0,5.47,8,617.7,55323.291666666664
9,60.0,5.45,8,617.7,55323.29236111111
10,57.0,5.44,8,617.7,55323.29305555556
11,59.0,5.41,8,617.7,55323.29375
10,58.0,5.4,8,617.7,55323.294444444444
10,54.0,5.38,8,617.7,55323.29513888889
10,59.0,5.35,8,617.7,55323.29583333333
11,56.0,5.32,8,617.7,55323.29652777778
11,56.0,5.28,8,617.7,55323.29722222222
11,55.0,5.26,8,617.7,55323.29791666667
12,60.0,5.23,8,617.6,55323.29861111111
12,55.0,5.23,8,617.7,55323.299305555556
12,53.0,5.23,8,617.7,55323.3
11,54.0,5.23,8,617.7,55323.30069444444
11,52.0,5.23,8,617.7,55323.30138888889
11,44.0,5.23,8,617.7,55323.302083333336
11,53.0,5.23,8,617.7,55323.302777777775
12,50.0,5.25,8,617.7,55323.30347222222
12,54.0,5.26,8,617.7,55323.30416666667
12,50.0,5.26,8,617.7,55323.30486111111
12,51.0,5.28,8,617.7,55323.305555555555
13,50.0,5.31,8,617.7,55323.30625
13,54.0,5.34,8,617.7,55323.30694444444
12,50.0,5.37,8,617.7,55323.30763888889
13,55.0,5.38,8,617.7,55323.308333333334
12,51.0,5.39,8,617.7,55323.30902777778
13,51.0,5.38,8,617.7,55323.30972222222
12,53.0,5.39,8,617.7,55323.31041666667
11,56.0,5.41,8,617.8,55323.311111111114
10,52.0,5.44,8,617.8,55323.31180555555
10,52.0,5.45,8,617.8,55323.3125
10,60.0,5.46,8,617.8,55323.31319444445
10,53.0,5.46,8,617.8,55323.313888888886
9,54.0,5.44,8,617.8,55323.31458333333
10,53.0,5.44,8,617.8,55323.31527777778
9,59.0,5.41,8,617.8,55323.31597222222
9,44.0,5.44,8,617.8,55323.316666666666
10,55.0,5.45,8,617.8,55323.31736111111
10,55.0,5.46,8,617.8,55323.31805555556
11,52.0,5.47,8,617.8,55323.31875
11,50.0,5.47,8,617.8,55323.319444444445
11,48.0,5.47,8,617.8,55323.32013888889
11,54.0,5.46,8,617.8,55323.32083333333
11,52.0,5.47,8,617.8,55323.32152777778
11,50.0,5.47,8,617.8,55323.322222222225
11,51.0,5.48,8,617.8,55323.322916666664
11,49.0,5.5,8,617.9,55323.32361111111
11,53.0,5.51,8,617.9,55323.32430555556
11,48.0,5.53,8,617.9,55323.325
10,53.0,5.55,8,617.9,55323.325694444444
10,53.0,5.57,8,617.9,55323.32638888889
10,47.0,5.59,8,617.9,55323.32708333333
10,52.0,5.6,8,617.9,55323.32777777778
10,50.0,5.61,8,617.9,55323.32847222222
9,55.0,5.61,8,617.8,55323.32916666667
10,55.0,5.6,8,617.8,55323.32986111111
10,51.0,5.59,8,617.9,55323.330555555556
10,56.0,5.56,8,617.8,55323.33125
10,53.0,5.55,8,617.9,55323.33194444444
10,62.0,5.54,8,617.9,55323.33263888889
10,47.0,5.53,8,617.8,55323.333333333336
10,48.0,5.51,8,617.9,55323.334027777775
11,48.0,5.49,8,617.8,55323.33472222222
11,51.0,5.47,8,617.9,55323.33541666667
10,63.0,5.46,8,617.9,55323.33611111111
9,51.0,5.46,8,617.9,55323.336805555555
10,54.0,5.45,8,617.8,55323.3375
10,50.0,5.44,8,617.8,55323.33819444444
10,51.0,5.44,8,617.8,55323.33888888889
12,48.0,5.43,8,617.8,55323.339583333334
12,47.0,5.43,8,617.8,55323.34027777778
11,56.0,5.44,8,617.8,55323.34097222222
12,50.0,5.48,8,617.8,55323.34166666667
12,52.0,5.51,8,617.8,55323.342361111114
11,60.0,5.54,8,617.8,55323.34305555555
11,56.0,5.58,8,617.8,55323.34375
11,52.0,5.61,8,617.8,55323.34444444445
11,48.0,5.63,8,617.8,55323.345138888886
11,49.0,5.65,8,617.8,55323.34583333333
11,51.0,5.68,8,617.8,55323.34652777778
11,51.0,5.69,8,617.8,55323.34722222222
12,50.0,5.72,8,617.8,55323.347916666666
12,46.0,5.74,8,617.8,55323.34861111111
11,57.0,5.74,8,617.8,55323.34930555556
13,53.0,5.74,8,617.8,55323.35
13,58.0,5.75,8,617.8,55323.350694444445
11,66.0,5.77,8,617.8,55323.35138888889
11,59.0,5.8,8,617.8,55323.35208333333
11,58.0,5.83,8,617.8,55323.35277777778
11,58.0,5.86,8,617.8,55323.353472222225
11,55.0,5.88,8,617.8,55323.354166666664
10,63.0,5.9,8,617.9,55323.35486111111
10,54.0,5.91,8,617.9,55323.35555555556
11,51.0,5.93,8,617.9,55323.35625
10,55.0,5.93,8,617.9,55323.356944444444
10,54.0,5.93,8,617.8,55323.35763888889
11,50.0,5.93,8,617.8,55323.35833333333
11,56.0,5.93,8,617.8,55323.35902777778
11,53.0,5.93,8,617.8,55323.35972222222
11,51.0,5.93,8,617.8,55323.36041666667
10,64.0,5.93,8,617.8,55323.36111111111
11,56.0,5.93,8,617.8,55323.361805555556
10,54.0,5.92,8,617.8,55323.3625
10,60.0,5.91,8,617.8,55323.36319444444
10,53.0,5.92,8,617.8,55323.36388888889
10,52.0,5.93,8,617.8,55323.364583333336
10,58.0,5.93,8,617.8,55323.365277777775
11,59.0,5.93,8,617.8,55323.36597222222
10,61.0,5.93,8,617.8,55323.36666666667
9,60.0,5.94,8,617.8,55323.36736111111
10,52.0,5.94,8,617.8,55323.368055555555
11,59.0,5.93,8,617.8,55323.36875
8,56.0,5.93,8,617.8,55323.36944444444
8,51.0,5.93,8,617.8,55323.37013888889
8,48.0,5.93,8,617.8,55323.370833333334
9,51.0,5.93,8,617.8,55323.37152777778
10,41.0,5.93,8,617.8,55323.37222222222
10,50.0,5.94,8,617.8,55323.37291666667
9,45.0,5.97,8,617.8,55323.373611111114
8,49.0,6.01,8,617.8,55323.37430555555
9,47.0,6.03,8,617.7,55323.375
9,44.0,6.05,8,617.7,55323.37569444445
8,50.0,6.07,8,617.7,55323.376388888886
8,44.0,6.09,8,617.7,55323.37708333333
8,46.0,6.11,8,617.7,55323.37777777778
9,48.0,6.11,8,617.7,55323.37847222222
9,39.0,6.11,8,617.7,55323.379166666666
8,47.0,6.11,8,617.7,55323.37986111111
8,39.0,6.13,8,617.7,55323.38055555556
7,45.0,6.15,8,617.7,55323.38125
8,50.0,6.15,8,617.7,55323.381944444445
8,48.0,6.15,8,617.7,55323.38263888889
8,44.0,6.14,8,617.7,55323.38333333333
8,50.0,6.13,8,617.7,55323.38402777778
8,48.0,6.09,8,617.7,55323.384722222225
8,52.0,6.02,8,617.7,55323.385416666664
6,44.0,5.96,8,617.7,55323.38611111111
8,50.0,5.92,8,617.7,55323.38680555556
7,54.0,5.91,8,617.7,55323.3875
7,56.0,5.93,8,617.7,55323.388194444444
6,59.0,5.97,8,617.7,55323.38888888889
5,57.0,6.01,8,617.7,55323.38958333333
6,41.0,6.05,8,617.7,55323.39027777778
6,45.0,6.08,8,617.7,55323.39097222222
7,47.0,6.09,8,617.7,55323.39166666667
6,45.0,6.1,8,617.7,55323.39236111111
5,44.0,6.11,8,617.6,55323.393055555556
6,41.0,6.1,8,617.6,55323.39375
6,42.0,6.08,8,617.6,55323.39444444444
6,43.0,6.08,8,617.7,55323.39513888889
6,44.0,6.08,8,617.6,55323.395833333336
6,44.0,6.08,8,617.6,55323.396527777775
6,43.0,6.06,8,617.6,55323.39722222222
7,48.0,6.05,8,617.6,55323.39791666667
7,41.0,6.05,8,617.6,55323.39861111111
7,42.0,6.05,8,617.6,55323.399305555555
6,44.0,6.06,8,617.6,55323.4
7,41.0,6.09,8,617.6,55323.40069444444
6,41.0,6.12,8,617.6,55323.40138888889
5,49.0,6.15,8,617.6,55323.402083333334
5,39.0,6.18,8,617.6,55323.40277777778
5,28.0,6.2,8,617.6,55323.40347222222
6,44.0,6.23,8,617.6,55323.40416666667
6,48.0,6.25,8,617.6,55323.404861111114
6,43.0,6.27,8,617.6,55323.40555555555
6,52.0,6.3,8,617.6,55323.40625
6,44.0,6.32,8,617.6,55323.40694444445
7,46.0,6.33,8,617.6,55323.407638888886
7,41.0,6.34,8,617.6,55323.40833333333
7,47.0,6.36,8,617.6,55323.40902777778
7,44.0,6.36,8,617.5,55323.40972222222
7,42.0,6.36,8,617.5,55323.410416666666
8,42.0,6.35,8,617.5,55323.41111111111
7,41.0,6.33,8,617.5,55323.41180555556
7,41.0,6.33,8,617.5,55323.4125
8,44.0,6.33,8,617.5,55323.413194444445
8,40.0,6.32,8,617.5,55323.41388888889
8,43.0,6.31,8,617.5,55323.41458333333
8,45.0,6.31,8,617.5,55323.41527777778
8,42.0,6.3,8,617.5,55323.415972222225
