wind_speed,wind_direction,temperature,relative_humidity,pressure,mjd
0,347,0.83,8,616.3,57155.416666666664
0,347,0.82,8,616.3,57155.41736111111
0,347,0.8,8,616.2,57155.41805555556
0,347,0.76,8,616.2,57155.41875
0,347,0.73,8,616.2,57155.419444444444
0,347,0.71,8,616.2,57155.42013888889
0,347,0.71,8,616.2,57155.42083333333
0,347,0.73,8,616.2,57155.42152777778
0,347,0.75,8,616.2,57155.42222222222
0,347,0.77,8,616.2,57155.42291666667
1,347,0.8,8,616.2,57155.42361111111
4,350,0.8,8,616.2,57155.424305555556
5,350,0.78,8,616.2,57155.425
4,350,0.75,8,616.2,57155.42569444444
4,350,0.72,8,616.2,57155.42638888889
4,350,0.69,8,616.2,57155.427083333336
4,351,0.66,8,616.2,57155.427777777775
4,351,0.63,8,616.2,57155.42847222222
3,351,0.59,8,616.1,57155.42916666667
2,351,0.56,8,616.1,57155.42986111111
2,351,0.53,8,616.1,57155.430555555555
2,351,0.5,8,616.1,57155.43125
3,351,0.5,8,616.1,57155.43194444444
2,351,0.51,8,616.1,57155.43263888889
0,340,0.54,8,616.1,57155.433333333334
0,340,0.57,8,616.1,57155.43402777778
1,352,0.6,8,616.1,57155.43472222222
4,352,0.62,8,616.1,57155.43541666667
4,353,0.65,8,616.0,57155.436111111114
4,352,0.64,8,616.0,57155.43680555555
3,352,0.62,8,616.0,57155.4375
2,352,0.61,8,616.0,57155.43819444445
1,352,0.6,8,616.0,57155.438888888886
0,352,0.59,8,615.9,57155.43958333333
0,352,0.59,8,615.9,57155.44027777778
0,353,0.58,8,615.9,57155.44097222222
0,353,0.59,8,615.9,57155.441666666666
0,317,0.62,8,615.9,57155.44236111111
0,317,0.67,8,615.9,57155.44305555556
0,317,0.73,8,615.9,57155.44375
0,317,0.78,8,615.9,57155.444444444445
0,317,0.83,8,615.9,57155.44513888889
0,317,0.86,8,615.9,57155.44583333333
0,317,0.89,8,615.9,57155.44652777778
0,317,0.9,8,615.8,57155.447222222225
0,317,0.9,8,615.8,57155.447916666664
0,317,0.9,8,615.8,57155.44861111111
0,317,0.9,8,615.8,57155.44930555556
0,317,0.92,8,615.8,57155.45
0,317,0.94,8,615.7,57155.450694444444
0,317,0.97,8,615.7,57155.45138888889
0,317,1.0,8,615.7,57155.45208333333
0,317,1.02,8,615.7,57155.45277777778
0,317,1.02,8,615.7,57155.45347222222
0,317,1.03,8,615.7,57155.45416666667
0,317,1.03,8,615.6,57155.45486111111
0,317,1.03,8,615.6,57155.455555555556
0,317,1.03,8,615.6,57155.45625
0,317,1.02,8,615.6,57155.45694444444
0,317,1.02,8,615.6,57155.45763888889
0,317,1.02,8,615.6,57155.458333333336
0,317,1.02,8,615.6,57155.459027777775
0,317,1.01,8,615.6,57155.45972222222
0,317,0.98,8,615.6,57155.46041666667
0,317,0.95,8,615.5,57155.46111111111
0,317,0.91,8,615.5,57155.461805555555
1,100,0.86,8,615.5,57155.4625
2,100,0.77,8,615.6,57155.46319444444
0,100,0.65,8,615.6,57155.46388888889
0,100,0.52,9,615.5,57155.464583333334
0,93,0.41,8,615.5,57155.46527777778
0,317,0.33,8,615.6,57155.46597222222
0,317,0.28,8,615.6,57155.46666666667
0,316,0.25,8,615.6,57155.467361111114
0,20,0.24,8,615.6,57155.46805555555
0,20,0.22,8,615.6,57155.46875
0,20,0.22,8,615.6,57155.46944444445
0,20,0.19,8,615.6,57155.470138888886
0,20,0.16,8,615.6,57155.47083333333
0,20,0.14,8,615.6,57155.47152777778
0,20,0.13,8,615.6,57155.47222222222
0,20,0.12,8,615.5,57155.472916666666
0,20,0.11,8,615.5,57155.47361111111
0,20,0.11,8,615.5,57155.47430555556
0,20,0.12,8,615.5,57155.475
0,20,0.14,8,615.5,57155.475694444445
0,20,0.17,8,615.5,57155.47638888889
0,20,0.19,8,615.5,57155.47708333333
0,20,0.21,8,615.5,57155.47777777778
0,20,0.22,8,615.5,57155.478472222225
0,20,0.22,8,615.5,57155.479166666664
0,20,0.22,8,615.5,57155.47986111111
0,20,0.21,8,615.4,57155.48055555556
0,20,0.2,8,615.4,57155.48125
0,20,0.21,8,615.4,57155.481944444444
0,20,0.22,8,615.4,57155.48263888889
0,20,0.23,8,615.4,57155.48333333333
0,20,0.25,8,615.4,57155.48402777778
0,20,0.28,8,615.4,57155.48472222222
0,20,0.3,8,615.4,57155.48541666667
0,20,0.33,8,615.4,57155.48611111111
0,20,0.35,8,615.4,57155.486805555556
0,20,0.37,8,615.3,57155.4875
0,20,0.39,8,615.3,57155.48819444444
0,20,0.43,8,615.3,57155.48888888889
0,20,0.48,8,615.3,57155.489583333336
0,20,0.52,8,615.3,57155.490277777775
0,20,0.56,8,615.3,57155.49097222222
0,20,0.61,8,615.3,57155.49166666667
0,20,0.64,8,615.3,57155.49236111111
0,20,0.65,8,615.3,57155.493055555555
0,20,0.65,8,615.3,57155.49375
0,20,0.64,8,615.2,57155.49444444444
1,20,0.62,8,615.2,57155.49513888889
2,3,0.6,8,615.2,57155.495833333334
2,3,0.57,8,615.2,57155.49652777778
2,3,0.55,8,615.2,57155.49722222222
1,3,0.5,8,615.2,57155.49791666667
1,3,0.46,8,615.2,57155.498611111114
0,3,0.42,8,615.2,57155.49930555555
0,3,0.39,8,615.2,57155.5
0,3,0.36,8,615.2,57155.50069444445
0,3,0.33,8,615.2,57155.501388888886
0,3,0.32,8,615.2,57155.50208333333
0,3,0.34,8,615.2,57155.50277777778
1,3,0.37,8,615.2,57155.50347222222
2,3,0.4,8,615.1,57155.504166666666
4,3,0.43,8,615.1,57155.50486111111
5,3,0.46,8,615.1,57155.50555555556
6,2,0.47,8,615.1,57155.50625
6,2,0.47,8,615.1,57155.506944444445
7,2,0.45,8,615.1,57155.50763888889
6,352,0.38,8,615.1,57155.50833333333
5,338,0.28,8,615.1,57155.50902777778
5,337,0.2,8,615.1,57155.509722222225
6,331,0.19,8,615.1,57155.510416666664
6,347,0.2,8,615.1,57155.51111111111
5,344,0.23,8,615.1,57155.51180555556
5,336,0.27,8,615.2,57155.5125
5,344,0.29,8,615.1,57155.513194444444
5,344,0.31,8,615.1,57155.51388888889
4,339,0.32,8,615.1,57155.51458333333
4,339,0.32,8,615.1,57155.51527777778
3,339,0.32,8,615.1,57155.51597222222
3,339,0.31,8,615.1,57155.51666666667
3,339,0.28,8,615.1,57155.51736111111
3,339,0.26,8,615.1,57155.518055555556
5,341,0.23,8,615.1,57155.51875
6,346,0.22,8,615.1,57155.51944444444
6,346,0.23,8,615.1,57155.52013888889
6,348,0.25,8,615.1,57155.520833333336
7,349,0.25,8,615.1,57155.521527777775
7,350,0.25,8,615.1,57155.52222222222
6,350,0.23,8,615.1,57155.52291666667
5,350,0.21,8,615.0,57155.52361111111
4,349,0.19,8,615.0,57155.524305555555
3,351,0.17,8,615.0,57155.525
3,352,0.16,8,615.0,57155.52569444444
3,0,0.13,8,615.0,57155.52638888889
4,1,0.12,8,615.0,57155.527083333334
3,1,0.1,8,615.0,57155.52777777778
3,1,0.09,8,615.0,57155.52847222222
3,1,0.07,8,615.0,57155.52916666667
4,1,0.07,8,615.0,57155.529861111114
5,1,0.08,8,615.0,57155.53055555555
6,1,0.1,8,614.9,57155.53125
6,1,0.14,8,614.9,57155.53194444445
6,1,0.18,8,614.9,57155.532638888886
7,1,0.21,8,614.9,57155.53333333333
8,1,0.26,8,614.9,57155.53402777778
8,1,0.32,8,614.9,57155.53472222222
8,0,0.37,8,614.9,57155.535416666666
7,344,0.41,8,614.9,57155.53611111111
5,342,0.41,8,614.9,57155.53680555556
4,342,0.39,8,615.0,57155.5375
2,340,0.37,8,615.0,57155.538194444445
1,340,0.35,8,615.0,57155.53888888889
0,340,0.32,8,615.0,57155.53958333333
0,340,0.3,8,615.0,57155.54027777778
0,340,0.27,8,615.1,57155.540972222225
0,328,0.24,8,615.0,57155.541666666664
0,61,0.21,8,615.0,57155.54236111111
0,78,0.18,8,615.0,57155.54305555556
0,82,0.12,9,615.0,57155.54375
0,83,0.05,9,615.0,57155.544444444444
0,52,0.01,8,615.0,57155.54513888889
0,52,-0.0,8,615.0,57155.54583333333
0,52,-0.01,8,614.9,57155.54652777778
0,52,0.0,8,614.9,57155.54722222222
0,53,0.03,8,614.9,57155.54791666667
2,51,0.07,8,614.8,57155.54861111111
5,23,0.11,8,614.8,57155.549305555556
7,1,0.15,8,614.8,57155.55
7,351,0.18,8,614.8,57155.55069444444
6,350,0.19,8,614.9,57155.55138888889
5,347,0.18,8,614.9,57155.552083333336
4,348,0.16,8,614.9,57155.552777777775
4,347,0.17,8,614.9,57155.55347222222
3,350,0.16,8,614.9,57155.55416666667
0,351,0.16,8,615.0,57155.55486111111
0,351,0.14,8,615.0,57155.555555555555
0,351,0.13,8,615.0,57155.55625
0,0,0.12,8,615.0,57155.55694444444
0,0,0.13,8,615.0,57155.55763888889
0,0,0.15,8,615.0,57155.558333333334
0,0,0.18,8,615.0,57155.55902777778
0,0,0.19,8,615.0,57155.55972222222
0,0,0.21,8,615.0,57155.56041666667
0,1,0.2,8,615.0,57155.561111111114
2,2,0.17,8,615.0,57155.56180555555
5,2,0.12,8,614.9,57155.5625
6,2,0.08,8,614.9,57155.56319444445
6,2,0.02,8,614.9,57155.563888888886
6,21,-0.04,8,614.8,57155.56458333333
5,18,-0.1,8,614.8,57155.56527777778
4,17,-0.16,8,614.9,57155.56597222222
2,17,-0.2,8,614.9,57155.566666666666
0,21,-0.23,8,614.9,57155.56736111111
0,14,-0.23,8,614.9,57155.56805555556
0,14,-0.2,8,614.9,57155.56875
0,14,-0.18,8,614.9,57155.569444444445
0,14,-0.15,8,614.9,57155.57013888889
1,14,-0.13,8,614.9,57155.57083333333
2,21,-0.11,8,614.9,57155.57152777778
3,17,-0.11,8,614.9,57155.572222222225
4,16,-0.11,8,614.9,57155.572916666664
4,15,-0.14,8,614.9,57155.57361111111
4,15,-0.16,8,614.9,57155.57430555556
4,15,-0.2,8,614.9,57155.575
3,15,-0.26,8,614.9,57155.575694444444
1,15,-0.33,9,614.9,57155.57638888889
0,15,-0.39,9,615.0,57155.57708333333
0,330,-0.45,8,615.0,57155.57777777778
0,3,-0.49,8,615.0,57155.57847222222
1,3,-0.53,9,615.0,57155.57916666667
0,3,-0.57,9,615.0,57155.57986111111
0,3,-0.62,9,614.9,57155.580555555556
0,3,-0.66,9,614.9,57155.58125
0,2,-0.7,9,614.9,57155.58194444444
2,1,-0.73,9,614.9,57155.58263888889
5,353,-0.76,9,614.9,57155.583333333336
5,352,-0.79,9,614.9,57155.584027777775
2,352,-0.82,9,614.9,57155.58472222222
0,352,-0.85,9,614.8,57155.58541666667
0,352,-0.89,9,614.8,57155.58611111111
0,352,-0.92,9,614.8,57155.586805555555
0,351,-0.97,9,614.9,57155.5875
0,349,-1.0,9,614.9,57155.58819444444
0,349,-1.0,9,614.9,57155.58888888889
0,349,-0.98,8,614.9,57155.589583333334
0,349,-0.93,8,614.9,57155.59027777778
0,349,-0.87,8,614.9,57155.59097222222
0,349,-0.81,8,614.9,57155.59166666667
0,349,-0.74,8,614.9,57155.592361111114
0,349,-0.65,8,614.9,57155.59305555555
0,349,-0.52,8,614.9,57155.59375
0,350,-0.38,8,614.9,57155.59444444445
0,354,-0.25,8,614.9,57155.595138888886
0,354,-0.14,8,614.9,57155.59583333333
0,354,-0.03,8,614.9,57155.59652777778
0,354,0.05,8,614.9,57155.59722222222
0,354,0.1,8,614.9,57155.597916666666
0,354,0.13,8,615.0,57155.59861111111
0,354,0.13,8,615.0,57155.59930555556
0,354,0.13,8,615.0,57155.6
0,329,0.15,8,615.0,57155.600694444445
0,328,0.16,8,615.0,57155.60138888889
0,328,0.16,8,614.9,57155.60208333333
0,328,0.16,8,614.9,57155.60277777778
0,328,0.16,8,614.9,57155.603472222225
0,328,0.15,8,614.9,57155.604166666664
0,328,0.15,8,614.9,57155.60486111111
0,328,0.16,8,614.9,57155.60555555556
0,328,0.18,8,614.9,57155.60625
1,328,0.21,8,614.9,57155.606944444444
3,328,0.23,8,614.9,57155.60763888889
3,328,0.24,8,614.9,57155.60833333333
4,328,0.21,8,614.9,57155.60902777778
4,328,0.16,8,614.9,57155.60972222222
4,328,0.11,8,614.9,57155.61041666667
4,328,0.04,8,614.9,57155.61111111111
5,328,-0.03,8,614.9,57155.611805555556
5,328,-0.09,8,614.9,57155.6125
5,328,-0.13,8,615.0,57155.61319444444
3,328,-0.14,8,615.0,57155.61388888889
0,328,-0.14,8,615.0,57155.614583333336
0,328,-0.14,8,615.0,57155.615277777775
0,328,-0.14,8,615.0,57155.61597222222
0,328,-0.15,8,615.0,57155.61666666667
0,328,-0.15,8,615.0,57155.61736111111
0,328,-0.15,8,615.0,57155.618055555555
0,328,-0.16,8,615.0,57155.61875
0,328,-0.16,8,615.0,57155.61944444444
0,328,-0.15,8,615.0,57155.62013888889
0,328,-0.14,8,615.0,57155.620833333334
0,328,-0.14,8,615.0,57155.62152777778
0,328,-0.14,8,615.0,57155.62222222222
0,328,-0.14,8,615.0,57155.62291666667
2,332,-0.16,8,615.0,57155.623611111114
2,332,-0.17,8,615.0,57155.62430555555
1,333,-0.14,8,614.9,57155.625
0,333,-0.11,8,614.9,57155.62569444445
0,333,-0.06,8,614.9,57155.626388888886
0,333,-0.01,8,614.9,57155.62708333333
0,333,0.04,8,614.9,57155.62777777778
0,333,0.08,8,614.9,57155.62847222222
0,333,0.12,8,614.9,57155.629166666666
1,333,0.15,8,614.9,57155.62986111111
1,333,0.19,8,614.9,57155.63055555556
2,333,0.21,8,614.9,57155.63125
3,333,0.23,8,614.9,57155.631944444445
4,333,0.25,8,614.9,57155.63263888889
3,333,0.26,8,615.0,57155.63333333333
3,333,0.27,8,615.0,57155.63402777778
2,333,0.27,8,615.0,57155.634722222225
1,333,0.27,8,615.0,57155.635416666664
1,333,0.24,8,615.0,57155.63611111111
2,333,0.21,8,615.0,57155.63680555556
3,333,0.19,8,615.0,57155.6375
3,333,0.19,8,615.0,57155.638194444444
2,333,0.19,8,615.0,57155.63888888889
1,333,0.19,8,615.0,57155.63958333333
1,333,0.19,8,615.0,57155.64027777778
1,333,0.2,8,615.0,57155.64097222222
1,333,0.23,8,615.0,57155.64166666667
2,333,0.25,8,615.0,57155.64236111111
4,333,0.25,8,615.0,57155.643055555556
4,333,0.24,8,615.0,57155.64375
3,333,0.22,8,615.0,57155.64444444444
2,332,0.21,8,615.0,57155.64513888889
1,332,0.19,8,615.0,57155.645833333336
0,332,0.19,8,615.0,57155.646527777775
0,332,0.18,8,615.0,57155.64722222222
0,333,0.16,8,615.0,57155.64791666667
0,333,0.16,8,615.0,57155.64861111111
0,333,0.15,8,615.0,57155.649305555555
0,333,0.14,8,615.0,57155.65
0,333,0.15,8,615.0,57155.65069444444
1,333,0.16,8,615.0,57155.65138888889
3,333,0.19,8,615.0,57155.652083333334
5,333,0.19,8,615.0,57155.65277777778
5,333,0.22,8,615.1,57155.65347222222
5,333,0.22,8,615.1,57155.65416666667
6,333,0.22,8,615.1,57155.654861111114
6,333,0.21,8,615.1,57155.65555555555
5,333,0.19,8,615.1,57155.65625
3,333,0.2,8,615.1,57155.65694444445
3,333,0.2,8,615.1,57155.657638888886
1,333,0.21,8,615.1,57155.65833333333
0,333,0.22,8,615.1,57155.65902777778
0,333,0.21,8,615.1,57155.65972222222
0,333,0.19,8,615.1,57155.660416666666
0,333,0.16,8,615.1,57155.66111111111
0,333,0.13,8,615.1,57155.66180555556
0,333,0.12,8,615.1,57155.6625
0,333,0.1,8,615.1,57155.663194444445
0,333,0.07,8,615.1,57155.66388888889
0,333,0.07,8,615.0,57155.66458333333
0,333,0.07,8,615.1,57155.66527777778
0,333,0.07,8,615.1,57155.665972222225
0,333,0.07,8,615.1,57155.666666666664
0,333,0.07,8,615.1,57155.66736111111
0,333,0.06,8,615.2,57155.66805555556
0,100,0.04,8,615.2,57155.66875
0,100,-0.02,8,615.2,57155.669444444444
0,100,-0.11,8,615.2,57155.67013888889
0,57,-0.19,8,615.2,57155.67083333333
2,30,-0.24,8,615.2,57155.67152777778
6,6,-0.26,8,615.2,57155.67222222222
5,5,-0.25,8,615.2,57155.67291666667
4,5,-0.22,8,615.2,57155.67361111111
3,5,-0.19,8,615.2,57155.674305555556
0,5,-0.18,8,615.2,57155.675
0,5,-0.21,8,615.2,57155.67569444444
1,104,-0.25,8,615.2,57155.67638888889
5,118,-0.32,9,615.2,57155.677083333336
2,118,-0.45,11,615.2,57155.677777777775
0,118,-0.62,11,615.2,57155.67847222222
0,118,-0.76,10,615.2,57155.67916666667
0,118,-0.83,9,615.2,57155.67986111111
0,118,-0.85,9,615.2,57155.680555555555
0,118,-0.84,9,615.2,57155.68125
0,118,-0.8,9,615.2,57155.68194444444
0,118,-0.76,8,615.2,57155.68263888889
0,118,-0.69,8,615.2,57155.683333333334
0,42,-0.63,8,615.2,57155.68402777778
2,42,-0.55,8,615.2,57155.68472222222
3,42,-0.49,8,615.2,57155.68541666667
5,42,-0.43,8,615.3,57155.686111111114
5,42,-0.38,8,615.3,57155.68680555555
4,42,-0.33,8,615.3,57155.6875
2,42,-0.3,8,615.3,57155.68819444445
0,42,-0.27,8,615.2,57155.688888888886
0,42,-0.26,8,615.2,57155.68958333333
0,42,-0.24,8,615.2,57155.69027777778
0,42,-0.23,8,615.3,57155.69097222222
0,42,-0.2,8,615.3,57155.691666666666
0,42,-0.17,8,615.3,57155.69236111111
0,42,-0.14,8,615.3,57155.69305555556
0,42,-0.1,8,615.3,57155.69375
0,42,-0.07,8,615.3,57155.694444444445
0,42,-0.04,8,615.3,57155.69513888889
0,42,-0.0,8,615.3,57155.69583333333
0,42,0.02,8,615.3,57155.69652777778
0,42,0.04,8,615.3,57155.697222222225
0,42,0.04,8,615.3,57155.697916666664
0,42,0.06,8,615.3,57155.69861111111
0,42,0.06,8,615.3,57155.69930555556
0,47,0.07,8,615.3,57155.7
0,109,0.09,10,615.3,57155.700694444444
0,109,0.07,16,615.3,57155.70138888889
1,109,-0.05,20,615.3,57155.70208333333
2,109,-0.2,25,615.3,57155.70277777778
5,127,-0.38,28,615.3,57155.70347222222
8,128,-0.57,31,615.3,57155.70416666667
8,129,-0.78,32,615.3,57155.70486111111
8,129,-0.97,35,615.3,57155.705555555556
8,129,-1.13,40,615.4,57155.70625
8,129,-1.29,43,615.4,57155.70694444444
9,129,-1.44,46,615.4,57155.70763888889
9,129,-1.57,46,615.4,57155.708333333336
7,129,-1.69,42,615.4,57155.709027777775
8,129,-1.77,40,615.4,57155.70972222222
8,129,-1.79,35,615.4,57155.71041666667
10,129,-1.77,33,615.4,57155.71111111111
11,129,-1.74,33,615.4,57155.711805555555
10,129,-1.7,34,615.4,57155.7125
9,129,-1.64,44,615.4,57155.71319444444
10,129,-1.57,51,615.4,57155.71388888889
11,129,-1.53,57,615.4,57155.714583333334
11,129,-1.52,59,615.4,57155.71527777778
11,129,-1.52,61,615.4,57155.71597222222
9,130,-1.53,62,615.4,57155.71666666667
10,130,-1.55,64,615.4,57155.717361111114
10,130,-1.55,63,615.4,57155.71805555555
10,130,-1.56,63,615.4,57155.71875
11,130,-1.58,55,615.5,57155.71944444445
11,130,-1.58,47,615.4,57155.720138888886
9,149,-1.57,42,615.5,57155.72083333333
13,144,-1.5,42,615.4,57155.72152777778
12,141,-1.43,38,615.4,57155.72222222222
13,141,-1.32,41,615.5,57155.722916666666
13,140,-1.24,45,615.5,57155.72361111111
13,139,-1.17,55,615.5,57155.72430555556
13,141,-1.15,59,615.5,57155.725
12,140,-1.16,64,615.5,57155.725694444445
12,139,-1.15,70,615.5,57155.72638888889
11,138,-1.18,73,615.5,57155.72708333333
12,139,-1.22,73,615.5,57155.72777777778
12,138,-1.25,75,615.5,57155.728472222225
11,139,-1.27,77,615.5,57155.729166666664
13,141,-1.33,73,615.5,57155.72986111111
13,150,-1.31,77,615.5,57155.73055555556
12,148,-1.27,81,615.5,57155.73125
12,145,-1.22,84,615.5,57155.731944444444
13,143,-1.21,85,615.6,57155.73263888889
14,137,-1.23,86,615.6,57155.73333333333
14,141,-1.22,86,615.6,57155.73402777778
12,140,-1.25,85,615.6,57155.73472222222
12,141,-1.26,82,615.6,57155.73541666667
12,141,-1.2,84,615.6,57155.73611111111
13,138,-1.15,84,615.6,57155.736805555556
11,148,-1.13,83,615.6,57155.7375
12,145,-1.09,85,615.6,57155.73819444444
11,148,-1.05,85,615.6,57155.73888888889
11,143,-1.02,85,615.6,57155.739583333336
12,139,-0.97,84,615.6,57155.740277777775
12,150,-0.88,84,615.6,57155.74097222222
12,143,-0.77,85,615.6,57155.74166666667
14,145,-0.66,86,615.6,57155.74236111111
13,142,-0.59,86,615.6,57155.743055555555
14,139,-0.53,87,615.7,57155.74375
10,147,-0.47,88,615.7,57155.74444444444
9,149,-0.45,87,615.7,57155.74513888889
7,154,-0.46,86,615.8,57155.745833333334
8,151,-0.43,87,615.8,57155.74652777778
9,152,-0.37,89,615.8,57155.74722222222
10,147,-0.28,90,615.8,57155.74791666667
8,146,-0.21,90,615.8,57155.748611111114
5,146,-0.23,89,615.8,57155.74930555555
2,146,-0.26,89,615.8,57155.75
3,145,-0.27,90,615.8,57155.75069444445
9,145,-0.25,90,615.8,57155.751388888886
10,150,-0.25,91,615.8,57155.75208333333
9,157,-0.31,91,615.8,57155.75277777778
7,157,-0.38,91,615.8,57155.75347222222
4,158,-0.42,91,615.8,57155.754166666666
4,156,-0.44,90,615.8,57155.75486111111
7,154,-0.42,90,615.8,57155.75555555556
8,150,-0.41,89,615.8,57155.75625
10,148,-0.32,90,615.8,57155.756944444445
12,143,-0.17,91,615.8,57155.75763888889
8,147,-0.11,91,615.8,57155.75833333333
7,152,-0.12,91,615.8,57155.75902777778
8,150,-0.12,91,615.8,57155.759722222225
7,152,-0.09,91,615.9,57155.760416666664
5,148,-0.05,91,615.8,57155.76111111111
7,147,0.09,92,615.8,57155.76180555556
6,146,0.19,92,615.9,57155.7625
7,145,0.21,90,615.9,57155.763194444444
5,145,0.21,87,615.9,57155.76388888889
4,148,0.25,85,615.9,57155.76458333333
2,148,0.34,84,615.9,57155.76527777778
0,146,0.39,83,615.9,57155.76597222222
4,146,0.43,81,615.9,57155.76666666667
4,145,0.47,79,615.9,57155.76736111111
7,140,0.56,79,615.9,57155.768055555556
7,139,0.65,75,615.9,57155.76875
6,138,0.68,64,615.9,57155.76944444444
3,138,0.71,53,615.9,57155.77013888889
0,138,0.78,60,615.9,57155.770833333336
3,138,0.85,62,615.9,57155.771527777775
5,141,0.91,57,615.9,57155.77222222222
7,138,1.02,66,615.9,57155.77291666667
8,138,1.17,69,615.9,57155.77361111111
7,138,1.3,63,615.9,57155.774305555555
3,138,1.42,61,615.9,57155.775
3,142,1.53,65,615.9,57155.77569444444
4,142,1.57,69,615.9,57155.77638888889
2,142,1.56,70,616.0,57155.777083333334
2,143,1.54,74,616.0,57155.77777777778
2,142,1.52,75,616.0,57155.77847222222
0,142,1.47,74,616.0,57155.77916666667
1,142,1.41,73,616.0,57155.779861111114
2,142,1.42,72,616.0,57155.78055555555
1,142,1.48,70,616.0,57155.78125
5,140,1.55,73,616.0,57155.78194444445
6,139,1.54,72,616.0,57155.782638888886
7,138,1.5,72,616.0,57155.78333333333
6,141,1.47,75,616.0,57155.78402777778
8,148,1.47,79,616.0,57155.78472222222
9,147,1.47,80,616.0,57155.785416666666
11,149,1.47,78,616.0,57155.78611111111
9,140,1.45,76,616.0,57155.78680555556
8,140,1.42,75,616.0,57155.7875
12,139,1.46,78,616.0,57155.788194444445
9,138,1.5,77,616.0,57155.78888888889
11,136,1.53,77,616.0,57155.78958333333
9,136,1.57,76,616.0,57155.79027777778
5,136,1.59,75,616.0,57155.790972222225
7,140,1.61,74,616.0,57155.791666666664
5,142,1.64,71,616.0,57155.79236111111
5,139,1.71,72,616.0,57155.79305555556
5,137,1.8,72,616.1,57155.79375
7,133,1.89,72,616.1,57155.794444444444
9,132,2.0,70,616.1,57155.79513888889
9,130,2.08,66,616.1,57155.79583333333
9,129,2.16,58,616.1,57155.79652777778
7,139,2.27,66,616.1,57155.79722222222
3,139,2.33,71,616.1,57155.79791666667
9,127,2.33,75,616.1,57155.79861111111
11,126,2.36,76,616.1,57155.799305555556
9,126,2.35,76,616.1,57155.8
10,139,2.29,76,616.1,57155.80069444444
7,142,2.25,75,616.2,57155.80138888889
7,138,2.27,72,616.1,57155.802083333336
14,122,2.32,68,616.1,57155.802777777775
10,137,2.39,69,616.2,57155.80347222222
8,146,2.43,69,616.2,57155.80416666667
9,143,2.44,70,616.2,57155.80486111111
7,141,2.42,69,616.2,57155.805555555555
10,137,2.4,67,616.2,57155.80625
7,139,2.39,67,616.2,57155.80694444444
10,141,2.4,67,616.2,57155.80763888889
9,142,2.45,68,616.2,57155.808333333334
9,145,2.5,71,616.2,57155.80902777778
8,154,2.57,78,616.2,57155.80972222222
10,152,2.58,77,616.2,57155.81041666667
9,141,2.54,74,616.2,57155.811111111114
8,139,2.46,72,616.2,57155.81180555555
8,139,2.38,69,616.2,57155.8125
6,138,2.31,69,616.3,57155.81319444445
2,138,2.24,70,616.3,57155.813888888886
0,138,2.19,72,616.3,57155.81458333333
8,135,2.16,72,616.2,57155.81527777778
6,133,2.26,72,616.2,57155.81597222222
2,137,2.39,72,616.2,57155.816666666666
4,86,2.59,74,616.2,57155.81736111111
3,136,2.81,73,616.2,57155.81805555556
5,85,3.01,73,616.2,57155.81875
5,101,3.15,72,616.2,57155.819444444445
4,142,3.25,73,616.2,57155.82013888889
2,159,3.41,74,616.2,57155.82083333333
8,133,3.56,74,616.2,57155.82152777778
10,80,3.72,76,616.2,57155.822222222225
10,102,3.82,73,616.2,57155.822916666664
4,109,3.87,69,616.2,57155.82361111111
4,87,3.85,70,616.2,57155.82430555556
2,134,3.8,72,616.2,57155.825
2,132,3.74,71,616.2,57155.825694444444
9,120,3.71,71,616.2,57155.82638888889
11,121,3.76,76,616.2,57155.82708333333
12,121,3.84,77,616.2,57155.82777777778
11,122,3.88,77,616.2,57155.82847222222
11,108,3.92,76,616.2,57155.82916666667
6,131,3.91,77,616.2,57155.82986111111
5,118,3.84,80,616.2,57155.830555555556
12,90,3.79,84,616.2,57155.83125
10,117,3.68,76,616.2,57155.83194444444
5,152,3.58,72,616.3,57155.83263888889
1,153,3.47,67,616.3,57155.833333333336
1,150,3.38,66,616.2,57155.834027777775
2,143,3.33,63,616.2,57155.83472222222
3,183,3.29,61,616.2,57155.83541666667
1,188,3.31,62,616.2,57155.83611111111
0,191,3.3,65,616.3,57155.836805555555
0,189,3.27,67,616.2,57155.8375
1,183,3.22,68,616.3,57155.83819444444
0,185,3.18,66,616.3,57155.83888888889
0,194,3.15,65,616.3,57155.839583333334
2,213,3.16,68,616.2,57155.84027777778
1,201,3.21,71,616.3,57155.84097222222
4,212,3.28,71,616.3,57155.84166666667
2,178,3.34,71,616.3,57155.842361111114
4,140,3.47,73,616.3,57155.84305555555
2,89,3.53,71,616.3,57155.84375
0,89,3.48,70,616.3,57155.84444444445
1,59,3.37,72,616.3,57155.845138888886
2,13,3.23,74,616.3,57155.84583333333
2,17,3.12,76,616.3,57155.84652777778
3,140,3.09,77,616.2,57155.84722222222
5,95,3.11,77,616.3,57155.847916666666
7,96,3.15,77,616.3,57155.84861111111
5,96,3.21,78,616.3,57155.84930555556
2,91,3.24,76,616.3,57155.85
2,241,3.24,75,616.3,57155.850694444445
2,122,3.27,77,616.3,57155.85138888889
6,137,3.46,84,616.3,57155.85208333333
7,13,3.76,89,616.3,57155.85277777778
5,12,3.74,86,616.3,57155.853472222225
3,343,3.67,81,616.3,57155.854166666664
2,14,3.58,77,616.3,57155.85486111111
1,140,3.49,76,616.3,57155.85555555556
1,139,3.39,76,616.3,57155.85625
5,139,3.27,77,616.3,57155.856944444444
2,139,3.08,76,616.3,57155.85763888889
0,138,2.86,77,616.3,57155.85833333333
1,139,2.67,80,616.3,57155.85902777778
1,140,2.61,85,616.3,57155.85972222222
0,139,2.56,85,616.3,57155.86041666667
1,139,2.53,85,616.3,57155.86111111111
2,139,2.52,84,616.3,57155.861805555556
2,140,2.54,86,616.3,57155.8625
2,139,2.61,89,616.3,57155.86319444444
6,0,2.5,87,616.3,57155.86388888889
3,0,2.35,85,616.3,57155.864583333336
2,0,2.19,83,616.3,57155.865277777775
0,0,2.04,82,616.3,57155.86597222222
0,1,1.89,82,616.3,57155.86666666667
0,0,1.77,83,616.3,57155.86736111111
2,1,1.68,84,616.3,57155.868055555555
1,106,1.61,85,616.3,57155.86875
3,107,1.59,86,616.3,57155.86944444444
3,331,1.62,85,616.3,57155.87013888889
1,331,1.67,84,616.3,57155.870833333334
2,101,1.75,83,616.3,57155.87152777778
1,339,1.83,82,616.3,57155.87222222222
0,132,1.91,83,616.3,57155.87291666667
3,129,2.0,84,616.3,57155.873611111114
3,128,2.05,83,616.3,57155.87430555555
2,127,2.08,84,616.3,57155.875
2,126,2.12,86,616.2,57155.87569444445
5,126,2.15,85,616.2,57155.876388888886
6,126,2.2,84,616.2,57155.87708333333
3,126,2.24,82,616.2,57155.87777777778
0,126,2.2,81,616.2,57155.87847222222
0,126,2.18,84,616.2,57155.879166666666
0,133,2.18,87,616.2,57155.87986111111
9,326,2.16,89,616.2,57155.88055555556
19,307,2.13,89,616.2,57155.88125
13,327,2.05,90,616.2,57155.881944444445
8,335,1.95,90,616.2,57155.88263888889
7,336,1.88,90,616.2,57155.88333333333
8,336,1.83,91,616.2,57155.88402777778
9,338,1.77,91,616.2,57155.884722222225
13,340,1.75,92,616.2,57155.885416666664
14,341,1.72,92,616.2,57155.88611111111
9,339,1.65,92,616.2,57155.88680555556
9,342,1.6,92,616.2,57155.8875
8,340,1.55,92,616.2,57155.888194444444
4,125,1.54,93,616.1,57155.88888888889
3,113,1.62,93,616.1,57155.88958333333
9,106,1.69,94,616.1,57155.89027777778
9,102,1.72,93,616.1,57155.89097222222
6,95,1.64,93,616.1,57155.89166666667
5,299,1.51,93,616.1,57155.89236111111
3,222,1.35,93,616.1,57155.893055555556
1,203,1.24,93,616.1,57155.89375
6,158,1.23,94,616.1,57155.89444444444
6,157,1.23,94,616.1,57155.89513888889
5,159,1.16,93,616.1,57155.895833333336
0,159,1.01,93,616.1,57155.896527777775
0,159,0.88,93,616.1,57155.89722222222
0,158,0.81,93,616.1,57155.89791666667
0,157,0.71,93,616.0,57155.89861111111
1,154,0.61,93,616.0,57155.899305555555
2,154,0.57,94,616.0,57155.9
8,109,0.63,94,616.0,57155.90069444444
11,126,0.81,95,616.0,57155.90138888889
13,111,1.06,95,616.0,57155.902083333334
13,115,1.26,95,616.0,57155.90277777778
11,123,1.29,94,616.0,57155.90347222222
10,111,1.24,94,616.0,57155.90416666667
9,124,1.17,94,616.0,57155.904861111114
5,124,1.0,94,616.0,57155.90555555555
5,88,0.8,94,616.0,57155.90625
5,88,0.68,94,616.0,57155.90694444445
3,109,0.62,94,616.0,57155.907638888886
8,96,0.65,95,616.0,57155.90833333333
3,96,0.71,95,616.0,57155.90902777778
1,96,0.72,95,616.0,57155.90972222222
1,95,0.73,95,616.0,57155.910416666666
0,95,0.73,95,615.9,57155.91111111111
1,96,0.73,95,616.0,57155.91180555556
1,87,0.63,94,615.9,57155.9125
5,98,0.53,94,615.9,57155.913194444445
9,93,0.51,95,615.9,57155.91388888889
8,93,0.61,96,616.0,57155.91458333333
3,95,0.65,95,616.0,57155.91527777778
2,96,0.67,95,616.0,57155.915972222225
2,96,0.61,95,616.0,57155.916666666664
2,96,0.49,94,616.0,57155.91736111111
4,96,0.38,94,616.0,57155.91805555556
3,96,0.21,94,615.9,57155.91875
1,93,0.09,94,615.9,57155.919444444444
0,95,-0.01,94,615.9,57155.92013888889
1,95,-0.08,95,615.9,57155.92083333333
1,95,-0.21,94,615.9,57155.92152777778
2,95,-0.25,95,615.9,57155.92222222222
2,95,-0.16,95,615.9,57155.92291666667
0,349,-0.08,95,616.0,57155.92361111111
1,349,-0.03,95,616.0,57155.924305555556
0,349,-0.02,95,616.0,57155.925
0,349,-0.06,95,615.9,57155.92569444444
0,349,-0.1,95,615.9,57155.92638888889
0,349,-0.16,95,615.9,57155.927083333336
0,349,-0.23,95,615.9,57155.927777777775
0,349,-0.29,95,615.9,57155.92847222222
0,78,-0.23,95,615.9,57155.92916666667
1,78,-0.18,95,615.9,57155.92986111111
1,100,-0.22,95,615.9,57155.930555555555
3,100,-0.19,95,615.9,57155.93125
5,131,-0.11,95,615.9,57155.93194444444
5,131,-0.07,95,615.9,57155.93263888889
3,131,-0.1,95,615.9,57155.933333333334
2,130,-0.08,95,615.8,57155.93402777778
5,129,-0.06,95,615.8,57155.93472222222
5,128,0.07,95,615.8,57155.93541666667
3,0,0.19,95,615.8,57155.936111111114
4,324,0.27,95,615.9,57155.93680555555
2,324,0.25,95,615.8,57155.9375
0,324,0.17,94,615.8,57155.93819444445
1,340,0.13,94,615.8,57155.938888888886
18,312,0.21,95,615.8,57155.93958333333
19,311,0.44,96,615.8,57155.94027777778
15,319,0.69,96,615.8,57155.94097222222
16,280,0.91,96,615.7,57155.941666666666
11,311,1.19,96,615.8,57155.94236111111
14,314,1.38,96,615.8,57155.94305555556
16,303,1.58,96,615.8,57155.94375
15,299,1.74,96,615.8,57155.944444444445
12,299,1.84,96,615.8,57155.94513888889
15,316,1.87,95,615.7,57155.94583333333
15,309,1.86,95,615.7,57155.94652777778
16,306,1.78,95,615.7,57155.947222222225
15,306,1.66,95,615.7,57155.947916666664
16,292,1.58,95,615.7,57155.94861111111
14,301,1.55,95,615.7,57155.94930555556
12,301,1.55,95,615.8,57155.95
12,297,1.53,95,615.8,57155.950694444444
11,306,1.44,95,615.8,57155.95138888889
9,312,1.33,95,615.7,57155.95208333333
9,299,1.23,95,615.7,57155.95277777778
11,333,1.16,95,615.7,57155.95347222222
10,338,1.09,95,615.7,57155.95416666667
9,338,1.02,95,615.8,57155.95486111111
8,339,0.94,95,615.8,57155.955555555556
7,342,0.87,95,615.8,57155.95625
6,333,0.86,95,615.8,57155.95694444444
3,302,0.96,96,615.7,57155.95763888889
1,193,1.09,96,615.7,57155.958333333336
4,181,1.21,96,615.7,57155.959027777775
2,199,1.23,96,615.7,57155.95972222222
5,300,1.23,96,615.7,57155.96041666667
3,300,1.19,95,615.7,57155.96111111111
2,322,1.18,96,615.7,57155.961805555555
12,317,1.25,96,615.7,57155.9625
16,18,1.38,96,615.6,57155.96319444444
8,18,1.49,96,615.7,57155.96388888889
9,334,1.52,96,615.6,57155.964583333334
15,320,1.52,96,615.6,57155.96527777778
16,335,1.56,96,615.6,57155.96597222222
12,342,1.62,96,615.6,57155.96666666667
9,10,1.65,96,615.6,57155.967361111114
8,353,1.77,96,615.6,57155.96805555555
11,313,1.95,96,615.6,57155.96875
12,326,2.03,96,615.5,57155.96944444445
16,333,2.06,96,615.5,57155.970138888886
16,335,2.07,96,615.5,57155.97083333333
14,331,2.03,95,615.5,57155.97152777778
14,322,1.98,96,615.5,57155.97222222222
12,318,2.04,96,615.5,57155.972916666666
14,334,2.05,96,615.5,57155.97361111111
14,317,2.03,96,615.5,57155.97430555556
22,318,2.01,96,615.5,57155.975
20,305,1.97,95,615.4,57155.975694444445
22,315,1.95,96,615.4,57155.97638888889
22,310,2.03,96,615.4,57155.97708333333
22,314,2.13,96,615.4,57155.97777777778
16,314,2.12,96,615.5,57155.978472222225
18,292,2.09,96,615.5,57155.979166666664
18,301,2.14,96,615.5,57155.97986111111
14,317,2.22,96,615.5,57155.98055555556
15,301,2.25,96,615.5,57155.98125
15,293,2.28,96,615.5,57155.981944444444
14,296,2.32,96,615.5,57155.98263888889
14,301,2.35,96,615.5,57155.98333333333
13,297,2.47,96,615.5,57155.98402777778
11,290,2.55,96,615.5,57155.98472222222
9,302,2.49,96,615.5,57155.98541666667
7,312,2.44,95,615.5,57155.98611111111
2,233,2.34,95,615.5,57155.986805555556
0,233,2.28,95,615.4,57155.9875
0,232,2.23,95,615.4,57155.98819444444
1,223,2.24,96,615.4,57155.98888888889
0,223,2.26,96,615.4,57155.989583333336
2,205,2.29,96,615.4,57155.990277777775
3,194,2.27,96,615.4,57155.99097222222
3,185,2.24,96,615.4,57155.99166666667
6,180,2.2,96,615.3,57155.99236111111
5,179,2.15,96,615.3,57155.993055555555
2,233,2.15,96,615.3,57155.99375
1,233,2.28,96,615.4,57155.99444444444
0,233,2.37,96,615.4,57155.99513888889
3,291,2.42,96,615.4,57155.995833333334
11,278,2.45,96,615.4,57155.99652777778
6,302,2.48,96,615.4,57155.99722222222
1,302,2.42,96,615.4,57155.99791666667
0,91,2.27,95,615.4,57155.998611111114
1,91,2.11,95,615.3,57155.99930555555
2,133,1.96,95,615.3,57156.0
5,133,1.83,95,615.3,57156.00069444445
7,135,1.72,95,615.2,57156.001388888886
9,140,1.68,96,615.2,57156.00208333333
7,144,1.63,96,615.2,57156.00277777778
10,144,1.58,96,615.2,57156.00347222222
8,146,1.48,95,615.2,57156.004166666666
6,145,1.4,96,615.2,57156.00486111111
8,143,1.34,96,615.2,57156.00555555556
8,142,1.3,96,615.2,57156.00625
8,142,1.29,96,615.2,57156.006944444445
7,145,1.28,96,615.2,57156.00763888889
7,134,1.24,96,615.2,57156.00833333333
10,144,1.23,96,615.2,57156.00902777778
10,141,1.24,96,615.1,57156.009722222225
9,145,1.22,96,615.1,57156.010416666664
7,144,1.15,96,615.1,57156.01111111111
7,137,1.11,96,615.1,57156.01180555556
10,146,1.15,96,615.1,57156.0125
7,145,1.24,96,615.1,57156.013194444444
7,143,1.29,96,615.1,57156.01388888889
8,146,1.31,96,615.1,57156.01458333333
7,147,1.32,96,615.1,57156.01527777778
5,146,1.32,96,615.1,57156.01597222222
9,145,1.31,96,615.1,57156.01666666667
7,149,1.22,96,615.1,57156.01736111111
4,147,1.11,96,615.1,57156.018055555556
4,145,1.08,96,615.1,57156.01875
5,145,1.11,96,615.1,57156.01944444444
6,145,1.15,96,615.1,57156.02013888889
5,149,1.19,96,615.1,57156.020833333336
2,149,1.25,96,615.1,57156.021527777775
4,150,1.28,96,615.1,57156.02222222222
5,154,1.36,97,615.1,57156.02291666667
5,154,1.51,97,615.1,57156.02361111111
4,155,1.57,96,615.0,57156.024305555555
5,155,1.57,96,615.1,57156.025
3,155,1.51,96,615.0,57156.02569444444
2,155,1.4,96,615.0,57156.02638888889
0,156,1.39,96,615.1,57156.027083333334
4,158,1.48,97,615.0,57156.02777777778
4,158,1.53,96,615.1,57156.02847222222
1,158,1.5,96,615.1,57156.02916666667
3,164,1.46,96,615.1,57156.029861111114
5,164,1.5,96,615.1,57156.03055555555
4,169,1.57,96,615.1,57156.03125
5,170,1.73,97,615.1,57156.03194444445
2,170,1.85,97,615.1,57156.032638888886
1,171,1.9,96,615.1,57156.03333333333
0,171,1.86,96,615.1,57156.03402777778
0,171,1.77,96,615.1,57156.03472222222
0,167,1.69,96,615.1,57156.035416666666
0,170,1.69,96,615.0,57156.03611111111
2,175,1.75,96,615.0,57156.03680555556
4,182,1.83,96,615.0,57156.0375
8,217,1.87,96,615.0,57156.038194444445
8,218,1.94,96,615.0,57156.03888888889
6,219,2.02,96,615.0,57156.03958333333
5,219,2.01,96,615.0,57156.04027777778
4,219,1.87,95,615.0,57156.040972222225
3,219,1.72,95,615.0,57156.041666666664
5,278,1.65,96,615.0,57156.04236111111
9,315,1.74,96,615.0,57156.04305555556
8,291,1.88,97,615.0,57156.04375
11,316,1.96,97,614.9,57156.044444444444
12,318,2.01,96,614.9,57156.04513888889
18,309,1.97,96,614.9,57156.04583333333
22,323,1.89,96,614.9,57156.04652777778
16,299,1.76,95,614.9,57156.04722222222
20,309,1.68,96,614.9,57156.04791666667
20,319,1.67,96,614.9,57156.04861111111
17,296,1.68,96,614.9,57156.049305555556
17,310,1.69,96,614.9,57156.05
14,334,1.67,96,614.9,57156.05069444444
12,326,1.63,96,614.9,57156.05138888889
12,329,1.58,96,614.9,57156.052083333336
14,326,1.52,96,614.9,57156.052777777775
16,319,1.46,96,614.9,57156.05347222222
13,316,1.39,96,614.9,57156.05416666667
14,328,1.33,96,614.9,57156.05486111111
10,319,1.25,96,614.9,57156.055555555555
9,335,1.16,96,614.9,57156.05625
7,325,1.09,96,614.9,57156.05694444444
6,338,1.02,96,614.9,57156.05763888889
3,338,0.95,96,614.9,57156.058333333334
7,340,0.94,96,614.9,57156.05902777778
8,327,0.97,96,614.9,57156.05972222222
8,342,1.01,96,614.9,57156.06041666667
5,341,1.0,96,614.9,57156.061111111114
3,336,0.96,96,614.9,57156.06180555555
2,337,0.97,96,614.9,57156.0625
1,337,1.02,96,614.9,57156.06319444445
0,337,1.03,96,614.9,57156.063888888886
0,337,1.04,96,614.8,57156.06458333333
0,337,1.09,97,614.8,57156.06527777778
2,299,1.24,97,614.8,57156.06597222222
1,299,1.35,97,614.9,57156.066666666666
0,299,1.41,97,614.9,57156.06736111111
0,299,1.45,96,614.8,57156.06805555556
0,299,1.42,96,614.8,57156.06875
1,299,1.45,96,614.8,57156.069444444445
7,227,1.52,96,614.8,57156.07013888889
1,237,1.5,96,614.8,57156.07083333333
3,109,1.54,96,614.8,57156.07152777778
10,233,1.58,96,614.8,57156.072222222225
10,181,1.64,96,614.8,57156.072916666664
6,266,1.6,96,614.8,57156.07361111111
10,292,1.58,96,614.7,57156.07430555556
9,298,1.62,96,614.8,57156.075
8,301,1.65,96,614.8,57156.075694444444
6,279,1.63,96,614.8,57156.07638888889
11,305,1.66,96,614.8,57156.07708333333
8,272,1.62,96,614.7,57156.07777777778
5,286,1.55,96,614.7,57156.07847222222
6,286,1.48,96,614.7,57156.07916666667
4,310,1.46,96,614.7,57156.07986111111
3,169,1.49,96,614.7,57156.080555555556
1,180,1.37,96,614.8,57156.08125
4,123,1.27,96,614.8,57156.08194444444
2,123,1.16,95,614.7,57156.08263888889
3,123,0.85,94,614.7,57156.083333333336
3,123,0.57,95,614.8,57156.084027777775
3,123,0.33,95,614.8,57156.08472222222
3,123,0.11,95,614.7,57156.08541666667
3,123,-0.11,95,614.7,57156.08611111111
4,123,-0.27,95,614.7,57156.086805555555
2,123,-0.39,96,614.7,57156.0875
0,123,-0.5,96,614.7,57156.08819444444
3,123,-0.61,96,614.7,57156.08888888889
4,123,-0.69,96,614.7,57156.089583333334
4,123,-0.73,96,614.7,57156.09027777778
6,124,-0.73,96,614.7,57156.09097222222
5,129,-0.7,97,614.7,57156.09166666667
5,129,-0.71,96,614.7,57156.092361111114
6,129,-0.72,96,614.7,57156.09305555555
6,129,-0.73,96,614.7,57156.09375
6,129,-0.75,96,614.7,57156.09444444445
6,130,-0.73,97,614.7,57156.095138888886
8,130,-0.73,96,614.7,57156.09583333333
7,130,-0.78,96,614.7,57156.09652777778
6,130,-0.84,96,614.7,57156.09722222222
6,130,-0.9,96,614.7,57156.097916666666
5,131,-0.92,96,614.7,57156.09861111111
5,131,-0.91,97,614.7,57156.09930555556
6,131,-0.88,97,614.7,57156.1
6,131,-0.9,96,614.7,57156.100694444445
5,131,-1.0,96,614.7,57156.10138888889
3,131,-1.13,96,614.7,57156.10208333333
3,131,-1.24,96,614.7,57156.10277777778
2,131,-1.3,96,614.7,57156.103472222225
3,131,-1.35,96,614.7,57156.104166666664
3,131,-1.38,96,614.7,57156.10486111111
5,131,-1.41,96,614.7,57156.10555555556
7,131,-1.41,96,614.7,57156.10625
7,131,-1.37,96,614.7,57156.106944444444
6,131,-1.3,96,614.7,57156.10763888889
5,131,-1.29,96,614.7,57156.10833333333
3,131,-1.3,96,614.8,57156.10902777778
2,131,-1.31,96,614.8,57156.10972222222
3,131,-1.27,96,614.8,57156.11041666667
3,131,-1.26,96,614.8,57156.11111111111
6,131,-1.21,96,614.8,57156.111805555556
7,131,-1.16,96,614.8,57156.1125
7,131,-1.09,96,614.8,57156.11319444444
6,131,-1.13,95,614.8,57156.11388888889
7,131,-1.15,95,614.8,57156.114583333336
4,131,-1.18,94,614.8,57156.115277777775
5,131,-1.22,93,614.8,57156.11597222222
7,131,-1.23,93,614.9,57156.11666666667
5,131,-1.21,92,614.9,57156.11736111111
5,131,-1.24,90,614.9,57156.118055555555
6,131,-1.25,87,614.9,57156.11875
5,131,-1.24,85,614.9,57156.11944444444
4,131,-1.19,85,614.9,57156.12013888889
3,131,-1.17,84,614.9,57156.120833333334
1,131,-1.15,83,614.9,57156.12152777778
2,131,-1.11,84,614.9,57156.12222222222
1,131,-1.05,86,614.9,57156.12291666667
1,131,-0.95,88,614.9,57156.123611111114
1,131,-0.91,88,614.9,57156.12430555555
1,131,-0.93,87,614.9,57156.125
2,131,-0.92,88,614.9,57156.12569444445
3,131,-0.94,88,614.9,57156.126388888886
5,131,-0.97,88,614.9,57156.12708333333
6,131,-1.05,86,614.9,57156.12777777778
6,131,-1.15,83,614.9,57156.12847222222
4,131,-1.18,82,614.9,57156.129166666666
4,131,-1.18,82,614.9,57156.12986111111
3,131,-1.19,83,615.0,57156.13055555556
3,128,-1.18,83,614.9,57156.13125
9,128,-1.12,84,614.9,57156.131944444445
8,128,-1.01,86,614.9,57156.13263888889
10,126,-0.91,85,615.0,57156.13333333333
8,126,-0.87,82,615.0,57156.13402777778
4,126,-0.83,80,615.0,57156.134722222225
1,125,-0.83,78,615.0,57156.135416666664
1,125,-0.85,76,615.0,57156.13611111111
3,125,-0.83,78,615.0,57156.13680555556
1,125,-0.81,79,615.0,57156.1375
0,125,-0.81,78,615.0,57156.138194444444
3,125,-0.8,78,615.0,57156.13888888889
1,125,-0.81,75,615.0,57156.13958333333
2,125,-0.82,75,615.0,57156.14027777778
9,125,-0.84,75,615.0,57156.14097222222
8,125,-0.82,76,615.0,57156.14166666667
6,125,-0.82,73,615.0,57156.14236111111
5,125,-0.83,72,614.9,57156.143055555556
5,125,-0.84,72,614.9,57156.14375
8,123,-0.84,71,614.9,57156.14444444444
5,123,-0.84,68,614.9,57156.14513888889
3,123,-0.87,67,614.9,57156.145833333336
9,121,-0.87,68,614.9,57156.146527777775
11,121,-0.88,66,614.9,57156.14722222222
10,120,-0.93,63,614.9,57156.14791666667
9,120,-0.97,65,614.9,57156.14861111111
7,120,-1.03,64,614.9,57156.149305555555
5,120,-1.09,62,615.0,57156.15
3,120,-1.12,65,615.0,57156.15069444444
2,120,-1.12,68,615.0,57156.15138888889
0,120,-1.11,68,615.0,57156.152083333334
0,120,-1.09,69,615.0,57156.15277777778
0,120,-1.06,69,615.0,57156.15347222222
0,120,-1.03,71,615.0,57156.15416666667
0,120,-1.01,71,615.0,57156.154861111114
0,120,-1.01,67,615.0,57156.15555555555
0,119,-1.02,64,615.0,57156.15625
0,119,-1.03,64,615.0,57156.15694444445
1,119,-1.03,65,615.0,57156.157638888886
4,119,-1.03,66,615.1,57156.15833333333
3,119,-1.03,66,615.0,57156.15902777778
4,119,-1.02,67,615.0,57156.15972222222
3,119,-1.02,66,615.0,57156.160416666666
2,119,-1.03,65,615.0,57156.16111111111
3,119,-1.03,64,615.1,57156.16180555556
3,119,-1.04,63,615.1,57156.1625
3,119,-1.03,63,615.1,57156.163194444445
4,119,-1.03,63,615.1,57156.16388888889
4,119,-1.03,65,615.1,57156.16458333333
5,119,-1.0,69,615.1,57156.16527777778
6,119,-0.97,70,615.1,57156.165972222225
8,119,-0.94,67,615.1,57156.166666666664
7,119,-0.94,66,615.1,57156.16736111111
6,119,-0.95,62,615.1,57156.16805555556
4,119,-0.96,61,615.1,57156.16875
4,119,-0.98,58,615.1,57156.169444444444
3,119,-0.98,61,615.1,57156.17013888889
3,119,-0.95,63,615.2,57156.17083333333
2,37,-0.93,59,615.2,57156.17152777778
1,84,-0.91,60,615.2,57156.17222222222
0,15,-0.91,59,615.2,57156.17291666667
0,15,-0.91,66,615.2,57156.17361111111
0,15,-0.94,70,615.2,57156.174305555556
0,15,-0.98,73,615.2,57156.175
0,14,-1.04,76,615.2,57156.17569444444
0,14,-1.11,77,615.2,57156.17638888889
0,14,-1.17,77,615.2,57156.177083333336
0,14,-1.23,77,615.2,57156.177777777775
0,15,-1.25,79,615.2,57156.17847222222
0,15,-1.29,79,615.2,57156.17916666667
0,15,-1.34,78,615.2,57156.17986111111
0,15,-1.39,73,615.2,57156.180555555555
0,15,-1.42,66,615.2,57156.18125
0,15,-1.4,64,615.2,57156.18194444444
0,17,-1.36,62,615.2,57156.18263888889
0,17,-1.28,66,615.2,57156.183333333334
0,47,-1.24,63,615.2,57156.18402777778
0,49,-1.18,65,615.2,57156.18472222222
0,49,-1.11,67,615.2,57156.18541666667
0,56,-1.06,67,615.2,57156.186111111114
0,93,-1.02,67,615.2,57156.18680555555
0,92,-1.0,64,615.2,57156.1875
0,92,-0.97,63,615.2,57156.18819444445
0,78,-0.93,65,615.2,57156.188888888886
0,84,-0.88,65,615.2,57156.18958333333
0,103,-0.85,59,615.2,57156.19027777778
0,283,-0.82,61,615.3,57156.19097222222
0,297,-0.8,61,615.3,57156.191666666666
0,297,-0.78,69,615.3,57156.19236111111
0,297,-0.81,70,615.3,57156.19305555556
0,297,-0.87,69,615.3,57156.19375
0,297,-0.94,67,615.3,57156.194444444445
0,297,-1.02,67,615.3,57156.19513888889
1,298,-1.09,68,615.3,57156.19583333333
0,298,-1.17,69,615.3,57156.19652777778
0,298,-1.25,68,615.3,57156.197222222225
0,340,-1.29,68,615.3,57156.197916666664
0,340,-1.31,71,615.3,57156.19861111111
0,2,-1.35,72,615.3,57156.19930555556
0,2,-1.37,75,615.3,57156.2
0,2,-1.4,76,615.3,57156.200694444444
0,2,-1.44,75,615.3,57156.20138888889
0,2,-1.46,77,615.3,57156.20208333333
0,2,-1.49,78,615.4,57156.20277777778
0,2,-1.52,78,615.4,57156.20347222222
1,2,-1.52,80,615.4,57156.20416666667
1,2,-1.52,81,615.4,57156.20486111111
1,2,-1.52,81,615.4,57156.205555555556
1,2,-1.52,81,615.4,57156.20625
1,2,-1.52,82,615.4,57156.20694444444
0,2,-1.52,83,615.4,57156.20763888889
0,2,-1.51,83,615.4,57156.208333333336
1,2,-1.52,83,615.4,57156.209027777775
1,2,-1.52,84,615.4,57156.20972222222
2,2,-1.52,84,615.4,57156.21041666667
4,2,-1.53,84,615.4,57156.21111111111
3,2,-1.55,83,615.4,57156.211805555555
1,2,-1.57,83,615.4,57156.2125
0,3,-1.58,83,615.4,57156.21319444444
2,3,-1.58,84,615.5,57156.21388888889
3,3,-1.58,84,615.5,57156.214583333334
2,3,-1.6,84,615.5,57156.21527777778
1,3,-1.62,84,615.5,57156.21597222222
1,3,-1.62,84,615.5,57156.21666666667
0,3,-1.61,86,615.5,57156.217361111114
0,3,-1.61,86,615.5,57156.21805555555
0,3,-1.61,87,615.5,57156.21875
0,3,-1.61,87,615.6,57156.21944444445
0,3,-1.61,87,615.6,57156.220138888886
0,3,-1.63,86,615.6,57156.22083333333
0,3,-1.64,86,615.6,57156.22152777778
0,3,-1.66,86,615.6,57156.22222222222
0,3,-1.7,83,615.6,57156.222916666666
0,3,-1.73,81,615.6,57156.22361111111
0,3,-1.74,80,615.6,57156.22430555556
0,326,-1.77,77,615.6,57156.225
0,182,-1.79,76,615.6,57156.225694444445
0,183,-1.78,77,615.6,57156.22638888889
0,183,-1.79,75,615.6,57156.22708333333
0,183,-1.8,71,615.6,57156.22777777778
0,183,-1.8,69,615.6,57156.228472222225
1,144,-1.82,63,615.6,57156.229166666664
3,141,-1.81,62,615.6,57156.22986111111
8,120,-1.78,68,615.6,57156.23055555556
4,70,-1.8,61,615.6,57156.23125
2,95,-1.83,58,615.6,57156.231944444444
0,95,-1.84,55,615.6,57156.23263888889
6,97,-1.8,62,615.6,57156.23333333333
8,85,-1.76,71,615.6,57156.23402777778
3,85,-1.77,77,615.6,57156.23472222222
0,85,-1.83,77,615.7,57156.23541666667
0,69,-1.93,71,615.7,57156.23611111111
0,69,-1.98,72,615.6,57156.236805555556
0,69,-2.05,65,615.7,57156.2375
0,72,-2.09,63,615.7,57156.23819444444
0,72,-2.08,70,615.7,57156.23888888889
0,72,-2.06,77,615.7,57156.239583333336
0,72,-2.08,80,615.7,57156.240277777775
0,72,-2.17,76,615.7,57156.24097222222
0,72,-2.3,61,615.7,57156.24166666667
0,72,-2.3,61,615.7,57156.24236111111
0,72,-2.28,61,615.7,57156.243055555555
0,72,-2.26,58,615.7,57156.24375
0,72,-2.2,61,615.7,57156.24444444444
0,72,-2.12,66,615.8,57156.24513888889
0,72,-2.05,68,615.7,57156.245833333334
0,72,-1.98,67,615.7,57156.24652777778
0,72,-1.94,61,615.7,57156.24722222222
0,72,-1.91,61,615.8,57156.24791666667
0,72,-1.88,63,615.8,57156.248611111114
0,70,-1.87,66,615.8,57156.24930555555
0,353,-1.86,69,615.8,57156.25
0,353,-1.88,63,615.8,57156.25069444445
0,353,-1.88,61,615.8,57156.251388888886
0,353,-1.88,61,615.8,57156.25208333333
0,353,-1.88,60,615.8,57156.25277777778
0,353,-1.88,61,615.8,57156.25347222222
0,353,-1.83,71,615.8,57156.254166666666
0,353,-1.78,76,615.9,57156.25486111111
0,353,-1.78,74,615.9,57156.25555555556
0,353,-1.83,65,615.9,57156.25625
0,353,-1.85,62,615.9,57156.256944444445
0,353,-1.88,63,615.9,57156.25763888889
0,353,-1.91,64,615.9,57156.25833333333
0,0,-1.91,69,615.9,57156.25902777778
1,0,-1.91,72,615.9,57156.259722222225
0,0,-1.91,71,615.9,57156.260416666664
0,0,-1.92,65,615.9,57156.26111111111
1,0,-1.93,63,615.9,57156.26180555556
1,0,-1.9,68,615.9,57156.2625
2,3,-1.87,73,615.9,57156.263194444444
1,0,-1.85,74,615.9,57156.26388888889
0,0,-1.85,71,615.9,57156.26458333333
0,0,-1.85,67,615.9,57156.26527777778
0,0,-1.85,68,615.9,57156.26597222222
0,0,-1.85,68,615.9,57156.26666666667
0,3,-1.85,69,615.9,57156.26736111111
0,3,-1.85,74,615.9,57156.268055555556
0,26,-1.83,77,615.9,57156.26875
0,33,-1.83,78,615.9,57156.26944444444
0,32,-1.84,77,615.9,57156.27013888889
1,37,-1.83,78,615.9,57156.270833333336
0,35,-1.82,79,615.9,57156.271527777775
0,34,-1.83,77,615.9,57156.27222222222
0,31,-1.85,75,615.9,57156.27291666667
0,29,-1.86,74,615.9,57156.27361111111
0,29,-1.88,73,615.9,57156.274305555555
0,29,-1.91,71,615.9,57156.275
0,28,-1.95,68,615.9,57156.27569444444
0,24,-1.97,69,615.9,57156.27638888889
0,24,-1.98,69,615.9,57156.277083333334
0,23,-2.0,68,615.9,57156.27777777778
1,23,-2.03,67,615.9,57156.27847222222
1,21,-2.04,70,616.0,57156.27916666667
1,19,-2.04,70,616.0,57156.279861111114
2,17,-2.06,70,616.0,57156.28055555555
3,17,-2.07,70,616.0,57156.28125
3,17,-2.08,71,616.0,57156.28194444445
2,17,-2.09,71,616.0,57156.282638888886
1,17,-2.1,71,616.0,57156.28333333333
1,351,-2.11,71,616.0,57156.28402777778
1,351,-2.12,71,616.0,57156.28472222222
1,351,-2.13,70,616.0,57156.285416666666
1,351,-2.13,70,616.0,57156.28611111111
3,347,-2.13,71,616.0,57156.28680555556
5,336,-2.12,71,616.0,57156.2875
5,334,-2.11,72,616.0,57156.288194444445
4,333,-2.1,72,616.0,57156.28888888889
5,333,-2.1,72,616.0,57156.28958333333
5,331,-2.08,73,616.0,57156.29027777778
5,330,-2.07,74,616.0,57156.290972222225
4,328,-2.06,76,616.0,57156.291666666664
2,328,-2.04,76,616.1,57156.29236111111
1,328,-2.03,76,616.0,57156.29305555556
0,328,-2.03,76,616.0,57156.29375
0,328,-2.03,76,616.0,57156.294444444444
1,328,-2.03,76,616.0,57156.29513888889
2,338,-2.01,77,616.0,57156.29583333333
3,0,-2.01,78,616.0,57156.29652777778
4,2,-2.0,80,616.0,57156.29722222222
3,2,-2.01,80,616.0,57156.29791666667
2,2,-2.02,80,616.0,57156.29861111111
2,2,-2.03,80,616.0,57156.299305555556
1,2,-2.05,79,616.0,57156.3
2,2,-2.07,78,616.0,57156.30069444444
1,2,-2.08,79,616.0,57156.30138888889
1,2,-2.1,78,616.0,57156.302083333336
0,3,-2.12,79,616.0,57156.302777777775
0,3,-2.13,79,616.0,57156.30347222222
0,8,-2.14,80,616.0,57156.30416666667
0,8,-2.16,79,616.0,57156.30486111111
0,0,-2.19,77,616.0,57156.305555555555
0,0,-2.21,75,616.0,57156.30625
0,0,-2.22,75,616.0,57156.30694444444
0,0,-2.24,73,616.0,57156.30763888889
0,0,-2.25,72,616.0,57156.308333333334
0,1,-2.26,72,616.1,57156.30902777778
0,1,-2.27,72,616.1,57156.30972222222
0,2,-2.3,69,616.1,57156.31041666667
0,2,-2.31,69,616.1,57156.311111111114
0,2,-2.31,70,616.1,57156.31180555555
0,0,-2.3,71,616.1,57156.3125
0,0,-2.28,73,616.1,57156.31319444445
0,0,-2.28,74,616.1,57156.313888888886
0,0,-2.28,73,616.1,57156.31458333333
0,0,-2.28,73,616.1,57156.31527777778
0,3,-2.28,73,616.1,57156.31597222222
0,3,-2.28,73,616.1,57156.316666666666
0,3,-2.28,75,616.1,57156.31736111111
1,0,-2.28,78,616.1,57156.31805555556
2,347,-2.27,78,616.1,57156.31875
4,340,-2.28,77,616.1,57156.319444444445
3,340,-2.25,79,616.1,57156.32013888889
3,340,-2.22,80,616.1,57156.32083333333
2,340,-2.19,81,616.2,57156.32152777778
0,340,-2.16,82,616.2,57156.322222222225
0,340,-2.13,82,616.2,57156.322916666664
1,340,-2.11,82,616.1,57156.32361111111
0,340,-2.1,82,616.1,57156.32430555556
1,340,-2.08,82,616.1,57156.325
2,340,-2.07,82,616.1,57156.325694444444
3,340,-2.07,81,616.1,57156.32638888889
3,340,-2.07,81,616.1,57156.32708333333
4,339,-2.09,81,616.1,57156.32777777778
4,339,-2.1,81,616.1,57156.32847222222
3,338,-2.11,82,616.1,57156.32916666667
3,339,-2.12,82,616.1,57156.32986111111
1,339,-2.13,83,616.1,57156.330555555556
0,339,-2.14,83,616.1,57156.33125
0,339,-2.17,83,616.1,57156.33194444444
0,339,-2.19,82,616.2,57156.33263888889
0,339,-2.21,82,616.2,57156.333333333336
0,340,-2.22,83,616.2,57156.334027777775
0,340,-2.22,83,616.2,57156.33472222222
0,340,-2.22,83,616.1,57156.33541666667
0,340,-2.22,83,616.1,57156.33611111111
0,340,-2.22,83,616.1,57156.336805555555
0,340,-2.22,83,616.1,57156.3375
0,340,-2.22,83,616.1,57156.33819444444
0,340,-2.22,83,616.1,57156.33888888889
0,341,-2.21,83,616.1,57156.339583333334
0,341,-2.21,83,616.1,57156.34027777778
0,341,-2.22,82,616.1,57156.34097222222
0,341,-2.22,82,616.1,57156.34166666667
0,341,-2.22,82,616.1,57156.342361111114
0,341,-2.22,82,616.1,57156.34305555555
0,341,-2.22,82,616.2,57156.34375
0,342,-2.21,83,616.2,57156.34444444445
0,342,-2.19,83,616.2,57156.345138888886
0,342,-2.19,83,616.2,57156.34583333333
0,342,-2.19,83,616.2,57156.34652777778
0,342,-2.19,83,616.2,57156.34722222222
0,342,-2.19,83,616.2,57156.347916666666
0,342,-2.21,82,616.2,57156.34861111111
0,342,-2.23,80,616.1,57156.34930555556
0,342,-2.25,79,616.1,57156.35
0,342,-2.25,79,616.1,57156.350694444445
0,342,-2.25,80,616.1,57156.35138888889
0,342,-2.25,80,616.1,57156.35208333333
0,342,-2.25,81,616.1,57156.35277777778
0,342,-2.24,82,616.1,57156.353472222225
0,342,-2.25,82,616.1,57156.354166666664
0,342,-2.25,82,616.2,57156.35486111111
0,342,-2.25,82,616.2,57156.35555555556
0,342,-2.27,81,616.2,57156.35625
0,342,-2.27,81,616.2,57156.356944444444
0,342,-2.27,81,616.1,57156.35763888889
0,342,-2.26,82,616.1,57156.35833333333
0,342,-2.25,83,616.1,57156.35902777778
0,342,-2.25,83,616.1,57156.35972222222
0,342,-2.25,83,616.1,57156.36041666667
0,342,-2.28,82,616.1,57156.36111111111
1,342,-2.29,81,616.1,57156.361805555556
1,342,-2.31,81,616.1,57156.3625
1,342,-2.31,81,616.1,57156.36319444444
0,342,-2.32,82,616.0,57156.36388888889
0,342,-2.32,82,616.0,57156.364583333336
0,342,-2.32,83,616.0,57156.365277777775
0,342,-2.31,83,616.0,57156.36597222222
0,342,-2.31,83,616.0,57156.36666666667
0,343,-2.32,83,616.0,57156.36736111111
0,343,-2.32,83,616.0,57156.368055555555
0,343,-2.32,83,616.0,57156.36875
0,343,-2.34,83,616.1,57156.36944444444
0,343,-2.34,83,616.1,57156.37013888889
0,343,-2.36,83,616.1,57156.370833333334
0,343,-2.38,83,616.0,57156.37152777778
0,343,-2.4,83,616.0,57156.37222222222
0,343,-2.42,83,616.0,57156.37291666667
0,343,-2.44,83,616.0,57156.373611111114
0,343,-2.46,83,616.0,57156.37430555555
0,337,-2.49,82,616.0,57156.375
0,337,-2.49,82,616.0,57156.37569444445
0,343,-2.49,82,616.0,57156.376388888886
0,344,-2.49,83,616.0,57156.37708333333
0,344,-2.5,83,616.0,57156.37777777778
0,344,-2.52,82,616.0,57156.37847222222
0,345,-2.53,81,616.0,57156.379166666666
0,21,-2.55,80,616.0,57156.37986111111
1,23,-2.57,79,616.0,57156.38055555556
1,29,-2.58,80,616.0,57156.38125
0,32,-2.58,81,616.0,57156.381944444445
0,37,-2.6,80,616.0,57156.38263888889
0,29,-2.61,81,616.0,57156.38333333333
1,35,-2.62,81,616.0,57156.38402777778
1,29,-2.64,80,616.0,57156.384722222225
1,30,-2.64,80,616.0,57156.385416666664
1,30,-2.64,81,616.0,57156.38611111111
0,31,-2.65,80,616.0,57156.38680555556
0,42,-2.68,78,615.9,57156.3875
1,60,-2.68,78,615.9,57156.388194444444
0,61,-2.69,76,615.9,57156.38888888889
0,6,-2.7,72,615.9,57156.38958333333
0,71,-2.72,66,615.9,57156.39027777778
0,73,-2.7,68,615.9,57156.39097222222
0,40,-2.66,71,615.8,57156.39166666667
0,46,-2.63,74,615.8,57156.39236111111
0,59,-2.61,75,615.8,57156.393055555556
0,62,-2.58,77,615.8,57156.39375
0,59,-2.58,77,615.8,57156.39444444444
0,29,-2.59,74,615.8,57156.39513888889
0,24,-2.61,70,615.8,57156.395833333336
0,19,-2.61,68,615.8,57156.396527777775
0,48,-2.6,67,615.8,57156.39722222222
0,33,-2.58,69,615.8,57156.39791666667
0,27,-2.55,73,615.8,57156.39861111111
0,27,-2.55,73,615.8,57156.399305555555
0,28,-2.54,74,615.8,57156.4
0,27,-2.52,76,615.8,57156.40069444444
0,49,-2.53,74,615.8,57156.40138888889
0,54,-2.58,66,615.8,57156.402083333334
0,55,-2.61,61,615.8,57156.40277777778
0,55,-2.61,62,615.8,57156.40347222222
0,55,-2.59,65,615.7,57156.40416666667
0,55,-2.57,67,615.7,57156.404861111114
0,55,-2.57,69,615.7,57156.40555555555
0,55,-2.57,71,615.7,57156.40625
1,56,-2.6,69,615.7,57156.40694444445
1,57,-2.62,69,615.7,57156.407638888886
3,61,-2.65,67,615.7,57156.40833333333
4,62,-2.7,66,615.7,57156.40902777778
5,62,-2.71,73,615.7,57156.40972222222
4,62,-2.72,77,615.7,57156.410416666666
2,62,-2.74,79,615.7,57156.41111111111
0,62,-2.77,80,615.7,57156.41180555556
0,62,-2.81,79,615.7,57156.4125
0,62,-2.83,79,615.7,57156.413194444445
0,48,-2.84,78,615.7,57156.41388888889
0,50,-2.87,73,615.7,57156.41458333333
0,51,-2.89,68,615.7,57156.41527777778
0,42,-2.86,70,615.7,57156.415972222225
