wind_speed,wind_direction,temperature,relative_humidity,pressure,mjd
27.83,55,1.39,99,617.2,54670.419444444444
22.61,72,1.63,99,617.4,54670.42291666667
25.22,109,1.39,99,617.3,54670.42638888889
20.0,151,1.19,99,617.5,54670.42986111111
20.87,124,1.02,98,617.4,54670.433333333334
22.61,94,1.39,99,617.4,54670.43680555555
20.0,35,1.55,99,617.5,54670.44027777778
14.78,141,1.44,99,617.5,54670.44375
11.3,143,1.39,98,617.3,54670.447222222225
16.52,94,1.8,99,617.2,54670.450694444444
14.78,77,1.92,99,617.2,54670.45416666667
23.48,92,1.75,99,616.8,54670.45763888889
27.83,115,1.14,98,616.7,54670.46111111111
25.22,113,0.77,98,616.6,54670.464583333334
20.87,134,1.07,98,616.7,54670.46805555555
22.61,146,0.9,98,616.6,54670.47152777778
26.09,94,0.46,98,616.6,54670.475
26.09,71,0.41,98,616.3,54670.478472222225
22.61,117,0.41,98,616.4,54670.481944444444
23.48,88,0.21,98,616.5,54670.48541666667
20.0,109,0.28,99,616.4,54670.48888888889
20.87,122,0.16,98,616.4,54670.49236111111
17.39,146,0.33,99,616.4,54670.495833333334
20.0,114,0.46,99,616.4,54670.49930555555
20.87,124,0.46,99,616.3,54670.50277777778
24.35,108,0.65,99,616.2,54670.50625
26.09,148,0.7,99,616.2,54670.509722222225
20.87,124,0.58,99,616.1,54670.513194444444
20.0,72,0.82,99,616.1,54670.51666666667
19.13,154,0.7,99,616.1,54670.52013888889
20.87,107,0.41,98,616.1,54670.52361111111
17.39,70,0.58,99,616.0,54670.527083333334
19.13,111,0.53,99,616.1,54670.53055555555
20.0,110,0.53,99,616.0,54670.53402777778
14.78,120,0.09,98,616.1,54670.5375
15.65,116,0.28,98,616.1,54670.540972222225
15.65,147,-0.04,98,616.1,54670.544444444444
15.65,112,-0.52,96,615.9,54670.54791666667
15.65,118,-0.52,96,616.0,54670.55138888889
17.39,142,-0.52,97,615.9,54670.55486111111
18.26,126,-0.57,95,615.9,54670.558333333334
20.0,73,-0.21,98,615.9,54670.56180555555
20.0,119,0.28,99,616.1,54670.56527777778
17.39,92,0.65,99,616.2,54670.56875
13.04,89,0.9,99,616.2,54670.572222222225
15.65,118,1.19,99,616.1,54670.575694444444
12.17,133,1.14,99,616.1,54670.57916666667
14.78,111,1.14,99,616.1,54670.58263888889
13.91,46,1.63,99,616.1,54670.58611111111
22.61,95,1.51,99,615.9,54670.589583333334
23.48,112,1.02,98,615.9,54670.59305555555
23.48,61,1.07,98,616.0,54670.59652777778
18.26,44,0.95,98,616.0,54670.6
14.78,138,1.19,98,616.1,54670.603472222225
15.65,99,1.44,99,616.1,54670.606944444444
24.35,118,1.26,99,616.0,54670.61041666667
25.22,98,0.77,98,615.9,54670.61388888889
21.74,122,0.29,97,616.0,54670.61736111111
24.35,100,0.16,98,616.1,54670.620833333334
19.13,89,0.09,98,616.2,54670.62430555555
20.87,105,-0.08,98,616.3,54670.62777777778
19.13,81,-0.34,97,616.2,54670.63125
15.65,85,-0.57,97,616.4,54670.634722222225
13.91,93,-0.69,97,616.4,54670.638194444444
20.0,82,-0.27,99,616.4,54670.64166666667
16.52,119,-0.69,97,616.4,54670.64513888889
13.91,122,-0.76,97,616.5,54670.64861111111
15.65,123,-0.64,98,616.5,54670.652083333334
18.26,116,-0.45,99,616.5,54670.65555555555
18.26,82,-0.45,98,616.6,54670.65902777778
20.87,75,-0.06,99,616.6,54670.6625
14.78,124,-0.57,96,616.8,54670.665972222225
15.65,112,-0.28,98,616.8,54670.669444444444
14.78,110,0.09,99,616.9,54670.67291666667
19.13,99,0.33,99,616.9,54670.67638888889
18.26,100,0.29,99,616.8,54670.67986111111
17.39,43,0.09,99,616.9,54670.683333333334
13.04,141,-0.4,96,617.0,54670.68680555555
18.26,80,-0.64,95,616.9,54670.69027777778
17.39,119,0.09,98,617.0,54670.69375
16.52,75,0.65,99,616.9,54670.697222222225
20.87,103,0.58,99,617.0,54670.700694444444
13.91,107,0.53,99,617.3,54670.70416666667
16.52,79,0.65,99,617.2,54670.70763888889
16.52,117,0.41,98,617.1,54670.71111111111
17.39,99,0.9,99,617.1,54670.714583333334
20.87,116,1.14,99,617.2,54670.71805555555
19.13,94,0.43,98,617.3,54670.72152777778
14.78,139,0.21,98,617.3,54670.725
16.52,127,0.16,98,617.5,54670.728472222225
13.04,82,0.29,98,617.5,54670.731944444444
13.91,117,0.46,99,617.6,54670.73541666667
13.91,128,0.04,97,617.5,54670.73888888889
18.26,80,0.04,96,617.5,54670.74236111111
13.91,114,1.55,99,617.6,54670.745833333334
14.78,104,2.12,99,617.5,54670.74930555555
20.87,95,2.04,99,617.4,54670.75277777778
19.13,93,1.92,99,617.4,54670.75625
22.61,116,1.19,98,617.3,54670.759722222225
21.74,95,0.82,98,617.4,54670.763194444444
26.09,80,0.95,98,617.5,54670.76666666667
16.52,110,0.82,98,617.5,54670.77013888889
19.13,105,0.9,98,617.5,54670.77361111111
25.22,93,1.53,99,617.4,54670.777083333334
20.0,108,1.92,99,617.4,54670.78055555555
19.13,100,2.24,99,617.5,54670.78402777778
20.0,113,2.36,99,617.6,54670.7875
20.0,100,2.49,99,617.6,54670.790972222225
32.17,96,2.29,99,617.5,54670.794444444444
18.26,106,0.9,95,617.7,54670.79791666667
17.39,93,0.7,97,617.8,54670.80138888889
15.65,121,0.04,94,617.9,54670.80486111111
13.91,81,0.21,98,617.9,54670.808333333334
17.39,80,0.41,98,617.9,54670.81180555555
13.04,106,0.65,98,618.1,54670.81527777778
13.91,107,0.58,96,618.0,54670.81875
13.04,58,0.53,92,618.0,54670.822222222225
13.04,98,0.53,85,618.0,54670.825694444444
14.78,127,0.77,97,618.0,54670.82916666667
14.78,70,1.14,98,617.9,54670.83263888889
14.78,127,1.51,98,618.0,54670.83611111111
21.74,93,1.44,97,618.0,54670.839583333334
19.13,111,1.14,95,618.0,54670.84305555555
15.65,118,1.07,97,618.0,54670.84652777778
20.87,97,1.39,98,617.8,54670.85
16.52,107,0.82,94,617.8,54670.853472222225
17.39,92,0.7,94,617.9,54670.856944444444
13.91,105,1.07,97,617.9,54670.86041666667
20.0,112,1.39,98,617.9,54670.86388888889
15.65,123,1.26,95,617.9,54670.86736111111
16.52,98,1.14,88,617.9,54670.870833333334
16.52,114,1.39,92,617.9,54670.87430555555
16.52,101,1.26,89,618.0,54670.87777777778
13.91,115,1.19,77,618.1,54670.88125
13.04,107,1.07,69,618.1,54670.884722222225
14.78,100,1.02,61,618.1,54670.888194444444
10.43,101,1.02,37,618.1,54670.89166666667
11.3,77,1.14,55,618.2,54670.89513888889
11.3,84,1.44,76,618.1,54670.89861111111
12.17,80,1.63,94,618.1,54670.902083333334
13.04,109,1.63,96,618.1,54670.90555555555
16.52,109,1.75,97,618.0,54670.90902777778
20.87,100,1.31,77,617.9,54670.9125
13.91,95,1.39,89,618.0,54670.915972222225
12.17,83,1.51,78,617.9,54670.919444444444
15.65,96,1.75,93,617.9,54670.92291666667
19.13,82,1.75,84,617.8,54670.92638888889
14.78,97,1.75,87,617.8,54670.92986111111
19.13,86,1.87,63,617.7,54670.933333333334
12.17,107,1.92,76,617.8,54670.93680555555
15.65,100,1.92,78,617.7,54670.94027777778
15.65,92,1.75,68,617.8,54670.94375
13.04,103,1.8,64,617.8,54670.947222222225
15.65,76,2.17,67,617.6,54670.950694444444
13.91,87,2.36,75,617.7,54670.95416666667
16.52,49,2.29,69,617.7,54670.95763888889
17.39,112,2.12,60,617.7,54670.96111111111
18.26,101,2.17,47,617.6,54670.964583333334
15.65,104,2.29,45,617.6,54670.96805555555
15.65,99,2.49,40,617.6,54670.97152777778
13.04,107,2.4,55,617.7,54670.975
17.39,95,2.53,51,617.5,54670.978472222225
17.39,102,2.66,43,617.5,54670.981944444444
19.13,102,2.61,47,617.5,54670.98541666667
17.39,89,2.49,43,617.5,54670.98888888889
16.52,91,2.53,46,617.5,54670.99236111111
12.17,89,2.53,41,617.5,54670.995833333334
16.52,93,2.61,37,617.5,54670.99930555555
16.52,84,2.41,47,617.5,54671.00277777778
17.39,89,2.43,44,617.4,54671.00625
21.74,98,2.37,39,617.4,54671.009722222225
20.87,97,2.53,36,617.4,54671.013194444444
21.74,74,2.66,37,617.3,54671.01666666667
22.61,122,2.61,35,617.4,54671.02013888889
14.78,88,2.53,36,617.4,54671.02361111111
16.52,118,2.66,43,617.5,54671.027083333334
19.13,95,2.73,41,617.5,54671.03055555555
20.0,121,2.66,39,617.4,54671.03402777778
21.74,101,2.78,32,617.3,54671.0375
19.13,101,2.66,34,617.4,54671.040972222225
15.65,93,2.66,33,617.4,54671.044444444444
16.52,152,2.73,44,617.5,54671.04791666667
20.87,99,2.73,35,617.5,54671.05138888889
21.74,93,2.66,32,617.5,54671.05486111111
23.48,80,2.6,36,617.5,54671.058333333334
14.78,95,2.53,40,617.6,54671.06180555555
21.74,94,2.49,34,617.5,54671.06527777778
13.91,114,2.29,44,617.6,54671.06875
15.65,96,2.17,42,617.5,54671.072222222225
16.52,102,2.36,39,617.4,54671.075694444444
18.26,101,2.29,38,617.3,54671.07916666667
20.0,102,2.12,34,617.2,54671.08263888889
18.26,118,2.24,42,617.2,54671.08611111111
21.74,75,2.24,40,617.1,54671.089583333334
20.0,98,2.2,35,617.1,54671.09305555555
21.74,105,2.04,40,617.2,54671.09652777778
20.87,105,2.05,36,617.2,54671.1
20.87,105,1.92,39,617.2,54671.103472222225
20.87,85,1.8,36,617.3,54671.106944444444
17.39,83,1.8,35,617.3,54671.11041666667
18.26,93,1.75,36,617.4,54671.11388888889
22.61,109,1.68,36,617.2,54671.11736111111
20.0,109,1.68,35,617.2,54671.120833333334
24.35,90,1.63,35,617.3,54671.12430555555
22.61,93,1.55,38,617.3,54671.12777777778
22.61,99,1.51,34,617.3,54671.13125
19.13,102,1.44,40,617.2,54671.134722222225
18.26,99,1.39,38,617.3,54671.138194444444
18.26,100,1.26,39,617.4,54671.14166666667
20.0,101,1.14,41,617.3,54671.14513888889
21.74,93,1.07,40,617.2,54671.14861111111
20.0,107,1.07,40,617.1,54671.152083333334
20.87,108,0.96,41,617.2,54671.15555555555
16.52,86,0.95,40,617.1,54671.15902777778
22.61,96,0.82,39,617.1,54671.1625
20.0,98,0.77,40,617.1,54671.165972222225
19.13,121,0.7,40,617.2,54671.169444444444
20.0,89,0.65,38,617.2,54671.17291666667
16.52,92,0.58,40,617.4,54671.17638888889
19.13,100,0.53,40,617.4,54671.17986111111
16.52,101,0.41,38,617.4,54671.183333333334
19.13,94,0.33,39,617.3,54671.18680555555
18.26,103,0.29,39,617.4,54671.19027777778
20.0,108,0.16,40,617.4,54671.19375
20.0,98,0.16,39,617.4,54671.197222222225
21.74,82,0.16,40,617.6,54671.200694444444
20.87,97,0.09,39,617.6,54671.20416666667
22.61,96,0.09,39,617.5,54671.20763888889
20.87,103,0.09,40,617.6,54671.21111111111
17.39,96,0.04,40,617.6,54671.214583333334
19.13,94,-0.04,39,617.5,54671.21805555555
20.87,72,-0.08,40,617.4,54671.22152777778
19.13,75,-0.08,40,617.5,54671.225
19.13,100,-0.04,40,617.5,54671.228472222225
19.13,83,-0.08,39,617.5,54671.231944444444
20.87,91,-0.08,38,617.5,54671.23541666667
17.39,103,-0.04,38,617.5,54671.23888888889
18.26,101,-0.04,37,617.6,54671.24236111111
16.52,84,-0.03,38,617.6,54671.245833333334
18.26,104,-0.08,39,617.6,54671.24930555555
18.26,97,-0.16,39,617.7,54671.25277777778
17.39,95,-0.16,39,617.6,54671.25625
17.39,98,-0.21,39,617.6,54671.259722222225
16.52,91,-0.21,39,617.6,54671.263194444444
20.0,75,-0.28,38,617.5,54671.26666666667
19.13,74,-0.21,38,617.7,54671.27013888889
15.65,93,-0.28,38,617.7,54671.27361111111
16.52,97,-0.28,37,617.6,54671.277083333334
14.78,80,-0.28,37,617.7,54671.28055555555
16.52,98,-0.28,39,617.7,54671.28402777778
13.91,106,-0.27,40,617.6,54671.2875
19.13,70,-0.21,41,617.6,54671.290972222225
17.39,107,-0.21,40,617.6,54671.294444444444
18.26,103,-0.21,41,617.5,54671.29791666667
16.52,98,-0.21,41,617.7,54671.30138888889
15.65,97,-0.21,40,617.7,54671.30486111111
19.13,100,-0.21,40,617.6,54671.308333333334
19.13,99,-0.28,40,617.8,54671.31180555555
17.39,100,-0.28,40,617.7,54671.31527777778
16.52,97,-0.28,39,617.7,54671.31875
16.52,74,-0.21,39,617.8,54671.322222222225
16.52,80,-0.28,39,617.9,54671.325694444444
18.26,98,-0.28,39,617.7,54671.32916666667
17.39,98,-0.28,39,617.7,54671.33263888889
19.13,79,-0.21,38,617.7,54671.33611111111
18.26,95,-0.21,38,617.7,54671.339583333334
17.39,99,-0.17,38,617.7,54671.34305555555
19.13,56,-0.16,38,617.7,54671.34652777778
19.13,104,-0.21,39,617.6,54671.35
18.26,94,-0.32,40,617.6,54671.353472222225
17.39,103,-0.32,41,617.6,54671.356944444444
16.52,109,-0.32,39,617.5,54671.36041666667
19.13,105,-0.4,41,617.5,54671.36388888889
16.52,100,-0.4,40,617.6,54671.36736111111
16.52,89,-0.45,40,617.6,54671.370833333334
21.74,106,-0.45,40,617.5,54671.37430555555
17.39,107,-0.45,40,617.5,54671.37777777778
23.48,84,-0.52,40,617.3,54671.38125
17.39,109,-0.45,39,617.4,54671.384722222225
18.26,102,-0.45,39,617.3,54671.388194444444
21.74,102,-0.45,39,617.3,54671.39166666667
19.13,96,-0.43,40,617.2,54671.39513888889
18.26,105,-0.45,40,617.3,54671.39861111111
20.0,100,-0.45,39,617.3,54671.402083333334
15.65,107,-0.45,40,617.4,54671.40555555555
16.52,108,-0.45,39,617.4,54671.40902777778
13.04,108,-0.52,39,617.3,54671.4125
15.65,100,-0.57,39,617.1,54671.415972222225
