wind_speed,wind_direction,temperature,relative_humidity,pressure,mjd
13,47.0,4.94,12,620.0,55382.416666666664
13,43.0,4.88,12,620.0,55382.41736111111
13,51.0,4.83,13,620.0,55382.41805555556
14,29.0,4.79,13,620.0,55382.41875
14,37.0,4.77,13,620.0,55382.419444444444
13,29.0,4.77,13,620.0,55382.42013888889
14,33.0,4.8,13,620.0,55382.42083333333
14,55.0,4.84,13,620.0,55382.42152777778
14,53.0,4.88,13,619.9,55382.42222222222
15,36.0,4.91,13,619.9,55382.42291666667
14,31.0,4.95,13,619.9,55382.42361111111
14,34.0,4.98,13,619.9,55382.424305555556
14,69.0,5.01,13,619.9,55382.425
13,51.0,5.03,13,619.9,55382.42569444444
14,56.0,5.04,13,619.9,55382.42638888889
14,18.0,5.04,13,619.8,55382.427083333336
14,47.0,5.02,13,619.8,55382.427777777775
14,49.0,5.01,13,619.9,55382.42847222222
14,46.0,5.01,13,619.8,55382.42916666667
13,53.0,5.02,13,619.8,55382.42986111111
13,38.0,5.03,13,619.8,55382.430555555555
14,4.0,5.05,13,619.8,55382.43125
14,27.0,5.08,13,619.8,55382.43194444444
13,63.0,5.11,13,619.8,55382.43263888889
14,43.0,5.14,13,619.7,55382.433333333334
13,41.0,5.16,13,619.7,55382.43402777778
14,29.0,5.17,13,619.7,55382.43472222222
13,48.0,5.19,13,619.7,55382.43541666667
14,68.0,5.2,13,619.7,55382.436111111114
13,38.0,5.22,13,619.7,55382.43680555555
14,35.0,5.23,13,619.7,55382.4375
13,30.0,5.24,13,619.7,55382.43819444445
13,53.0,5.25,12,619.6,55382.438888888886
13,49.0,5.26,12,619.6,55382.43958333333
14,59.0,5.26,12,619.6,55382.44027777778
14,36.0,5.26,12,619.6,55382.44097222222
14,343.0,5.26,12,619.6,55382.441666666666
13,53.0,5.26,12,619.6,55382.44236111111
13,54.0,5.24,12,619.5,55382.44305555556
13,43.0,5.23,12,619.5,55382.44375
13,19.0,5.21,12,619.5,55382.444444444445
13,56.0,5.17,12,619.5,55382.44513888889
14,47.0,5.14,13,619.5,55382.44583333333
14,41.0,5.11,13,619.5,55382.44652777778
15,43.0,5.1,13,619.5,55382.447222222225
14,42.0,5.11,13,619.5,55382.447916666664
14,39.0,5.11,13,619.5,55382.44861111111
13,29.0,5.13,13,619.5,55382.44930555556
13,33.0,5.14,12,619.5,55382.45
14,24.0,5.14,12,619.5,55382.450694444444
14,39.0,5.14,12,619.5,55382.45138888889
14,21.0,5.14,12,619.5,55382.45208333333
14,34.0,5.14,13,619.5,55382.45277777778
12,36.0,5.14,13,619.4,55382.45347222222
14,32.0,5.14,12,619.4,55382.45416666667
13,59.0,5.12,12,619.5,55382.45486111111
13,38.0,5.09,12,619.4,55382.455555555556
13,5.0,5.06,12,619.4,55382.45625
14,49.0,5.04,13,619.4,55382.45694444444
14,51.0,5.02,13,619.4,55382.45763888889
14,29.0,5.01,13,619.4,55382.458333333336
13,37.0,5.01,13,619.4,55382.459027777775
14,44.0,5.02,13,619.4,55382.45972222222
14,45.0,5.03,13,619.4,55382.46041666667
14,32.0,5.04,13,619.4,55382.46111111111
14,43.0,5.04,13,619.3,55382.461805555555
13,45.0,5.05,13,619.3,55382.4625
14,27.0,5.06,13,619.3,55382.46319444444
14,76.0,5.07,13,619.3,55382.46388888889
13,30.0,5.07,13,619.3,55382.464583333334
15,35.0,5.07,13,619.3,55382.46527777778
15,85.0,5.07,13,619.3,55382.46597222222
13,38.0,5.06,13,619.2,55382.46666666667
14,32.0,5.06,13,619.2,55382.467361111114
14,66.0,5.07,13,619.2,55382.46805555555
13,45.0,5.07,13,619.2,55382.46875
15,38.0,5.08,13,619.2,55382.46944444445
15,46.0,5.08,13,619.2,55382.470138888886
15,51.0,5.08,13,619.2,55382.47083333333
14,39.0,5.08,13,619.2,55382.47152777778
14,17.0,5.07,13,619.2,55382.47222222222
14,27.0,5.06,12,619.2,55382.472916666666
13,39.0,5.04,13,619.1,55382.47361111111
15,32.0,5.01,12,619.2,55382.47430555556
14,41.0,4.98,12,619.1,55382.475
12,41.0,4.95,12,619.1,55382.475694444445
13,30.0,4.92,12,619.1,55382.47638888889
13,34.0,4.9,12,619.1,55382.47708333333
12,36.0,4.87,12,619.1,55382.47777777778
12,21.0,4.85,12,619.1,55382.478472222225
13,33.0,4.84,12,619.1,55382.479166666664
12,48.0,4.83,13,619.0,55382.47986111111
12,43.0,4.83,13,619.0,55382.48055555556
12,31.0,4.83,13,619.0,55382.48125
12,40.0,4.83,12,619.0,55382.481944444444
12,45.0,4.83,12,619.0,55382.48263888889
12,42.0,4.85,12,619.0,55382.48333333333
12,12.0,4.86,12,619.0,55382.48402777778
12,26.0,4.86,12,619.0,55382.48472222222
13,37.0,4.85,12,619.0,55382.48541666667
13,47.0,4.85,12,619.0,55382.48611111111
13,59.0,4.84,12,618.9,55382.486805555556
12,19.0,4.84,12,618.9,55382.4875
12,33.0,4.82,12,618.9,55382.48819444444
12,29.0,4.8,12,618.9,55382.48888888889
12,17.0,4.76,12,618.9,55382.489583333336
11,39.0,4.72,12,618.9,55382.490277777775
11,56.0,4.68,12,618.9,55382.49097222222
11,42.0,4.66,12,618.9,55382.49166666667
11,42.0,4.63,12,618.9,55382.49236111111
12,81.0,4.61,12,618.9,55382.493055555555
12,16.0,4.58,12,618.8,55382.49375
11,42.0,4.56,12,618.8,55382.49444444444
12,27.0,4.54,12,618.8,55382.49513888889
12,46.0,4.53,12,618.8,55382.495833333334
12,39.0,4.5,12,618.8,55382.49652777778
12,27.0,4.49,12,618.8,55382.49722222222
13,42.0,4.48,12,618.8,55382.49791666667
13,95.0,4.48,12,618.8,55382.498611111114
13,13.0,4.49,12,618.8,55382.49930555555
12,36.0,4.5,13,618.8,55382.5
13,61.0,4.52,12,618.8,55382.50069444445
13,39.0,4.53,12,618.8,55382.501388888886
13,72.0,4.55,13,618.8,55382.50208333333
12,331.0,4.56,13,618.8,55382.50277777778
12,53.0,4.58,13,618.7,55382.50347222222
13,54.0,4.59,13,618.7,55382.504166666666
14,51.0,4.59,13,618.7,55382.50486111111
13,96.0,4.59,13,618.7,55382.50555555556
12,38.0,4.59,13,618.7,55382.50625
14,44.0,4.57,13,618.7,55382.506944444445
13,50.0,4.55,13,618.7,55382.50763888889
13,79.0,4.53,13,618.7,55382.50833333333
13,22.0,4.53,13,618.7,55382.50902777778
13,42.0,4.52,13,618.7,55382.509722222225
12,55.0,4.52,13,618.7,55382.510416666664
14,24.0,4.5,13,618.7,55382.51111111111
14,57.0,4.49,13,618.7,55382.51180555556
13,72.0,4.47,13,618.7,55382.5125
14,25.0,4.47,13,618.7,55382.513194444444
13,31.0,4.48,13,618.7,55382.51388888889
13,40.0,4.49,13,618.7,55382.51458333333
14,45.0,4.48,13,618.7,55382.51527777778
14,50.0,4.49,13,618.7,55382.51597222222
14,47.0,4.49,13,618.7,55382.51666666667
13,55.0,4.5,13,618.7,55382.51736111111
13,32.0,4.48,13,618.7,55382.518055555556
13,60.0,4.46,12,618.7,55382.51875
14,44.0,4.44,12,618.6,55382.51944444444
14,36.0,4.42,12,618.7,55382.52013888889
14,63.0,4.39,12,618.6,55382.520833333336
16,47.0,4.37,13,618.6,55382.521527777775
16,40.0,4.37,13,618.7,55382.52222222222
16,42.0,4.37,13,618.7,55382.52291666667
16,48.0,4.39,13,618.7,55382.52361111111
17,36.0,4.42,13,618.7,55382.524305555555
15,28.0,4.45,12,618.7,55382.525
16,35.0,4.48,12,618.7,55382.52569444444
16,54.0,4.51,12,618.7,55382.52638888889
15,40.0,4.53,12,618.7,55382.527083333334
15,42.0,4.55,12,618.7,55382.52777777778
15,58.0,4.54,12,618.6,55382.52847222222
16,38.0,4.52,12,618.6,55382.52916666667
15,34.0,4.5,12,618.6,55382.529861111114
13,32.0,4.48,12,618.6,55382.53055555555
15,26.0,4.45,12,618.6,55382.53125
16,33.0,4.43,12,618.7,55382.53194444445
16,46.0,4.43,12,618.7,55382.532638888886
15,39.0,4.43,12,618.7,55382.53333333333
15,20.0,4.44,12,618.6,55382.53402777778
15,30.0,4.46,12,618.6,55382.53472222222
15,49.0,4.46,12,618.6,55382.535416666666
16,38.0,4.47,12,618.6,55382.53611111111
15,42.0,4.47,12,618.6,55382.53680555556
16,46.0,4.47,12,618.7,55382.5375
13,28.0,4.48,12,618.7,55382.538194444445
13,51.0,4.48,12,618.6,55382.53888888889
14,40.0,4.46,12,618.6,55382.53958333333
14,42.0,4.43,12,618.6,55382.54027777778
13,34.0,4.4,12,618.6,55382.540972222225
14,33.0,4.36,12,618.6,55382.541666666664
13,40.0,4.32,12,618.6,55382.54236111111
13,62.0,4.27,12,618.6,55382.54305555556
12,22.0,4.21,12,618.6,55382.54375
13,5.0,4.15,12,618.6,55382.544444444444
14,44.0,4.1,12,618.6,55382.54513888889
14,51.0,4.06,12,618.6,55382.54583333333
14,39.0,4.02,12,618.6,55382.54652777778
14,34.0,4.01,12,618.6,55382.54722222222
14,43.0,4.01,13,618.6,55382.54791666667
13,38.0,4.03,13,618.6,55382.54861111111
13,38.0,4.04,13,618.6,55382.549305555556
13,55.0,4.04,12,618.6,55382.55
15,25.0,4.03,12,618.6,55382.55069444444
14,51.0,4.01,13,618.6,55382.55138888889
14,67.0,4.01,12,618.6,55382.552083333336
13,44.0,4.0,12,618.6,55382.552777777775
14,35.0,3.99,13,618.6,55382.55347222222
14,33.0,3.98,13,618.6,55382.55416666667
14,36.0,3.99,13,618.6,55382.55486111111
14,25.0,4.01,13,618.6,55382.555555555555
14,15.0,4.04,14,618.6,55382.55625
14,29.0,4.08,13,618.6,55382.55694444444
14,45.0,4.12,13,618.6,55382.55763888889
14,47.0,4.16,13,618.6,55382.558333333334
14,37.0,4.2,13,618.6,55382.55902777778
15,63.0,4.24,13,618.7,55382.55972222222
14,30.0,4.28,13,618.6,55382.56041666667
13,21.0,4.32,13,618.6,55382.561111111114
13,40.0,4.34,13,618.7,55382.56180555555
13,39.0,4.37,13,618.7,55382.5625
13,42.0,4.39,13,618.6,55382.56319444445
13,27.0,4.39,13,618.7,55382.563888888886
14,52.0,4.39,13,618.7,55382.56458333333
13,61.0,4.38,13,618.7,55382.56527777778
12,40.0,4.37,13,618.7,55382.56597222222
14,47.0,4.36,13,618.7,55382.566666666666
13,42.0,4.36,13,618.7,55382.56736111111
12,45.0,4.37,13,618.7,55382.56805555556
12,39.0,4.37,13,618.7,55382.56875
13,49.0,4.37,13,618.7,55382.569444444445
13,30.0,4.35,13,618.7,55382.57013888889
13,43.0,4.34,13,618.7,55382.57083333333
12,55.0,4.34,13,618.6,55382.57152777778
12,39.0,4.34,13,618.6,55382.572222222225
12,15.0,4.34,13,618.7,55382.572916666664
13,92.0,4.32,13,618.7,55382.57361111111
13,26.0,4.31,13,618.7,55382.57430555556
13,25.0,4.31,13,618.7,55382.575
13,29.0,4.31,13,618.7,55382.575694444444
12,43.0,4.31,13,618.7,55382.57638888889
13,75.0,4.31,13,618.7,55382.57708333333
13,31.0,4.31,13,618.7,55382.57777777778
12,37.0,4.31,13,618.7,55382.57847222222
13,39.0,4.31,13,618.6,55382.57916666667
14,36.0,4.31,13,618.7,55382.57986111111
14,53.0,4.31,13,618.7,55382.580555555556
12,37.0,4.31,13,618.7,55382.58125
14,63.0,4.32,13,618.7,55382.58194444444
14,53.0,4.34,13,618.7,55382.58263888889
14,46.0,4.34,13,618.7,55382.583333333336
13,53.0,4.35,13,618.7,55382.584027777775
13,44.0,4.35,13,618.7,55382.58472222222
14,35.0,4.34,13,618.7,55382.58541666667
13,28.0,4.34,13,618.7,55382.58611111111
13,40.0,4.32,13,618.7,55382.586805555555
13,41.0,4.31,13,618.7,55382.5875
13,30.0,4.3,13,618.7,55382.58819444444
13,26.0,4.29,13,618.7,55382.58888888889
13,60.0,4.29,13,618.7,55382.589583333334
14,54.0,4.31,13,618.7,55382.59027777778
14,50.0,4.32,13,618.7,55382.59097222222
13,56.0,4.35,13,618.7,55382.59166666667
13,80.0,4.38,13,618.7,55382.592361111114
13,72.0,4.4,14,618.7,55382.59305555555
13,29.0,4.42,14,618.7,55382.59375
13,44.0,4.43,14,618.7,55382.59444444445
14,34.0,4.45,14,618.7,55382.595138888886
13,33.0,4.46,13,618.7,55382.59583333333
13,21.0,4.46,14,618.7,55382.59652777778
13,20.0,4.46,14,618.7,55382.59722222222
14,10.0,4.46,14,618.7,55382.597916666666
13,19.0,4.47,14,618.7,55382.59861111111
13,30.0,4.49,13,618.7,55382.59930555556
13,24.0,4.5,13,618.7,55382.6
14,51.0,4.5,13,618.7,55382.600694444445
13,49.0,4.51,13,618.7,55382.60138888889
13,39.0,4.52,13,618.7,55382.60208333333
13,46.0,4.52,13,618.7,55382.60277777778
13,47.0,4.5,13,618.7,55382.603472222225
13,22.0,4.5,13,618.7,55382.604166666664
13,51.0,4.49,13,618.7,55382.60486111111
13,43.0,4.48,13,618.7,55382.60555555556
13,33.0,4.47,14,618.7,55382.60625
13,35.0,4.47,13,618.7,55382.606944444444
13,34.0,4.46,13,618.7,55382.60763888889
13,38.0,4.43,13,618.7,55382.60833333333
13,27.0,4.41,14,618.7,55382.60902777778
12,33.0,4.4,13,618.7,55382.60972222222
13,46.0,4.39,14,618.7,55382.61041666667
14,60.0,4.38,14,618.7,55382.61111111111
13,41.0,4.37,13,618.7,55382.611805555556
13,31.0,4.37,13,618.7,55382.6125
14,4.0,4.35,13,618.7,55382.61319444444
12,53.0,4.35,13,618.7,55382.61388888889
13,50.0,4.35,13,618.7,55382.614583333336
13,343.0,4.34,13,618.7,55382.615277777775
13,42.0,4.35,13,618.7,55382.61597222222
13,38.0,4.37,13,618.7,55382.61666666667
13,10.0,4.37,13,618.7,55382.61736111111
13,36.0,4.39,13,618.7,55382.618055555555
13,46.0,4.41,13,618.7,55382.61875
13,37.0,4.43,13,618.8,55382.61944444444
12,38.0,4.46,13,618.8,55382.62013888889
13,51.0,4.47,13,618.8,55382.620833333334
13,5.0,4.49,13,618.8,55382.62152777778
12,65.0,4.5,13,618.8,55382.62222222222
12,50.0,4.5,13,618.8,55382.62291666667
13,33.0,4.51,13,618.8,55382.623611111114
13,79.0,4.5,13,618.8,55382.62430555555
13,36.0,4.5,13,618.8,55382.625
12,40.0,4.5,13,618.8,55382.62569444445
12,49.0,4.49,13,618.8,55382.626388888886
13,45.0,4.48,13,618.8,55382.62708333333
12,38.0,4.47,13,618.8,55382.62777777778
12,39.0,4.45,13,618.8,55382.62847222222
12,55.0,4.44,13,618.8,55382.629166666666
12,37.0,4.44,13,618.8,55382.62986111111
12,47.0,4.43,13,618.8,55382.63055555556
13,59.0,4.41,13,618.9,55382.63125
12,40.0,4.4,13,618.8,55382.631944444445
13,56.0,4.37,13,618.9,55382.63263888889
13,42.0,4.34,13,618.9,55382.63333333333
13,53.0,4.32,13,618.9,55382.63402777778
12,36.0,4.29,13,618.9,55382.634722222225
12,30.0,4.26,13,618.8,55382.635416666664
13,37.0,4.24,13,618.8,55382.63611111111
12,26.0,4.2,13,618.8,55382.63680555556
12,57.0,4.17,13,618.8,55382.6375
12,44.0,4.16,13,618.9,55382.638194444444
11,41.0,4.16,13,618.9,55382.63888888889
11,55.0,4.18,13,618.9,55382.63958333333
11,42.0,4.2,13,618.9,55382.64027777778
11,31.0,4.22,13,618.8,55382.64097222222
11,30.0,4.22,13,618.8,55382.64166666667
11,56.0,4.22,13,618.8,55382.64236111111
10,46.0,4.23,13,618.8,55382.643055555556
10,16.0,4.22,13,618.8,55382.64375
11,104.0,4.19,13,618.8,55382.64444444444
11,45.0,4.17,13,618.8,55382.64513888889
11,40.0,4.14,13,618.8,55382.645833333336
11,26.0,4.11,13,618.8,55382.646527777775
10,44.0,4.09,13,618.8,55382.64722222222
12,52.0,4.07,13,618.8,55382.64791666667
12,29.0,4.07,13,618.8,55382.64861111111
11,25.0,4.07,13,618.8,55382.649305555555
12,0.0,4.1,13,618.8,55382.65
11,51.0,4.09,13,618.8,55382.65069444444
12,27.0,4.09,13,618.8,55382.65138888889
11,42.0,4.07,13,618.8,55382.652083333334
12,44.0,4.07,13,618.8,55382.65277777778
11,21.0,4.07,13,618.8,55382.65347222222
12,51.0,4.07,13,618.8,55382.65416666667
12,30.0,4.07,13,618.9,55382.654861111114
12,57.0,4.07,13,618.8,55382.65555555555
13,40.0,4.06,13,618.8,55382.65625
12,16.0,4.04,13,618.8,55382.65694444445
13,31.0,4.04,13,618.9,55382.657638888886
11,49.0,4.04,13,618.9,55382.65833333333
11,38.0,4.05,13,618.8,55382.65902777778
11,36.0,4.07,13,618.9,55382.65972222222
12,76.0,4.07,13,618.9,55382.660416666666
12,12.0,4.08,13,618.9,55382.66111111111
11,25.0,4.1,13,618.9,55382.66180555556
12,59.0,4.13,13,618.9,55382.6625
11,42.0,4.15,13,618.9,55382.663194444445
12,43.0,4.18,13,618.9,55382.66388888889
12,87.0,4.2,13,618.9,55382.66458333333
12,46.0,4.23,13,618.9,55382.66527777778
13,27.0,4.25,13,619.0,55382.665972222225
12,49.0,4.28,13,619.0,55382.666666666664
12,32.0,4.3,12,619.0,55382.66736111111
12,37.0,4.31,12,619.0,55382.66805555556
12,47.0,4.33,13,619.0,55382.66875
13,28.0,4.35,13,619.0,55382.669444444444
13,77.0,4.37,13,619.0,55382.67013888889
13,41.0,4.39,13,619.0,55382.67083333333
12,31.0,4.41,13,619.0,55382.67152777778
12,39.0,4.44,13,619.0,55382.67222222222
12,45.0,4.48,13,619.0,55382.67291666667
12,3.0,4.52,13,619.0,55382.67361111111
13,49.0,4.56,13,619.0,55382.674305555556
12,68.0,4.6,13,619.0,55382.675
12,33.0,4.64,13,619.0,55382.67569444444
13,37.0,4.67,13,619.1,55382.67638888889
13,54.0,4.71,13,619.1,55382.677083333336
12,47.0,4.74,13,619.1,55382.677777777775
12,27.0,4.78,12,619.1,55382.67847222222
13,29.0,4.82,13,619.1,55382.67916666667
14,45.0,4.86,13,619.1,55382.67986111111
14,32.0,4.91,13,619.1,55382.680555555555
14,45.0,4.96,13,619.1,55382.68125
14,46.0,5.01,12,619.1,55382.68194444444
13,39.0,5.08,12,619.1,55382.68263888889
12,37.0,5.13,12,619.1,55382.683333333334
13,14.0,5.19,12,619.1,55382.68402777778
14,54.0,5.25,13,619.2,55382.68472222222
13,32.0,5.3,12,619.2,55382.68541666667
13,41.0,5.35,12,619.2,55382.686111111114
14,41.0,5.41,12,619.2,55382.68680555555
15,48.0,5.47,12,619.2,55382.6875
14,42.0,5.52,12,619.2,55382.68819444445
15,62.0,5.58,12,619.2,55382.688888888886
14,46.0,5.64,12,619.2,55382.68958333333
13,45.0,5.69,12,619.2,55382.69027777778
13,50.0,5.75,11,619.2,55382.69097222222
13,61.0,5.82,11,619.2,55382.691666666666
13,47.0,5.88,12,619.2,55382.69236111111
14,37.0,5.95,12,619.3,55382.69305555556
14,45.0,6.0,12,619.2,55382.69375
14,21.0,6.06,12,619.3,55382.694444444445
14,47.0,6.13,12,619.3,55382.69513888889
14,37.0,6.2,11,619.3,55382.69583333333
13,48.0,6.26,11,619.3,55382.69652777778
13,41.0,6.31,11,619.3,55382.697222222225
14,45.0,6.36,11,619.3,55382.697916666664
14,45.0,6.42,11,619.3,55382.69861111111
15,35.0,6.49,11,619.3,55382.69930555556
14,44.0,6.52,11,619.4,55382.7
15,37.0,6.55,11,619.4,55382.700694444444
14,52.0,6.57,11,619.4,55382.70138888889
13,45.0,6.6,11,619.4,55382.70208333333
14,48.0,6.63,11,619.4,55382.70277777778
14,50.0,6.68,12,619.4,55382.70347222222
14,43.0,6.74,12,619.4,55382.70416666667
14,46.0,6.78,12,619.4,55382.70486111111
14,50.0,6.83,11,619.4,55382.705555555556
14,43.0,6.87,11,619.4,55382.70625
15,45.0,6.92,11,619.4,55382.70694444444
15,50.0,6.98,11,619.4,55382.70763888889
15,50.0,7.04,11,619.4,55382.708333333336
15,49.0,7.08,11,619.4,55382.709027777775
16,49.0,7.12,11,619.4,55382.70972222222
15,39.0,7.16,11,619.4,55382.71041666667
14,42.0,7.2,11,619.4,55382.71111111111
15,42.0,7.26,11,619.4,55382.711805555555
15,42.0,7.3,11,619.4,55382.7125
15,42.0,7.35,11,619.4,55382.71319444444
16,45.0,7.38,11,619.4,55382.71388888889
16,45.0,7.41,11,619.4,55382.714583333334
15,44.0,7.44,11,619.4,55382.71527777778
16,47.0,7.49,11,619.4,55382.71597222222
16,58.0,7.56,11,619.4,55382.71666666667
16,47.0,7.62,11,619.4,55382.717361111114
15,47.0,7.66,11,619.5,55382.71805555555
16,43.0,7.7,11,619.5,55382.71875
15,40.0,7.72,11,619.5,55382.71944444445
14,49.0,7.74,11,619.5,55382.720138888886
15,51.0,7.77,11,619.5,55382.72083333333
14,52.0,7.8,11,619.5,55382.72152777778
14,70.0,7.82,11,619.5,55382.72222222222
14,48.0,7.87,11,619.5,55382.722916666666
15,41.0,7.95,11,619.5,55382.72361111111
14,39.0,8.01,11,619.5,55382.72430555556
15,46.0,8.07,11,619.5,55382.725
16,51.0,8.13,12,619.5,55382.725694444445
15,51.0,8.19,12,619.5,55382.72638888889
15,53.0,8.23,11,619.5,55382.72708333333
14,53.0,8.23,11,619.5,55382.72777777778
14,39.0,8.2,11,619.5,55382.728472222225
15,54.0,8.19,11,619.5,55382.729166666664
15,31.0,8.22,11,619.5,55382.72986111111
15,55.0,8.27,11,619.5,55382.73055555556
15,51.0,8.32,11,619.5,55382.73125
16,46.0,8.36,11,619.5,55382.731944444444
15,52.0,8.4,12,619.5,55382.73263888889
15,19.0,8.43,12,619.5,55382.73333333333
16,53.0,8.45,12,619.6,55382.73402777778
16,56.0,8.51,12,619.6,55382.73472222222
15,36.0,8.56,11,619.6,55382.73541666667
15,47.0,8.59,11,619.6,55382.73611111111
14,51.0,8.59,11,619.6,55382.736805555556
15,55.0,8.58,11,619.6,55382.7375
15,59.0,8.55,11,619.6,55382.73819444444
15,46.0,8.56,11,619.6,55382.73888888889
15,39.0,8.61,11,619.6,55382.739583333336
13,57.0,8.65,11,619.6,55382.740277777775
13,53.0,8.68,11,619.6,55382.74097222222
14,37.0,8.7,11,619.6,55382.74166666667
14,48.0,8.74,11,619.6,55382.74236111111
14,44.0,8.77,11,619.6,55382.743055555555
15,47.0,8.77,11,619.6,55382.74375
14,57.0,8.77,11,619.6,55382.74444444444
14,51.0,8.81,11,619.6,55382.74513888889
14,40.0,8.85,11,619.6,55382.745833333334
14,63.0,8.9,11,619.6,55382.74652777778
14,53.0,8.95,11,619.7,55382.74722222222
12,23.0,9.04,11,619.7,55382.74791666667
11,58.0,9.1,11,619.7,55382.748611111114
14,71.0,9.15,11,619.7,55382.74930555555
13,52.0,9.21,10,619.7,55382.75
12,35.0,9.29,11,619.7,55382.75069444445
11,350.0,9.36,11,619.7,55382.751388888886
11,30.0,9.32,10,619.7,55382.75208333333
13,72.0,9.24,11,619.7,55382.75277777778
12,49.0,9.17,11,619.7,55382.75347222222
15,43.0,9.12,11,619.7,55382.754166666666
14,51.0,9.13,11,619.7,55382.75486111111
16,55.0,9.18,11,619.7,55382.75555555556
15,55.0,9.28,11,619.7,55382.75625
13,239.0,9.37,11,619.7,55382.756944444445
12,51.0,9.39,11,619.7,55382.75763888889
16,60.0,9.41,11,619.7,55382.75833333333
16,50.0,9.41,11,619.7,55382.75902777778
15,53.0,9.41,11,619.7,55382.759722222225
17,55.0,9.43,11,619.7,55382.760416666664
17,41.0,9.49,11,619.7,55382.76111111111
16,48.0,9.61,11,619.7,55382.76180555556
14,51.0,9.73,11,619.7,55382.7625
14,46.0,9.8,11,619.8,55382.763194444444
16,64.0,9.87,11,619.8,55382.76388888889
17,45.0,9.97,10,619.8,55382.76458333333
18,63.0,10.07,10,619.8,55382.76527777778
16,55.0,10.16,10,619.8,55382.76597222222
17,45.0,10.23,11,619.8,55382.76666666667
17,54.0,10.28,11,619.8,55382.76736111111
17,50.0,10.27,11,619.8,55382.768055555556
18,58.0,10.26,11,619.8,55382.76875
18,52.0,10.29,11,619.8,55382.76944444444
16,61.0,10.33,10,619.8,55382.77013888889
16,48.0,10.35,11,619.8,55382.770833333336
15,57.0,10.33,10,619.8,55382.771527777775
16,46.0,10.3,10,619.8,55382.77222222222
17,51.0,10.28,10,619.8,55382.77291666667
16,59.0,10.26,11,619.8,55382.77361111111
14,40.0,10.27,10,619.8,55382.774305555555
14,31.0,10.25,10,619.8,55382.775
14,58.0,10.2,10,619.8,55382.77569444444
16,55.0,10.2,11,619.8,55382.77638888889
18,31.0,10.27,11,619.8,55382.777083333334
16,25.0,10.38,11,619.8,55382.77777777778
15,53.0,10.47,11,619.8,55382.77847222222
16,50.0,10.55,11,619.8,55382.77916666667
17,45.0,10.64,10,619.8,55382.779861111114
17,48.0,10.66,10,619.8,55382.78055555555
15,48.0,10.65,10,619.8,55382.78125
16,42.0,10.6,10,619.8,55382.78194444445
13,179.0,10.56,10,619.8,55382.782638888886
12,50.0,10.46,10,619.9,55382.78333333333
12,52.0,10.3,10,619.9,55382.78402777778
16,51.0,10.15,10,619.9,55382.78472222222
15,52.0,10.1,10,619.8,55382.785416666666
13,124.0,10.09,10,619.8,55382.78611111111
15,47.0,10.05,11,619.8,55382.78680555556
15,342.0,10.08,11,619.8,55382.7875
16,47.0,10.17,11,619.8,55382.788194444445
16,59.0,10.26,11,619.8,55382.78888888889
15,46.0,10.37,10,619.8,55382.78958333333
13,102.0,10.51,10,619.8,55382.79027777778
12,47.0,10.57,10,619.8,55382.790972222225
13,346.0,10.61,10,619.8,55382.791666666664
12,44.0,10.65,10,619.8,55382.79236111111
11,40.0,10.65,10,619.9,55382.79305555556
15,48.0,10.63,11,619.9,55382.79375
16,48.0,10.66,10,619.9,55382.794444444444
17,345.0,10.76,10,619.8,55382.79513888889
14,57.0,10.84,10,619.9,55382.79583333333
17,53.0,10.88,10,619.9,55382.79652777778
14,50.0,10.87,10,619.9,55382.79722222222
14,54.0,10.81,10,619.9,55382.79791666667
10,36.0,10.76,10,619.9,55382.79861111111
9,285.0,10.68,10,619.9,55382.799305555556
13,338.0,10.56,10,619.9,55382.8
11,46.0,10.41,10,619.9,55382.80069444444
8,22.0,10.22,10,619.9,55382.80138888889
12,49.0,10.04,10,619.9,55382.802083333336
13,120.0,9.92,11,619.9,55382.802777777775
13,31.0,9.91,11,619.9,55382.80347222222
14,44.0,9.92,11,619.9,55382.80416666667
13,52.0,9.89,10,619.9,55382.80486111111
14,1.0,9.89,11,619.9,55382.805555555555
11,52.0,9.98,11,619.9,55382.80625
12,59.0,10.05,10,619.9,55382.80694444444
10,42.0,10.04,10,619.9,55382.80763888889
14,35.0,9.99,11,619.9,55382.808333333334
12,48.0,9.94,10,619.9,55382.80902777778
14,28.0,9.89,10,619.9,55382.80972222222
10,43.0,9.86,10,619.9,55382.81041666667
15,49.0,9.78,11,619.9,55382.811111111114
16,312.0,9.69,11,619.8,55382.81180555555
9,75.0,9.63,11,619.9,55382.8125
8,181.0,9.6,11,619.9,55382.81319444445
12,49.0,9.55,11,619.9,55382.813888888886
16,84.0,9.56,11,619.9,55382.81458333333
9,25.0,9.62,11,619.9,55382.81527777778
11,50.0,9.65,11,619.9,55382.81597222222
11,32.0,9.65,11,619.9,55382.816666666666
14,60.0,9.68,11,619.9,55382.81736111111
13,21.0,9.76,11,619.9,55382.81805555556
8,40.0,9.86,11,619.9,55382.81875
13,108.0,9.92,11,619.9,55382.819444444445
11,52.0,10.03,11,619.9,55382.82013888889
15,51.0,10.21,11,619.9,55382.82083333333
16,74.0,10.45,11,619.9,55382.82152777778
16,49.0,10.75,11,619.9,55382.822222222225
17,41.0,11.04,10,619.9,55382.822916666664
15,18.0,11.27,10,619.9,55382.82361111111
15,42.0,11.49,10,619.9,55382.82430555556
14,27.0,11.67,10,619.9,55382.825
10,7.0,11.79,10,620.0,55382.825694444444
14,59.0,11.82,10,620.0,55382.82638888889
16,47.0,11.8,10,620.0,55382.82708333333
16,32.0,11.82,10,619.9,55382.82777777778
18,34.0,11.83,10,619.9,55382.82847222222
15,46.0,11.85,10,619.9,55382.82916666667
10,47.0,11.81,10,619.9,55382.82986111111
12,33.0,11.69,10,620.0,55382.830555555556
16,63.0,11.54,10,619.9,55382.83125
14,115.0,11.44,10,619.9,55382.83194444444
12,55.0,11.35,10,620.0,55382.83263888889
15,58.0,11.26,10,620.0,55382.833333333336
15,59.0,11.25,10,620.0,55382.834027777775
14,59.0,11.35,10,619.9,55382.83472222222
15,48.0,11.47,10,619.9,55382.83541666667
12,117.0,11.58,10,619.9,55382.83611111111
11,75.0,11.6,10,620.0,55382.836805555555
9,49.0,11.5,10,620.0,55382.8375
16,57.0,11.4,10,620.0,55382.83819444444
14,64.0,11.34,10,620.0,55382.83888888889
17,37.0,11.3,10,620.0,55382.839583333334
12,45.0,11.35,10,620.0,55382.84027777778
7,345.0,11.39,10,620.0,55382.84097222222
12,41.0,11.38,10,620.0,55382.84166666667
12,23.0,11.37,11,620.0,55382.842361111114
13,33.0,11.39,10,619.9,55382.84305555555
10,262.0,11.37,11,620.0,55382.84375
6,78.0,11.25,11,620.0,55382.84444444445
8,46.0,11.08,11,620.0,55382.845138888886
13,67.0,10.95,11,620.0,55382.84583333333
12,108.0,10.87,11,620.0,55382.84652777778
9,57.0,10.76,11,620.0,55382.84722222222
11,247.0,10.62,11,620.0,55382.847916666666
10,45.0,10.54,11,620.0,55382.84861111111
9,49.0,10.45,10,620.0,55382.84930555556
13,132.0,10.36,11,620.0,55382.85
10,346.0,10.37,11,620.0,55382.850694444445
13,60.0,10.48,11,620.0,55382.85138888889
19,46.0,10.67,11,620.0,55382.85208333333
18,36.0,10.92,10,620.0,55382.85277777778
15,53.0,11.12,10,620.0,55382.853472222225
14,36.0,11.22,10,620.0,55382.854166666664
12,93.0,11.29,10,620.0,55382.85486111111
8,271.0,11.28,10,620.0,55382.85555555556
11,39.0,11.23,10,620.0,55382.85625
15,50.0,11.25,10,620.0,55382.856944444444
19,45.0,11.35,10,620.0,55382.85763888889
14,38.0,11.5,10,620.0,55382.85833333333
16,56.0,11.6,10,620.0,55382.85902777778
13,60.0,11.66,10,620.1,55382.85972222222
11,64.0,11.71,10,620.0,55382.86041666667
14,277.0,11.72,10,620.0,55382.86111111111
13,47.0,11.67,10,620.0,55382.861805555556
17,72.0,11.61,10,620.0,55382.8625
16,55.0,11.6,11,620.1,55382.86319444444
12,152.0,11.67,11,620.1,55382.86388888889
8,123.0,11.71,11,620.1,55382.864583333336
15,39.0,11.7,10,620.0,55382.865277777775
17,48.0,11.72,10,620.0,55382.86597222222
16,56.0,11.72,10,620.0,55382.86666666667
16,55.0,11.65,10,620.0,55382.86736111111
15,73.0,11.53,10,620.1,55382.868055555555
13,61.0,11.45,11,620.1,55382.86875
15,21.0,11.48,11,620.0,55382.86944444444
18,132.0,11.63,11,620.0,55382.87013888889
13,5.0,11.84,10,620.0,55382.870833333334
11,46.0,11.93,10,620.1,55382.87152777778
14,52.0,11.92,10,620.0,55382.87222222222
18,49.0,11.89,10,620.0,55382.87291666667
13,261.0,11.83,10,620.0,55382.873611111114
12,65.0,11.71,10,620.0,55382.87430555555
13,60.0,11.57,10,620.0,55382.875
16,52.0,11.45,10,620.0,55382.87569444445
20,42.0,11.43,10,620.0,55382.876388888886
20,51.0,11.49,10,620.0,55382.87708333333
18,55.0,11.61,10,620.0,55382.87777777778
20,59.0,11.75,11,620.0,55382.87847222222
19,52.0,11.87,11,620.0,55382.879166666666
19,45.0,12.01,10,620.0,55382.87986111111
18,47.0,12.15,10,620.0,55382.88055555556
19,44.0,12.26,10,620.0,55382.88125
17,51.0,12.28,10,620.0,55382.881944444445
14,314.0,12.27,10,620.0,55382.88263888889
8,97.0,12.2,11,620.0,55382.88333333333
17,44.0,12.03,11,620.0,55382.88402777778
19,54.0,11.91,11,620.0,55382.884722222225
14,38.0,11.83,12,620.1,55382.885416666664
13,49.0,11.83,12,620.0,55382.88611111111
21,59.0,11.92,11,620.0,55382.88680555556
21,61.0,12.08,11,620.0,55382.8875
19,37.0,12.25,11,620.0,55382.888194444444
17,55.0,12.41,11,620.0,55382.88888888889
21,49.0,12.49,10,620.0,55382.88958333333
17,55.0,12.52,11,620.0,55382.89027777778
15,70.0,12.47,11,620.0,55382.89097222222
21,48.0,12.41,11,620.0,55382.89166666667
20,62.0,12.38,11,620.0,55382.89236111111
19,63.0,12.33,11,620.0,55382.893055555556
22,53.0,12.28,11,620.0,55382.89375
20,42.0,12.27,11,620.0,55382.89444444444
19,66.0,12.31,12,620.0,55382.89513888889
18,49.0,12.34,12,620.0,55382.895833333336
19,59.0,12.35,12,620.0,55382.896527777775
21,62.0,12.38,11,620.0,55382.89722222222
20,43.0,12.42,11,620.0,55382.89791666667
18,55.0,12.37,11,620.0,55382.89861111111
17,41.0,12.27,11,620.0,55382.899305555555
20,47.0,12.23,12,619.9,55382.9
21,63.0,12.28,11,619.9,55382.90069444444
22,48.0,12.38,11,619.9,55382.90138888889
23,51.0,12.52,11,619.8,55382.902083333334
16,29.0,12.63,12,619.9,55382.90277777778
14,36.0,12.66,12,620.0,55382.90347222222
18,52.0,12.61,12,619.9,55382.90416666667
17,71.0,12.55,11,619.9,55382.904861111114
17,45.0,12.52,11,620.0,55382.90555555555
17,54.0,12.6,11,619.9,55382.90625
20,51.0,12.75,11,619.9,55382.90694444445
23,50.0,12.86,11,619.8,55382.907638888886
18,40.0,12.9,11,619.9,55382.90833333333
18,53.0,12.83,11,619.9,55382.90902777778
14,25.0,12.7,11,619.9,55382.90972222222
14,53.0,12.52,11,619.9,55382.910416666666
17,54.0,12.44,11,619.9,55382.91111111111
21,38.0,12.43,12,619.9,55382.91180555556
14,86.0,12.46,12,619.9,55382.9125
14,59.0,12.48,12,619.9,55382.913194444445
16,211.0,12.55,12,619.9,55382.91388888889
14,77.0,12.69,12,619.9,55382.91458333333
18,54.0,12.83,12,619.8,55382.91527777778
20,49.0,12.96,11,619.8,55382.915972222225
18,58.0,13.08,12,619.9,55382.916666666664
21,65.0,13.2,11,619.8,55382.91736111111
22,54.0,13.34,11,619.8,55382.91805555556
18,38.0,13.45,11,619.8,55382.91875
16,60.0,13.53,11,619.9,55382.919444444444
18,44.0,13.6,12,619.8,55382.92013888889
21,67.0,13.66,11,619.8,55382.92083333333
16,77.0,13.71,12,619.8,55382.92152777778
20,53.0,13.77,12,619.8,55382.92222222222
22,50.0,13.86,12,619.8,55382.92291666667
20,67.0,13.91,12,619.8,55382.92361111111
21,34.0,13.92,12,619.9,55382.924305555556
20,58.0,13.91,11,619.8,55382.925
17,48.0,13.81,11,619.8,55382.92569444444
20,42.0,13.62,11,619.8,55382.92638888889
21,51.0,13.4,11,619.8,55382.927083333336
22,44.0,13.19,11,619.8,55382.927777777775
18,59.0,13.04,12,619.8,55382.92847222222
17,49.0,12.98,12,619.8,55382.92916666667
22,35.0,13.02,12,619.7,55382.92986111111
20,46.0,13.08,12,619.8,55382.930555555555
14,69.0,13.12,13,619.9,55382.93125
16,49.0,13.11,12,619.9,55382.93194444444
17,61.0,13.11,11,619.8,55382.93263888889
17,38.0,13.15,11,619.8,55382.933333333334
21,57.0,13.2,12,619.8,55382.93402777778
20,61.0,13.26,12,619.8,55382.93472222222
18,59.0,13.26,12,619.8,55382.93541666667
14,54.0,13.2,12,619.9,55382.936111111114
19,35.0,13.14,12,619.8,55382.93680555555
17,48.0,13.08,12,619.8,55382.9375
15,89.0,12.93,12,619.8,55382.93819444445
13,44.0,12.74,12,619.8,55382.938888888886
20,47.0,12.57,13,619.8,55382.93958333333
17,92.0,12.5,13,619.8,55382.94027777778
14,51.0,12.53,13,619.8,55382.94097222222
17,51.0,12.59,13,619.8,55382.941666666666
19,24.0,12.67,13,619.8,55382.94236111111
15,39.0,12.73,13,619.8,55382.94305555556
16,60.0,12.72,13,619.8,55382.94375
17,39.0,12.74,13,619.8,55382.944444444445
15,42.0,12.83,13,619.9,55382.94513888889
20,58.0,12.92,12,619.8,55382.94583333333
22,67.0,12.97,13,619.8,55382.94652777778
16,67.0,12.99,14,619.9,55382.947222222225
13,74.0,12.93,13,619.9,55382.947916666664
19,348.0,12.84,13,619.8,55382.94861111111
15,59.0,12.85,13,619.8,55382.94930555556
15,57.0,12.88,13,619.8,55382.95
22,49.0,12.92,12,619.8,55382.950694444444
19,63.0,12.96,12,619.7,55382.95138888889
22,59.0,12.92,12,619.7,55382.95208333333
20,54.0,12.86,12,619.8,55382.95277777778
14,59.0,12.78,12,619.8,55382.95347222222
7,350.0,12.65,12,619.8,55382.95416666667
17,65.0,12.46,13,619.8,55382.95486111111
22,50.0,12.34,14,619.7,55382.955555555556
19,34.0,12.31,14,619.7,55382.95625
18,41.0,12.31,14,619.7,55382.95694444444
13,32.0,12.27,13,619.8,55382.95763888889
16,45.0,12.18,14,619.7,55382.958333333336
22,10.0,12.13,13,619.7,55382.959027777775
18,42.0,12.13,12,619.8,55382.95972222222
24,51.0,12.16,13,619.7,55382.96041666667
22,64.0,12.28,13,619.7,55382.96111111111
19,50.0,12.43,13,619.7,55382.961805555555
16,58.0,12.48,14,619.7,55382.9625
17,46.0,12.39,14,619.7,55382.96319444444
21,45.0,12.28,13,619.6,55382.96388888889
19,53.0,12.23,13,619.6,55382.964583333334
22,54.0,12.23,13,619.6,55382.96527777778
22,44.0,12.27,13,619.6,55382.96597222222
21,46.0,12.31,13,619.5,55382.96666666667
20,56.0,12.29,13,619.6,55382.967361111114
20,55.0,12.28,13,619.6,55382.96805555555
21,66.0,12.31,13,619.6,55382.96875
20,61.0,12.34,13,619.6,55382.96944444445
21,47.0,12.39,13,619.7,55382.970138888886
20,57.0,12.44,13,619.6,55382.97083333333
18,47.0,12.49,12,619.7,55382.97152777778
13,28.0,12.53,12,619.7,55382.97222222222
21,38.0,12.59,12,619.6,55382.972916666666
21,55.0,12.66,13,619.6,55382.97361111111
20,55.0,12.69,12,619.6,55382.97430555556
19,43.0,12.74,12,619.6,55382.975
22,54.0,12.8,12,619.6,55382.975694444445
22,68.0,12.88,12,619.6,55382.97638888889
22,48.0,12.94,12,619.6,55382.97708333333
20,52.0,12.98,12,619.6,55382.97777777778
24,51.0,12.97,12,619.6,55382.978472222225
25,53.0,12.99,12,619.5,55382.979166666664
22,55.0,13.0,12,619.5,55382.97986111111
19,56.0,12.88,11,619.6,55382.98055555556
17,36.0,12.7,12,619.5,55382.98125
11,304.0,12.48,12,619.6,55382.981944444444
11,64.0,12.27,13,619.6,55382.98263888889
18,31.0,12.12,13,619.6,55382.98333333333
21,55.0,12.05,13,619.6,55382.98402777778
21,64.0,12.06,13,619.5,55382.98472222222
20,39.0,12.06,13,619.5,55382.98541666667
21,82.0,12.06,13,619.4,55382.98611111111
19,58.0,12.11,13,619.5,55382.986805555556
22,50.0,12.18,13,619.4,55382.9875
21,56.0,12.26,13,619.4,55382.98819444444
19,51.0,12.32,13,619.5,55382.98888888889
21,50.0,12.33,13,619.4,55382.989583333336
20,47.0,12.28,13,619.4,55382.990277777775
19,50.0,12.23,13,619.5,55382.99097222222
20,51.0,12.19,13,619.5,55382.99166666667
19,61.0,12.12,12,619.5,55382.99236111111
21,57.0,12.03,12,619.4,55382.993055555555
25,51.0,12.0,12,619.4,55382.99375
23,46.0,12.04,13,619.5,55382.99444444444
21,50.0,12.13,13,619.5,55382.99513888889
23,52.0,12.24,12,619.4,55382.995833333334
22,56.0,12.36,12,619.4,55382.99652777778
22,42.0,12.48,12,619.3,55382.99722222222
23,24.0,12.6,12,619.3,55382.99791666667
17,40.0,12.65,12,619.3,55382.998611111114
23,49.0,12.65,12,619.4,55382.99930555555
20,53.0,12.64,12,619.4,55383.0
24,58.0,12.57,12,619.3,55383.00069444445
21,26.0,12.5,12,619.4,55383.001388888886
25,48.0,12.41,12,619.4,55383.00208333333
25,55.0,12.38,12,619.4,55383.00277777778
21,44.0,12.42,12,619.4,55383.00347222222
25,54.0,12.48,12,619.3,55383.004166666666
23,55.0,12.52,12,619.3,55383.00486111111
23,60.0,12.49,12,619.3,55383.00555555556
20,43.0,12.51,13,619.3,55383.00625
21,49.0,12.55,13,619.3,55383.006944444445
24,47.0,12.55,13,619.3,55383.00763888889
24,40.0,12.52,13,619.3,55383.00833333333
23,44.0,12.51,13,619.2,55383.00902777778
24,52.0,12.47,13,619.3,55383.009722222225
23,47.0,12.39,13,619.3,55383.010416666664
20,48.0,12.28,13,619.3,55383.01111111111
22,78.0,12.12,13,619.3,55383.01180555556
17,56.0,11.98,13,619.4,55383.0125
21,45.0,11.89,13,619.3,55383.013194444444
24,39.0,11.83,13,619.2,55383.01388888889
20,63.0,11.79,14,619.3,55383.01458333333
20,48.0,11.75,14,619.3,55383.01527777778
22,26.0,11.73,14,619.3,55383.01597222222
18,45.0,11.78,13,619.3,55383.01666666667
22,66.0,11.83,13,619.3,55383.01736111111
23,65.0,11.85,13,619.3,55383.018055555556
21,51.0,11.85,13,619.3,55383.01875
22,55.0,11.86,13,619.3,55383.01944444444
21,55.0,11.88,12,619.3,55383.02013888889
26,54.0,11.94,12,619.2,55383.020833333336
22,70.0,12.02,12,619.2,55383.021527777775
19,54.0,12.1,12,619.2,55383.02222222222
22,66.0,12.1,12,619.2,55383.02291666667
22,63.0,12.08,12,619.2,55383.02361111111
23,49.0,12.08,12,619.2,55383.024305555555
25,48.0,12.11,12,619.2,55383.025
24,61.0,12.17,12,619.2,55383.02569444444
23,38.0,12.23,12,619.2,55383.02638888889
22,58.0,12.27,12,619.2,55383.027083333334
21,53.0,12.27,12,619.3,55383.02777777778
22,48.0,12.25,12,619.3,55383.02847222222
20,45.0,12.28,12,619.3,55383.02916666667
22,50.0,12.3,12,619.2,55383.029861111114
23,33.0,12.35,12,619.2,55383.03055555555
15,13.0,12.42,12,619.2,55383.03125
14,62.0,12.42,12,619.2,55383.03194444445
17,35.0,12.36,12,619.2,55383.032638888886
20,61.0,12.26,12,619.1,55383.03333333333
21,47.0,12.09,12,619.1,55383.03402777778
22,55.0,11.92,12,619.1,55383.03472222222
20,46.0,11.83,12,619.1,55383.035416666666
19,56.0,11.76,13,619.1,55383.03611111111
17,55.0,11.69,12,619.1,55383.03680555556
19,48.0,11.6,12,619.0,55383.0375
17,77.0,11.56,13,619.1,55383.038194444445
19,45.0,11.58,12,619.1,55383.03888888889
22,59.0,11.67,12,619.1,55383.03958333333
24,58.0,11.77,12,619.1,55383.04027777778
24,59.0,11.86,12,619.0,55383.040972222225
22,50.0,11.9,12,619.0,55383.041666666664
20,71.0,11.89,12,619.0,55383.04236111111
22,53.0,11.82,12,619.0,55383.04305555556
21,37.0,11.75,13,619.0,55383.04375
17,56.0,11.65,12,619.0,55383.044444444444
24,57.0,11.54,12,619.0,55383.04513888889
24,53.0,11.47,12,619.0,55383.04583333333
19,50.0,11.39,12,619.0,55383.04652777778
19,14.0,11.29,12,619.0,55383.04722222222
20,44.0,11.16,13,619.0,55383.04791666667
15,65.0,11.07,13,619.0,55383.04861111111
18,53.0,10.99,12,619.0,55383.049305555556
23,53.0,10.92,12,619.0,55383.05
26,47.0,10.93,12,618.9,55383.05069444444
25,45.0,10.96,12,618.9,55383.05138888889
19,30.0,11.04,12,619.0,55383.052083333336
18,45.0,11.13,12,619.0,55383.052777777775
19,8.0,11.18,12,619.0,55383.05347222222
19,47.0,11.2,12,619.0,55383.05416666667
22,55.0,11.17,12,619.0,55383.05486111111
20,25.0,11.17,12,618.9,55383.055555555555
17,45.0,11.18,12,619.0,55383.05625
18,13.0,11.18,12,619.0,55383.05694444444
17,36.0,11.15,12,618.9,55383.05763888889
18,54.0,11.08,12,619.0,55383.058333333334
21,64.0,11.04,11,619.0,55383.05902777778
20,54.0,11.08,11,618.9,55383.05972222222
22,55.0,11.15,11,618.9,55383.06041666667
22,52.0,11.24,11,618.9,55383.061111111114
19,53.0,11.3,11,618.9,55383.06180555555
20,44.0,11.33,11,618.9,55383.0625
23,49.0,11.37,11,618.9,55383.06319444445
22,46.0,11.39,11,618.9,55383.063888888886
24,56.0,11.4,11,618.8,55383.06458333333
20,33.0,11.4,11,618.8,55383.06527777778
18,51.0,11.38,11,618.9,55383.06597222222
18,25.0,11.32,12,618.8,55383.066666666666
19,45.0,11.24,11,618.9,55383.06736111111
18,51.0,11.16,11,618.9,55383.06805555556
20,78.0,11.09,11,618.9,55383.06875
21,37.0,11.05,12,618.9,55383.069444444445
20,68.0,11.02,12,618.9,55383.07013888889
22,46.0,11.04,12,618.8,55383.07083333333
24,55.0,11.09,11,618.8,55383.07152777778
19,67.0,11.13,12,618.8,55383.072222222225
21,53.0,11.13,11,618.8,55383.072916666664
21,45.0,11.1,11,618.8,55383.07361111111
19,55.0,11.05,11,618.8,55383.07430555556
21,47.0,10.98,11,618.7,55383.075
19,38.0,10.92,11,618.8,55383.075694444444
20,50.0,10.84,11,618.8,55383.07638888889
24,48.0,10.74,11,618.7,55383.07708333333
22,52.0,10.64,12,618.7,55383.07777777778
24,52.0,10.55,12,618.8,55383.07847222222
18,50.0,10.45,12,618.8,55383.07916666667
22,42.0,10.36,12,618.7,55383.07986111111
21,36.0,10.31,12,618.8,55383.080555555556
19,40.0,10.25,12,618.8,55383.08125
22,44.0,10.21,12,618.7,55383.08194444444
18,47.0,10.2,12,618.8,55383.08263888889
16,4.0,10.21,12,618.8,55383.083333333336
13,29.0,10.21,12,618.8,55383.084027777775
19,61.0,10.2,11,618.8,55383.08472222222
22,48.0,10.21,11,618.8,55383.08541666667
23,42.0,10.25,11,618.7,55383.08611111111
19,58.0,10.29,12,618.8,55383.086805555555
19,38.0,10.29,11,618.9,55383.0875
17,51.0,10.27,12,618.8,55383.08819444444
21,49.0,10.28,12,618.8,55383.08888888889
20,25.0,10.29,12,618.8,55383.089583333334
19,58.0,10.24,12,618.7,55383.09027777778
19,58.0,10.16,11,618.7,55383.09097222222
20,59.0,10.07,11,618.8,55383.09166666667
22,52.0,10.02,12,618.8,55383.092361111114
21,44.0,9.98,12,618.8,55383.09305555555
21,48.0,9.93,11,618.8,55383.09375
18,44.0,9.85,12,618.9,55383.09444444445
19,32.0,9.76,12,618.8,55383.095138888886
23,57.0,9.72,12,618.8,55383.09583333333
22,53.0,9.72,12,618.8,55383.09652777778
17,71.0,9.69,12,618.8,55383.09722222222
22,47.0,9.64,11,618.8,55383.097916666666
20,41.0,9.61,11,618.8,55383.09861111111
20,43.0,9.57,11,618.8,55383.09930555556
17,56.0,9.56,12,618.8,55383.1
20,53.0,9.56,11,618.8,55383.100694444445
19,51.0,9.52,11,618.8,55383.10138888889
20,56.0,9.47,11,618.7,55383.10208333333
20,59.0,9.41,11,618.7,55383.10277777778
22,50.0,9.36,11,618.7,55383.103472222225
22,46.0,9.31,11,618.8,55383.104166666664
21,40.0,9.24,11,618.7,55383.10486111111
22,67.0,9.18,11,618.7,55383.10555555556
21,26.0,9.12,11,618.8,55383.10625
20,53.0,9.07,11,618.8,55383.106944444444
21,51.0,9.04,11,618.7,55383.10763888889
19,64.0,9.0,11,618.8,55383.10833333333
20,45.0,8.96,11,618.8,55383.10902777778
21,41.0,8.93,11,618.7,55383.10972222222
17,78.0,8.9,11,618.7,55383.11041666667
18,48.0,8.89,11,618.8,55383.11111111111
20,61.0,8.89,11,618.8,55383.111805555556
21,59.0,8.88,11,618.8,55383.1125
21,48.0,8.83,11,618.7,55383.11319444444
21,51.0,8.77,11,618.7,55383.11388888889
19,46.0,8.71,11,618.7,55383.114583333336
20,38.0,8.68,11,618.8,55383.115277777775
17,54.0,8.68,11,618.8,55383.11597222222
18,58.0,8.7,11,618.7,55383.11666666667
21,47.0,8.74,11,618.7,55383.11736111111
18,57.0,8.74,11,618.7,55383.118055555555
17,47.0,8.74,11,618.8,55383.11875
21,40.0,8.74,11,618.8,55383.11944444444
21,51.0,8.74,11,618.7,55383.12013888889
20,50.0,8.74,11,618.7,55383.120833333334
18,45.0,8.72,11,618.7,55383.12152777778
17,41.0,8.69,11,618.8,55383.12222222222
19,51.0,8.65,11,618.7,55383.12291666667
20,55.0,8.61,11,618.7,55383.123611111114
21,55.0,8.55,11,618.7,55383.12430555555
22,16.0,8.48,11,618.7,55383.125
19,57.0,8.43,11,618.8,55383.12569444445
20,52.0,8.36,11,618.8,55383.126388888886
21,45.0,8.31,11,618.7,55383.12708333333
20,57.0,8.27,11,618.7,55383.12777777778
22,50.0,8.25,11,618.7,55383.12847222222
20,53.0,8.25,11,618.7,55383.129166666666
17,50.0,8.23,11,618.7,55383.12986111111
20,47.0,8.22,11,618.7,55383.13055555556
18,40.0,8.21,11,618.7,55383.13125
19,34.0,8.19,11,618.7,55383.131944444445
18,36.0,8.18,11,618.7,55383.13263888889
22,49.0,8.16,11,618.7,55383.13333333333
19,35.0,8.14,11,618.7,55383.13402777778
20,48.0,8.11,11,618.7,55383.134722222225
20,40.0,8.1,11,618.7,55383.135416666664
21,48.0,8.1,11,618.7,55383.13611111111
20,45.0,8.07,11,618.7,55383.13680555556
21,40.0,8.03,11,618.7,55383.1375
19,55.0,7.98,11,618.7,55383.138194444444
22,51.0,7.93,11,618.7,55383.13888888889
22,47.0,7.88,11,618.7,55383.13958333333
22,54.0,7.84,11,618.7,55383.14027777778
22,59.0,7.79,11,618.7,55383.14097222222
21,50.0,7.74,11,618.7,55383.14166666667
21,57.0,7.69,11,618.7,55383.14236111111
20,40.0,7.63,11,618.7,55383.143055555556
18,50.0,7.59,11,618.7,55383.14375
19,60.0,7.58,11,618.7,55383.14444444444
20,45.0,7.58,11,618.7,55383.14513888889
19,59.0,7.58,11,618.7,55383.145833333336
19,41.0,7.56,11,618.7,55383.146527777775
19,40.0,7.56,11,618.7,55383.14722222222
20,60.0,7.56,11,618.7,55383.14791666667
20,52.0,7.55,11,618.8,55383.14861111111
20,53.0,7.51,11,618.8,55383.149305555555
21,61.0,7.47,11,618.8,55383.15
20,66.0,7.43,11,618.7,55383.15069444444
21,66.0,7.38,11,618.7,55383.15138888889
23,53.0,7.34,12,618.8,55383.152083333334
21,56.0,7.27,11,618.8,55383.15277777778
21,56.0,7.19,11,618.8,55383.15347222222
24,58.0,7.12,12,618.8,55383.15416666667
21,61.0,7.05,12,618.7,55383.154861111114
23,54.0,6.98,12,618.7,55383.15555555555
21,66.0,6.92,12,618.8,55383.15625
23,61.0,6.86,12,618.7,55383.15694444445
22,57.0,6.8,12,618.7,55383.157638888886
21,61.0,6.74,12,618.7,55383.15833333333
23,56.0,6.69,12,618.8,55383.15902777778
21,59.0,6.64,12,618.8,55383.15972222222
21,58.0,6.61,12,618.7,55383.160416666666
21,59.0,6.57,12,618.7,55383.16111111111
22,55.0,6.53,12,618.7,55383.16180555556
23,42.0,6.49,12,618.7,55383.1625
21,59.0,6.45,12,618.7,55383.163194444445
21,55.0,6.42,12,618.7,55383.16388888889
21,63.0,6.39,12,618.7,55383.16458333333
20,59.0,6.36,12,618.8,55383.16527777778
22,56.0,6.33,12,618.7,55383.165972222225
23,57.0,6.29,12,618.7,55383.166666666664
21,53.0,6.26,12,618.7,55383.16736111111
19,53.0,6.22,12,618.7,55383.16805555556
21,56.0,6.18,12,618.7,55383.16875
21,58.0,6.15,12,618.8,55383.169444444444
21,64.0,6.14,12,618.8,55383.17013888889
21,58.0,6.13,12,618.7,55383.17083333333
21,55.0,6.11,12,618.8,55383.17152777778
21,58.0,6.1,12,618.8,55383.17222222222
22,63.0,6.08,12,618.8,55383.17291666667
20,57.0,6.07,12,618.7,55383.17361111111
20,64.0,6.05,12,618.7,55383.174305555556
20,63.0,6.02,12,618.7,55383.175
20,59.0,6.0,12,618.7,55383.17569444444
22,61.0,5.99,12,618.7,55383.17638888889
21,52.0,5.96,12,618.7,55383.177083333336
22,55.0,5.94,12,618.8,55383.177777777775
20,48.0,5.92,12,618.7,55383.17847222222
22,58.0,5.9,12,618.7,55383.17916666667
23,53.0,5.88,12,618.8,55383.17986111111
21,65.0,5.87,12,618.8,55383.180555555555
21,61.0,5.84,12,618.8,55383.18125
22,55.0,5.82,12,618.8,55383.18194444444
21,56.0,5.78,12,618.8,55383.18263888889
20,54.0,5.75,12,618.8,55383.183333333334
21,51.0,5.72,12,618.8,55383.18402777778
21,52.0,5.7,12,618.7,55383.18472222222
21,51.0,5.68,12,618.7,55383.18541666667
21,58.0,5.66,12,618.7,55383.186111111114
21,55.0,5.64,12,618.7,55383.18680555555
21,56.0,5.6,12,618.7,55383.1875
21,59.0,5.56,12,618.7,55383.18819444445
22,53.0,5.53,12,618.7,55383.188888888886
22,57.0,5.5,12,618.7,55383.18958333333
21,54.0,5.47,12,618.8,55383.19027777778
20,55.0,5.45,12,618.7,55383.19097222222
22,60.0,5.43,13,618.7,55383.191666666666
22,57.0,5.41,12,618.7,55383.19236111111
22,55.0,5.38,12,618.8,55383.19305555556
20,55.0,5.37,12,618.8,55383.19375
20,59.0,5.35,12,618.8,55383.194444444445
21,56.0,5.33,13,618.8,55383.19513888889
21,65.0,5.31,13,618.8,55383.19583333333
20,53.0,5.28,13,618.8,55383.19652777778
20,62.0,5.26,12,618.8,55383.197222222225
21,56.0,5.23,13,618.8,55383.197916666664
21,62.0,5.21,13,618.8,55383.19861111111
20,59.0,5.2,13,618.7,55383.19930555556
19,60.0,5.19,13,618.8,55383.2
20,60.0,5.19,13,618.7,55383.200694444444
20,65.0,5.17,13,618.8,55383.20138888889
20,55.0,5.16,13,618.8,55383.20208333333
19,56.0,5.14,13,618.8,55383.20277777778
20,53.0,5.14,13,618.8,55383.20347222222
20,59.0,5.14,13,618.8,55383.20416666667
21,56.0,5.13,13,618.8,55383.20486111111
21,59.0,5.12,13,618.8,55383.205555555556
21,59.0,5.09,13,618.8,55383.20625
21,61.0,5.06,13,618.8,55383.20694444444
21,58.0,5.03,13,618.8,55383.20763888889
21,59.0,4.99,13,618.9,55383.208333333336
20,54.0,4.95,13,618.9,55383.209027777775
21,56.0,4.91,13,618.9,55383.20972222222
21,56.0,4.87,13,618.9,55383.21041666667
20,59.0,4.83,13,618.9,55383.21111111111
20,61.0,4.8,13,618.9,55383.211805555555
21,60.0,4.77,13,618.9,55383.2125
20,60.0,4.74,13,618.9,55383.21319444444
20,58.0,4.72,13,618.9,55383.21388888889
20,55.0,4.7,13,618.9,55383.214583333334
20,59.0,4.67,13,618.9,55383.21527777778
20,56.0,4.65,13,618.9,55383.21597222222
19,60.0,4.62,13,618.9,55383.21666666667
21,54.0,4.59,13,618.9,55383.217361111114
20,55.0,4.56,13,618.9,55383.21805555555
20,58.0,4.53,13,619.0,55383.21875
19,58.0,4.5,13,619.0,55383.21944444445
20,56.0,4.49,13,619.0,55383.220138888886
19,60.0,4.47,13,619.0,55383.22083333333
19,55.0,4.45,13,619.0,55383.22152777778
19,60.0,4.44,13,619.0,55383.22222222222
19,59.0,4.43,13,619.0,55383.222916666666
18,62.0,4.42,13,619.0,55383.22361111111
18,58.0,4.4,13,619.0,55383.22430555556
19,61.0,4.38,13,619.0,55383.225
19,60.0,4.37,13,619.0,55383.225694444445
19,58.0,4.35,13,619.0,55383.22638888889
19,69.0,4.34,13,619.1,55383.22708333333
18,59.0,4.34,13,619.1,55383.22777777778
18,56.0,4.34,13,619.1,55383.228472222225
19,64.0,4.34,13,619.1,55383.229166666664
17,61.0,4.34,13,619.1,55383.22986111111
17,58.0,4.34,13,619.1,55383.23055555556
17,62.0,4.33,13,619.1,55383.23125
18,62.0,4.34,13,619.1,55383.231944444444
19,64.0,4.34,13,619.1,55383.23263888889
17,67.0,4.32,14,619.2,55383.23333333333
17,64.0,4.31,13,619.2,55383.23402777778
17,59.0,4.3,13,619.2,55383.23472222222
18,61.0,4.28,13,619.2,55383.23541666667
19,63.0,4.27,14,619.2,55383.23611111111
18,60.0,4.25,14,619.2,55383.236805555556
17,64.0,4.24,14,619.2,55383.2375
17,61.0,4.25,13,619.2,55383.23819444444
18,61.0,4.25,13,619.2,55383.23888888889
18,68.0,4.26,14,619.2,55383.239583333336
17,62.0,4.26,14,619.3,55383.240277777775
17,65.0,4.26,13,619.3,55383.24097222222
18,61.0,4.26,14,619.3,55383.24166666667
16,61.0,4.27,14,619.3,55383.24236111111
17,66.0,4.27,14,619.3,55383.243055555555
17,64.0,4.28,14,619.3,55383.24375
16,64.0,4.28,14,619.4,55383.24444444444
17,62.0,4.28,13,619.4,55383.24513888889
16,64.0,4.28,14,619.4,55383.245833333334
15,60.0,4.28,14,619.4,55383.24652777778
18,64.0,4.25,14,619.4,55383.24722222222
16,71.0,4.23,14,619.4,55383.24791666667
16,63.0,4.22,14,619.4,55383.248611111114
17,66.0,4.2,14,619.4,55383.24930555555
16,65.0,4.19,14,619.4,55383.25
16,62.0,4.19,14,619.4,55383.25069444445
17,63.0,4.19,14,619.4,55383.251388888886
17,65.0,4.17,14,619.4,55383.25208333333
16,71.0,4.16,14,619.4,55383.25277777778
17,64.0,4.13,14,619.4,55383.25347222222
16,64.0,4.12,14,619.4,55383.254166666666
16,63.0,4.1,14,619.4,55383.25486111111
16,69.0,4.08,14,619.5,55383.25555555556
16,64.0,4.06,14,619.5,55383.25625
16,64.0,4.04,14,619.5,55383.256944444445
16,58.0,4.03,14,619.5,55383.25763888889
15,63.0,4.02,14,619.5,55383.25833333333
16,63.0,4.04,14,619.5,55383.25902777778
17,61.0,4.03,14,619.6,55383.259722222225
16,59.0,4.02,14,619.5,55383.260416666664
15,62.0,4.01,14,619.5,55383.26111111111
15,69.0,4.01,14,619.5,55383.26180555556
15,65.0,4.03,14,619.5,55383.2625
15,67.0,4.04,14,619.6,55383.263194444444
15,65.0,4.05,14,619.6,55383.26388888889
15,68.0,4.07,14,619.6,55383.26458333333
15,63.0,4.07,14,619.6,55383.26527777778
15,68.0,4.07,14,619.6,55383.26597222222
14,60.0,4.1,14,619.6,55383.26666666667
15,70.0,4.11,14,619.6,55383.26736111111
14,66.0,4.13,14,619.6,55383.268055555556
15,67.0,4.14,14,619.6,55383.26875
15,68.0,4.16,14,619.6,55383.26944444444
14,72.0,4.17,14,619.6,55383.27013888889
14,67.0,4.17,14,619.6,55383.270833333336
15,66.0,4.17,14,619.6,55383.271527777775
14,67.0,4.17,14,619.6,55383.27222222222
14,72.0,4.18,14,619.6,55383.27291666667
13,69.0,4.19,14,619.6,55383.27361111111
14,66.0,4.19,14,619.6,55383.274305555555
14,75.0,4.19,14,619.6,55383.275
14,66.0,4.19,14,619.6,55383.27569444444
14,65.0,4.17,14,619.6,55383.27638888889
14,62.0,4.15,14,619.6,55383.277083333334
14,62.0,4.13,13,619.6,55383.27777777778
14,65.0,4.1,13,619.6,55383.27847222222
14,65.0,4.08,14,619.6,55383.27916666667
14,64.0,4.06,14,619.6,55383.279861111114
14,70.0,4.04,14,619.6,55383.28055555555
12,65.0,4.05,14,619.7,55383.28125
13,64.0,4.07,14,619.7,55383.28194444445
13,67.0,4.07,14,619.7,55383.282638888886
13,65.0,4.09,14,619.7,55383.28333333333
13,68.0,4.08,14,619.6,55383.28402777778
12,68.0,4.08,14,619.7,55383.28472222222
13,69.0,4.07,14,619.7,55383.285416666666
13,68.0,4.07,14,619.6,55383.28611111111
13,65.0,4.07,14,619.6,55383.28680555556
13,67.0,4.07,14,619.6,55383.2875
14,57.0,4.07,14,619.6,55383.288194444445
13,67.0,4.08,14,619.7,55383.28888888889
12,66.0,4.08,14,619.7,55383.28958333333
12,65.0,4.07,14,619.7,55383.29027777778
12,64.0,4.07,14,619.7,55383.290972222225
12,67.0,4.08,13,619.7,55383.291666666664
12,64.0,4.07,13,619.7,55383.29236111111
13,63.0,4.06,14,619.7,55383.29305555556
13,65.0,4.06,14,619.7,55383.29375
12,60.0,4.07,14,619.7,55383.294444444444
13,64.0,4.07,14,619.7,55383.29513888889
13,64.0,4.05,14,619.7,55383.29583333333
13,68.0,4.04,14,619.7,55383.29652777778
12,64.0,4.04,14,619.7,55383.29722222222
12,67.0,4.04,14,619.7,55383.29791666667
12,65.0,4.03,14,619.7,55383.29861111111
12,65.0,4.02,14,619.7,55383.299305555556
12,62.0,4.01,14,619.7,55383.3
11,65.0,4.01,14,619.7,55383.30069444444
12,64.0,4.01,14,619.7,55383.30138888889
12,61.0,4.0,14,619.7,55383.302083333336
11,62.0,4.0,14,619.7,55383.302777777775
12,68.0,3.98,14,619.7,55383.30347222222
12,68.0,3.98,14,619.7,55383.30416666667
12,68.0,3.96,14,619.7,55383.30486111111
12,67.0,3.94,14,619.7,55383.305555555555
12,66.0,3.92,14,619.7,55383.30625
12,63.0,3.9,14,619.7,55383.30694444444
12,66.0,3.88,14,619.7,55383.30763888889
12,65.0,3.86,14,619.7,55383.308333333334
12,67.0,3.85,14,619.7,55383.30902777778
12,64.0,3.84,14,619.7,55383.30972222222
13,64.0,3.83,14,619.7,55383.31041666667
13,67.0,3.82,14,619.7,55383.311111111114
13,67.0,3.82,14,619.7,55383.31180555555
12,65.0,3.81,14,619.8,55383.3125
13,63.0,3.81,14,619.8,55383.31319444445
12,61.0,3.79,14,619.8,55383.313888888886
12,61.0,3.77,14,619.8,55383.31458333333
12,61.0,3.75,14,619.8,55383.31527777778
13,62.0,3.72,14,619.8,55383.31597222222
12,66.0,3.71,14,619.8,55383.316666666666
13,62.0,3.7,14,619.8,55383.31736111111
13,61.0,3.69,14,619.8,55383.31805555556
13,68.0,3.67,14,619.8,55383.31875
12,70.0,3.67,14,619.8,55383.319444444445
13,66.0,3.67,14,619.8,55383.32013888889
13,64.0,3.67,14,619.8,55383.32083333333
13,63.0,3.67,14,619.8,55383.32152777778
14,64.0,3.67,14,619.8,55383.322222222225
13,62.0,3.67,14,619.8,55383.322916666664
13,61.0,3.66,14,619.8,55383.32361111111
13,65.0,3.65,14,619.8,55383.32430555556
13,62.0,3.65,14,619.8,55383.325
13,66.0,3.65,14,619.8,55383.325694444444
12,65.0,3.65,14,619.8,55383.32638888889
12,66.0,3.64,14,619.8,55383.32708333333
12,67.0,3.64,14,619.8,55383.32777777778
13,66.0,3.62,14,619.8,55383.32847222222
13,67.0,3.61,14,619.8,55383.32916666667
13,66.0,3.61,14,619.8,55383.32986111111
12,71.0,3.61,14,619.8,55383.330555555556
12,68.0,3.63,14,619.9,55383.33125
12,65.0,3.64,14,619.9,55383.33194444444
13,70.0,3.66,14,619.9,55383.33263888889
12,70.0,3.67,14,619.9,55383.333333333336
11,70.0,3.68,14,619.9,55383.334027777775
12,73.0,3.71,14,619.9,55383.33472222222
13,73.0,3.73,14,619.8,55383.33541666667
12,75.0,3.76,14,619.8,55383.33611111111
12,78.0,3.8,14,619.8,55383.336805555555
11,83.0,3.83,14,619.8,55383.3375
11,73.0,3.86,14,619.8,55383.33819444444
13,74.0,3.89,14,619.8,55383.33888888889
11,73.0,3.93,14,619.8,55383.339583333334
12,75.0,3.96,14,619.8,55383.34027777778
12,73.0,3.99,14,619.8,55383.34097222222
12,77.0,4.02,14,619.8,55383.34166666667
12,75.0,4.04,14,619.8,55383.342361111114
11,77.0,4.07,14,619.8,55383.34305555555
11,73.0,4.09,14,619.8,55383.34375
11,73.0,4.11,14,619.8,55383.34444444445
12,78.0,4.12,14,619.9,55383.345138888886
10,79.0,4.13,14,619.9,55383.34583333333
11,72.0,4.13,14,619.9,55383.34652777778
11,70.0,4.15,14,619.9,55383.34722222222
11,77.0,4.16,14,619.9,55383.347916666666
10,89.0,4.16,14,619.9,55383.34861111111
10,77.0,4.16,14,619.9,55383.34930555556
10,74.0,4.16,14,619.9,55383.35
10,75.0,4.16,14,619.9,55383.350694444445
10,70.0,4.16,14,619.9,55383.35138888889
10,81.0,4.15,14,619.9,55383.35208333333
10,70.0,4.15,14,619.9,55383.35277777778
11,73.0,4.16,14,619.9,55383.353472222225
10,76.0,4.16,14,619.9,55383.354166666664
9,74.0,4.16,14,619.9,55383.35486111111
9,75.0,4.17,14,619.9,55383.35555555556
9,70.0,4.16,14,619.9,55383.35625
10,73.0,4.16,14,619.9,55383.356944444444
9,71.0,4.16,14,619.9,55383.35763888889
10,72.0,4.16,14,619.9,55383.35833333333
10,72.0,4.14,14,619.9,55383.35902777778
10,72.0,4.13,14,619.9,55383.35972222222
9,69.0,4.1,14,619.9,55383.36041666667
9,71.0,4.08,14,619.9,55383.36111111111
9,75.0,4.05,14,619.8,55383.361805555556
10,74.0,4.04,14,619.8,55383.3625
10,62.0,4.04,14,619.8,55383.36319444444
10,70.0,4.03,14,619.8,55383.36388888889
10,66.0,4.02,14,619.8,55383.364583333336
10,69.0,4.02,14,619.8,55383.365277777775
10,70.0,4.01,14,619.8,55383.36597222222
10,68.0,4.01,14,619.8,55383.36666666667
10,71.0,3.99,14,619.8,55383.36736111111
10,74.0,3.95,14,619.8,55383.368055555555
10,72.0,3.95,14,619.8,55383.36875
10,73.0,3.95,14,619.8,55383.36944444444
10,77.0,3.97,14,619.8,55383.37013888889
10,79.0,3.98,14,619.8,55383.370833333334
9,74.0,4.01,14,619.7,55383.37152777778
9,72.0,4.01,14,619.7,55383.37222222222
10,73.0,4.03,14,619.7,55383.37291666667
10,71.0,4.04,14,619.8,55383.373611111114
10,66.0,4.04,14,619.8,55383.37430555555
10,72.0,4.04,14,619.8,55383.375
10,76.0,4.04,14,619.8,55383.37569444445
10,66.0,4.03,14,619.8,55383.376388888886
9,68.0,4.01,14,619.8,55383.37708333333
9,69.0,4.02,14,619.8,55383.37777777778
9,73.0,4.04,14,619.8,55383.37847222222
9,76.0,4.04,14,619.8,55383.379166666666
9,73.0,4.07,14,619.7,55383.37986111111
9,73.0,4.09,14,619.7,55383.38055555556
10,68.0,4.1,14,619.7,55383.38125
10,76.0,4.1,14,619.7,55383.381944444445
10,71.0,4.11,14,619.7,55383.38263888889
10,70.0,4.11,14,619.7,55383.38333333333
10,69.0,4.1,14,619.7,55383.38402777778
11,69.0,4.1,14,619.7,55383.384722222225
11,72.0,4.09,13,619.7,55383.385416666664
11,67.0,4.08,13,619.7,55383.38611111111
10,69.0,4.08,13,619.7,55383.38680555556
10,71.0,4.1,14,619.7,55383.3875
10,72.0,4.12,13,619.7,55383.388194444444
10,70.0,4.13,13,619.7,55383.38888888889
10,72.0,4.15,13,619.7,55383.38958333333
10,64.0,4.16,14,619.7,55383.39027777778
10,66.0,4.16,14,619.7,55383.39097222222
11,70.0,4.16,14,619.7,55383.39166666667
11,67.0,4.14,13,619.7,55383.39236111111
11,70.0,4.1,13,619.7,55383.393055555556
10,69.0,4.07,13,619.6,55383.39375
10,71.0,4.04,13,619.6,55383.39444444444
10,68.0,4.03,13,619.6,55383.39513888889
10,69.0,4.01,13,619.6,55383.395833333336
10,68.0,4.01,13,619.6,55383.396527777775
10,66.0,4.01,13,619.6,55383.39722222222
10,73.0,4.01,13,619.6,55383.39791666667
10,69.0,4.01,13,619.6,55383.39861111111
10,68.0,4.01,13,619.6,55383.399305555555
10,68.0,4.01,13,619.6,55383.4
10,67.0,3.99,13,619.6,55383.40069444444
10,66.0,3.98,13,619.6,55383.40138888889
10,75.0,3.96,13,619.6,55383.402083333334
9,65.0,3.95,13,619.6,55383.40277777778
9,70.0,3.95,13,619.6,55383.40347222222
9,69.0,3.95,13,619.6,55383.40416666667
9,65.0,3.97,13,619.6,55383.404861111114
9,71.0,3.99,13,619.6,55383.40555555555
9,70.0,4.03,13,619.6,55383.40625
9,71.0,4.07,13,619.6,55383.40694444445
8,70.0,4.12,13,619.6,55383.407638888886
8,77.0,4.17,13,619.6,55383.40833333333
7,65.0,4.22,13,619.6,55383.40902777778
8,77.0,4.27,13,619.6,55383.40972222222
8,82.0,4.33,12,619.6,55383.410416666666
8,77.0,4.39,12,619.5,55383.41111111111
8,76.0,4.44,12,619.5,55383.41180555556
8,77.0,4.48,12,619.5,55383.4125
8,90.0,4.51,12,619.5,55383.413194444445
8,85.0,4.53,12,619.5,55383.41388888889
7,85.0,4.55,12,619.5,55383.41458333333
7,81.0,4.55,12,619.5,55383.41527777778
8,78.0,4.55,12,619.5,55383.415972222225
