wind_speed,wind_direction,temperature,relative_humidity,pressure,mjd
18,163,3.13,39,619.7,57512.416666666664
14,178,3.11,39,619.7,57512.41736111111
16,58,3.08,39,619.7,57512.41805555556
18,86,3.04,39,619.7,57512.41875
19,167,3.02,39,619.8,57512.419444444444
18,176,2.99,39,619.8,57512.42013888889
16,148,2.97,39,619.8,57512.42083333333
17,130,2.96,39,619.7,57512.42152777778
13,177,2.97,39,619.7,57512.42222222222
16,109,2.95,39,619.7,57512.42291666667
18,167,2.94,39,619.7,57512.42361111111
16,1,2.95,39,619.7,57512.424305555556
17,170,2.97,39,619.6,57512.425
15,33,2.97,39,619.7,57512.42569444444
15,170,2.99,39,619.6,57512.42638888889
18,9,2.98,39,619.6,57512.427083333336
18,171,2.97,39,619.6,57512.427777777775
17,3,2.94,39,619.6,57512.42847222222
17,23,2.93,39,619.6,57512.42916666667
17,31,2.91,40,619.5,57512.42986111111
19,78,2.91,39,619.5,57512.430555555555
17,170,2.91,39,619.5,57512.43125
17,0,2.89,39,619.5,57512.43194444444
20,1,2.88,39,619.5,57512.43263888889
19,5,2.87,39,619.5,57512.433333333334
19,2,2.88,39,619.5,57512.43402777778
19,135,2.88,39,619.5,57512.43472222222
19,143,2.9,39,619.5,57512.43541666667
15,143,2.91,39,619.4,57512.436111111114
17,104,2.92,39,619.4,57512.43680555555
19,50,2.94,39,619.4,57512.4375
20,173,2.94,39,619.4,57512.43819444445
20,129,2.94,39,619.4,57512.438888888886
21,42,2.94,39,619.4,57512.43958333333
19,168,2.94,39,619.4,57512.44027777778
19,173,2.95,39,619.4,57512.44097222222
18,114,2.98,39,619.4,57512.441666666666
16,159,3.02,39,619.4,57512.44236111111
19,2,3.04,39,619.4,57512.44305555556
21,1,3.05,39,619.4,57512.44375
19,118,3.06,39,619.4,57512.444444444445
20,24,3.06,39,619.3,57512.44513888889
21,148,3.06,38,619.3,57512.44583333333
17,74,3.05,38,619.3,57512.44652777778
20,117,3.06,39,619.2,57512.447222222225
20,3,3.06,39,619.2,57512.447916666664
21,66,3.06,39,619.2,57512.44861111111
20,15,3.05,38,619.2,57512.44930555556
21,0,3.04,38,619.2,57512.45
18,126,3.05,39,619.2,57512.450694444444
20,149,3.06,39,619.1,57512.45138888889
19,10,3.06,38,619.2,57512.45208333333
17,96,3.07,39,619.2,57512.45277777778
16,43,3.07,39,619.2,57512.45347222222
15,3,3.06,38,619.2,57512.45416666667
14,1,3.06,38,619.2,57512.45486111111
15,15,3.06,38,619.2,57512.455555555556
17,95,3.03,38,619.2,57512.45625
15,172,3.03,38,619.2,57512.45694444444
16,12,3.03,39,619.2,57512.45763888889
14,7,3.03,39,619.2,57512.458333333336
15,2,3.0,40,619.2,57512.459027777775
17,2,2.97,39,619.2,57512.45972222222
15,0,2.93,39,619.2,57512.46041666667
16,0,2.91,38,619.2,57512.46111111111
16,1,2.91,39,619.2,57512.461805555555
17,115,2.92,39,619.2,57512.4625
19,0,2.92,37,619.2,57512.46319444444
15,163,2.95,37,619.2,57512.46388888889
15,146,2.99,38,619.1,57512.464583333334
17,148,3.03,38,619.1,57512.46527777778
17,159,3.05,37,619.1,57512.46597222222
15,0,3.08,38,619.1,57512.46666666667
16,168,3.12,38,619.1,57512.467361111114
18,129,3.13,37,619.1,57512.46805555555
20,3,3.15,36,619.1,57512.46875
20,169,3.18,36,619.1,57512.46944444445
19,0,3.23,37,619.1,57512.470138888886
17,13,3.27,37,619.1,57512.47083333333
20,13,3.28,36,619.1,57512.47152777778
20,153,3.29,36,619.1,57512.47222222222
19,65,3.31,36,619.1,57512.472916666666
17,16,3.32,36,619.1,57512.47361111111
18,1,3.34,36,619.1,57512.47430555556
18,87,3.36,36,619.1,57512.475
19,167,3.37,36,619.1,57512.475694444445
17,47,3.37,36,619.1,57512.47638888889
14,0,3.37,35,619.1,57512.47708333333
15,164,3.38,37,619.1,57512.47777777778
17,1,3.37,36,619.0,57512.478472222225
17,145,3.36,35,619.1,57512.479166666664
12,0,3.37,36,619.1,57512.47986111111
13,42,3.37,36,619.1,57512.48055555556
14,169,3.35,36,619.1,57512.48125
13,3,3.34,36,619.1,57512.481944444444
15,172,3.34,36,619.1,57512.48263888889
14,0,3.35,35,619.0,57512.48333333333
13,180,3.38,35,619.0,57512.48402777778
11,35,3.4,36,619.0,57512.48472222222
12,3,3.42,36,619.0,57512.48541666667
14,131,3.41,35,619.0,57512.48611111111
15,168,3.4,35,619.0,57512.486805555556
15,7,3.38,35,619.0,57512.4875
12,167,3.38,36,619.0,57512.48819444444
14,18,3.37,36,619.0,57512.48888888889
14,51,3.37,35,619.0,57512.489583333336
13,169,3.37,35,619.0,57512.490277777775
14,0,3.37,35,619.0,57512.49097222222
14,168,3.39,36,619.0,57512.49166666667
16,1,3.4,35,618.9,57512.49236111111
16,0,3.4,34,619.0,57512.493055555555
14,61,3.42,35,619.0,57512.49375
15,11,3.45,36,619.0,57512.49444444444
14,0,3.45,36,619.0,57512.49513888889
13,12,3.43,37,618.9,57512.495833333334
12,173,3.39,37,618.9,57512.49652777778
12,3,3.33,37,618.9,57512.49722222222
11,112,3.27,37,618.9,57512.49791666667
13,0,3.2,37,618.9,57512.498611111114
11,144,3.13,38,618.9,57512.49930555555
11,0,3.06,38,618.9,57512.5
14,0,3.0,38,618.8,57512.50069444445
15,20,2.97,37,618.8,57512.501388888886
13,0,2.97,37,618.8,57512.50208333333
13,0,3.01,37,618.8,57512.50277777778
10,4,3.04,37,618.8,57512.50347222222
11,19,3.06,38,618.8,57512.504166666666
12,0,3.06,38,618.8,57512.50486111111
11,127,3.04,38,618.8,57512.50555555556
9,185,3.03,38,618.8,57512.50625
11,110,3.0,38,618.8,57512.506944444445
12,3,2.97,38,618.8,57512.50763888889
11,89,2.95,38,618.7,57512.50833333333
12,138,2.94,38,618.7,57512.50902777778
13,175,2.92,38,618.7,57512.509722222225
15,1,2.91,38,618.7,57512.510416666664
14,2,2.91,37,618.7,57512.51111111111
12,109,2.93,38,618.7,57512.51180555556
13,10,2.95,38,618.7,57512.5125
13,171,2.97,38,618.7,57512.513194444444
13,1,2.97,38,618.6,57512.51388888889
13,1,2.97,38,618.6,57512.51458333333
16,2,2.95,37,618.6,57512.51527777778
18,2,2.95,36,618.6,57512.51597222222
15,167,2.99,37,618.6,57512.51666666667
15,170,3.03,37,618.6,57512.51736111111
14,161,3.06,37,618.6,57512.518055555556
15,2,3.08,37,618.6,57512.51875
17,1,3.08,37,618.6,57512.51944444444
16,6,3.09,36,618.6,57512.52013888889
15,0,3.1,37,618.6,57512.520833333336
13,0,3.12,37,618.6,57512.521527777775
9,154,3.14,37,618.6,57512.52222222222
13,102,3.13,37,618.6,57512.52291666667
14,173,3.1,37,618.6,57512.52361111111
12,132,3.06,37,618.6,57512.524305555555
14,12,3.02,37,618.5,57512.525
14,2,2.99,37,618.6,57512.52569444444
13,73,2.98,37,618.6,57512.52638888889
15,3,2.97,37,618.6,57512.527083333334
14,0,2.98,37,618.6,57512.52777777778
14,165,2.99,37,618.6,57512.52847222222
12,107,2.99,37,618.6,57512.52916666667
12,168,2.99,38,618.6,57512.529861111114
11,185,2.97,38,618.5,57512.53055555555
11,33,2.93,38,618.5,57512.53125
12,0,2.87,37,618.5,57512.53194444445
15,0,2.82,36,618.5,57512.532638888886
15,98,2.81,36,618.5,57512.53333333333
13,144,2.83,37,618.5,57512.53402777778
11,165,2.88,37,618.5,57512.53472222222
11,3,2.91,37,618.5,57512.535416666666
13,6,2.91,36,618.5,57512.53611111111
14,0,2.91,35,618.5,57512.53680555556
16,0,2.93,34,618.5,57512.5375
17,178,2.98,31,618.5,57512.538194444445
15,146,3.09,31,618.5,57512.53888888889
13,0,3.21,33,618.5,57512.53958333333
12,174,3.32,34,618.5,57512.54027777778
10,107,3.39,34,618.5,57512.540972222225
10,12,3.43,34,618.5,57512.541666666664
12,169,3.43,34,618.4,57512.54236111111
14,39,3.43,32,618.4,57512.54305555556
14,19,3.43,32,618.4,57512.54375
11,183,3.44,32,618.5,57512.544444444444
10,196,3.46,32,618.5,57512.54513888889
9,4,3.49,33,618.4,57512.54583333333
11,25,3.48,33,618.4,57512.54652777778
14,75,3.47,31,618.4,57512.54722222222
11,182,3.49,30,618.5,57512.54791666667
11,176,3.52,31,618.4,57512.54861111111
14,161,3.54,31,618.4,57512.549305555556
13,16,3.57,31,618.4,57512.55
12,7,3.6,31,618.4,57512.55069444444
15,1,3.63,31,618.4,57512.55138888889
12,22,3.64,31,618.4,57512.552083333336
14,81,3.64,31,618.4,57512.552777777775
12,175,3.65,32,618.4,57512.55347222222
14,4,3.65,32,618.4,57512.55416666667
15,1,3.64,30,618.4,57512.55486111111
17,8,3.64,31,618.4,57512.555555555555
13,1,3.65,31,618.4,57512.55625
15,158,3.67,30,618.4,57512.55694444444
12,11,3.69,29,618.4,57512.55763888889
13,35,3.71,30,618.4,57512.558333333334
15,0,3.7,29,618.4,57512.55902777778
16,0,3.7,28,618.4,57512.55972222222
13,2,3.71,30,618.4,57512.56041666667
9,16,3.73,31,618.4,57512.561111111114
11,175,3.73,32,618.4,57512.56180555555
12,25,3.7,32,618.4,57512.5625
12,1,3.67,33,618.4,57512.56319444445
12,159,3.63,33,618.4,57512.563888888886
14,79,3.57,33,618.4,57512.56458333333
14,165,3.54,33,618.4,57512.56527777778
13,0,3.52,33,618.4,57512.56597222222
14,83,3.49,32,618.4,57512.566666666666
13,2,3.48,32,618.4,57512.56736111111
13,1,3.49,32,618.4,57512.56805555556
11,33,3.51,32,618.3,57512.56875
11,157,3.52,33,618.3,57512.569444444445
16,63,3.52,31,618.3,57512.57013888889
15,0,3.52,30,618.3,57512.57083333333
16,0,3.52,30,618.3,57512.57152777778
14,19,3.55,29,618.3,57512.572222222225
14,0,3.57,31,618.3,57512.572916666664
14,3,3.58,30,618.3,57512.57361111111
13,168,3.61,32,618.3,57512.57430555556
15,0,3.61,31,618.3,57512.575
17,19,3.61,29,618.3,57512.575694444444
15,0,3.61,29,618.2,57512.57638888889
16,0,3.63,29,618.2,57512.57708333333
16,1,3.65,29,618.2,57512.57777777778
14,0,3.67,30,618.2,57512.57847222222
14,0,3.67,30,618.2,57512.57916666667
15,0,3.65,29,618.2,57512.57986111111
16,0,3.62,29,618.2,57512.580555555556
16,21,3.59,29,618.2,57512.58125
17,167,3.57,29,618.2,57512.58194444444
18,165,3.54,29,618.2,57512.58263888889
17,0,3.53,29,618.2,57512.583333333336
14,113,3.54,30,618.2,57512.584027777775
12,173,3.55,30,618.2,57512.58472222222
12,0,3.55,31,618.2,57512.58541666667
14,133,3.53,32,618.2,57512.58611111111
15,0,3.49,31,618.2,57512.586805555555
17,169,3.46,30,618.2,57512.5875
17,87,3.43,31,618.2,57512.58819444444
15,160,3.43,34,618.2,57512.58888888889
14,0,3.41,34,618.2,57512.589583333334
15,40,3.38,34,618.2,57512.59027777778
17,159,3.32,32,618.2,57512.59097222222
12,1,3.27,32,618.2,57512.59166666667
17,0,3.24,31,618.1,57512.592361111114
17,11,3.21,30,618.2,57512.59305555555
15,0,3.22,31,618.2,57512.59375
16,152,3.24,32,618.2,57512.59444444445
16,0,3.25,31,618.2,57512.595138888886
17,5,3.27,31,618.2,57512.59583333333
16,1,3.28,32,618.2,57512.59652777778
18,151,3.3,33,618.2,57512.59722222222
17,145,3.3,32,618.2,57512.597916666666
15,0,3.3,34,618.2,57512.59861111111
16,0,3.28,35,618.2,57512.59930555556
16,138,3.25,35,618.2,57512.6
18,149,3.2,34,618.2,57512.600694444445
19,119,3.17,31,618.2,57512.60138888889
16,154,3.16,31,618.2,57512.60208333333
15,5,3.18,33,618.2,57512.60277777778
20,128,3.17,32,618.2,57512.603472222225
23,69,3.14,30,618.2,57512.604166666664
21,149,3.13,29,618.2,57512.60486111111
19,1,3.17,30,618.1,57512.60555555556
19,5,3.22,31,618.1,57512.60625
18,146,3.27,30,618.1,57512.606944444444
21,3,3.32,29,618.1,57512.60763888889
21,113,3.36,29,618.1,57512.60833333333
19,36,3.39,31,618.1,57512.60902777778
18,1,3.41,32,618.1,57512.60972222222
18,0,3.41,32,618.1,57512.61041666667
19,144,3.4,33,618.1,57512.61111111111
19,165,3.36,32,618.2,57512.611805555556
18,0,3.33,34,618.2,57512.6125
19,0,3.27,33,618.2,57512.61319444444
18,138,3.22,33,618.2,57512.61388888889
20,4,3.17,30,618.2,57512.614583333336
21,62,3.15,29,618.2,57512.615277777775
22,59,3.16,30,618.2,57512.61597222222
22,159,3.19,30,618.1,57512.61666666667
22,3,3.23,30,618.1,57512.61736111111
21,3,3.25,31,618.2,57512.618055555555
17,1,3.27,32,618.2,57512.61875
19,165,3.27,33,618.1,57512.61944444444
21,0,3.25,32,618.2,57512.62013888889
20,0,3.22,33,618.2,57512.620833333334
20,110,3.18,32,618.2,57512.62152777778
19,74,3.14,33,618.2,57512.62222222222
19,9,3.11,33,618.3,57512.62291666667
18,158,3.08,34,618.3,57512.623611111114
18,165,3.04,32,618.3,57512.62430555555
17,84,3.02,33,618.3,57512.625
19,165,3.0,33,618.3,57512.62569444445
20,12,2.99,34,618.3,57512.626388888886
19,1,2.97,34,618.3,57512.62708333333
19,123,2.94,35,618.3,57512.62777777778
18,163,2.92,35,618.3,57512.62847222222
18,1,2.91,37,618.3,57512.629166666666
18,0,2.89,36,618.3,57512.62986111111
17,161,2.87,36,618.3,57512.63055555556
16,164,2.85,37,618.3,57512.63125
16,86,2.82,37,618.3,57512.631944444445
17,144,2.8,37,618.3,57512.63263888889
17,0,2.77,37,618.3,57512.63333333333
17,0,2.74,36,618.3,57512.63402777778
15,0,2.72,37,618.3,57512.634722222225
17,0,2.71,37,618.3,57512.635416666664
17,163,2.7,38,618.3,57512.63611111111
16,0,2.68,38,618.3,57512.63680555556
17,0,2.66,38,618.3,57512.6375
17,102,2.63,38,618.4,57512.638194444444
15,0,2.61,38,618.4,57512.63888888889
15,11,2.6,38,618.4,57512.63958333333
15,144,2.58,38,618.4,57512.64027777778
14,12,2.57,38,618.3,57512.64097222222
15,175,2.57,38,618.3,57512.64166666667
14,99,2.57,38,618.3,57512.64236111111
14,3,2.55,38,618.3,57512.643055555556
15,176,2.51,38,618.3,57512.64375
17,3,2.49,37,618.3,57512.64444444444
17,32,2.48,35,618.3,57512.64513888889
13,0,2.49,35,618.3,57512.645833333336
16,0,2.51,37,618.3,57512.646527777775
16,170,2.53,37,618.3,57512.64722222222
16,0,2.54,37,618.3,57512.64791666667
16,176,2.54,37,618.3,57512.64861111111
15,126,2.55,36,618.3,57512.649305555555
15,0,2.57,36,618.3,57512.65
16,0,2.58,36,618.4,57512.65069444444
18,92,2.58,35,618.3,57512.65138888889
18,0,2.59,35,618.4,57512.652083333334
16,0,2.59,37,618.4,57512.65277777778
17,0,2.59,37,618.4,57512.65347222222
18,0,2.57,36,618.4,57512.65416666667
18,0,2.57,34,618.4,57512.654861111114
15,177,2.6,36,618.4,57512.65555555555
13,4,2.63,35,618.4,57512.65625
11,128,2.66,35,618.4,57512.65694444445
14,44,2.69,36,618.4,57512.657638888886
13,0,2.71,36,618.4,57512.65833333333
14,0,2.7,36,618.4,57512.65902777778
16,0,2.67,36,618.5,57512.65972222222
14,187,2.65,36,618.5,57512.660416666666
13,163,2.63,37,618.5,57512.66111111111
14,144,2.61,36,618.5,57512.66180555556
12,16,2.59,37,618.5,57512.6625
12,4,2.55,37,618.5,57512.663194444445
10,7,2.51,37,618.5,57512.66388888889
11,12,2.47,37,618.5,57512.66458333333
12,1,2.43,37,618.5,57512.66527777778
12,157,2.41,38,618.6,57512.665972222225
12,164,2.39,38,618.6,57512.666666666664
12,81,2.39,38,618.5,57512.66736111111
13,0,2.39,38,618.5,57512.66805555556
14,124,2.4,38,618.6,57512.66875
13,0,2.44,38,618.6,57512.669444444444
14,8,2.47,38,618.5,57512.67013888889
13,0,2.51,38,618.6,57512.67083333333
13,0,2.54,38,618.6,57512.67152777778
13,175,2.56,38,618.6,57512.67222222222
13,1,2.58,38,618.6,57512.67291666667
12,65,2.61,38,618.6,57512.67361111111
13,165,2.64,37,618.6,57512.674305555556
13,0,2.67,37,618.6,57512.675
13,0,2.7,37,618.6,57512.67569444444
13,0,2.73,37,618.6,57512.67638888889
12,5,2.76,37,618.6,57512.677083333336
12,139,2.79,37,618.7,57512.677777777775
12,2,2.83,37,618.7,57512.67847222222
11,0,2.86,37,618.7,57512.67916666667
12,19,2.89,37,618.7,57512.67986111111
12,8,2.93,36,618.7,57512.680555555555
13,6,2.98,36,618.8,57512.68125
12,170,3.02,35,618.8,57512.68194444444
15,5,3.06,34,618.7,57512.68263888889
13,172,3.1,33,618.8,57512.683333333334
12,151,3.13,33,618.8,57512.68402777778
12,0,3.15,33,618.8,57512.68472222222
13,1,3.18,32,618.9,57512.68541666667
11,59,3.19,32,618.9,57512.686111111114
12,172,3.21,32,618.9,57512.68680555555
13,171,3.23,31,618.9,57512.6875
11,188,3.26,31,618.9,57512.68819444445
11,0,3.29,32,618.8,57512.688888888886
12,172,3.33,32,618.9,57512.68958333333
13,59,3.35,32,618.9,57512.69027777778
14,188,3.37,31,618.9,57512.69097222222
13,12,3.4,31,618.9,57512.691666666666
12,187,3.43,31,618.9,57512.69236111111
13,0,3.48,31,618.9,57512.69305555556
12,94,3.51,31,618.9,57512.69375
12,71,3.56,31,618.9,57512.694444444445
13,128,3.6,31,618.9,57512.69513888889
11,0,3.64,30,619.0,57512.69583333333
13,8,3.69,30,619.0,57512.69652777778
11,30,3.73,30,619.0,57512.697222222225
13,1,3.78,30,619.0,57512.697916666664
14,0,3.81,30,619.0,57512.69861111111
13,92,3.83,30,619.0,57512.69930555556
13,0,3.85,30,619.0,57512.7
15,0,3.86,30,619.0,57512.700694444444
16,0,3.88,30,619.0,57512.70138888889
16,0,3.89,30,619.0,57512.70208333333
15,5,3.9,30,619.0,57512.70277777778
16,152,3.91,30,619.0,57512.70347222222
16,172,3.92,30,619.0,57512.70416666667
11,180,3.93,30,619.0,57512.70486111111
13,171,3.92,31,619.0,57512.705555555556
14,12,3.92,31,619.0,57512.70625
16,11,3.92,31,619.0,57512.70694444444
15,0,3.92,31,619.0,57512.70763888889
15,160,3.92,31,619.0,57512.708333333336
15,174,3.9,31,619.0,57512.709027777775
13,1,3.88,31,619.0,57512.70972222222
14,157,3.86,32,619.1,57512.71041666667
15,19,3.86,31,619.1,57512.71111111111
15,10,3.89,31,619.1,57512.711805555555
16,107,3.91,30,619.1,57512.7125
16,172,3.93,29,619.1,57512.71319444444
13,129,3.96,28,619.1,57512.71388888889
11,84,4.0,29,619.1,57512.714583333334
13,0,4.06,30,619.1,57512.71527777778
14,5,4.12,29,619.1,57512.71597222222
14,165,4.17,29,619.1,57512.71666666667
14,0,4.2,30,619.2,57512.717361111114
14,68,4.23,29,619.2,57512.71805555555
11,201,4.27,30,619.2,57512.71875
13,0,4.31,31,619.1,57512.71944444445
15,162,4.33,31,619.1,57512.720138888886
17,1,4.34,30,619.1,57512.72083333333
18,0,4.38,29,619.1,57512.72152777778
17,0,4.44,28,619.2,57512.72222222222
17,3,4.51,28,619.2,57512.722916666666
17,29,4.56,28,619.2,57512.72361111111
17,0,4.6,28,619.1,57512.72430555556
18,0,4.63,27,619.2,57512.725
18,58,4.66,26,619.2,57512.725694444445
16,0,4.69,26,619.2,57512.72638888889
16,159,4.72,27,619.2,57512.72708333333
14,179,4.75,27,619.2,57512.72777777778
16,86,4.78,27,619.2,57512.728472222225
17,0,4.82,27,619.2,57512.729166666664
15,80,4.85,27,619.2,57512.72986111111
16,0,4.86,26,619.3,57512.73055555556
13,14,4.87,27,619.3,57512.73125
14,169,4.91,28,619.3,57512.731944444444
16,124,4.98,27,619.3,57512.73263888889
12,7,5.05,26,619.3,57512.73333333333
12,184,5.1,26,619.3,57512.73402777778
14,0,5.14,27,619.3,57512.73472222222
12,190,5.18,27,619.3,57512.73541666667
13,1,5.21,27,619.4,57512.73611111111
14,4,5.25,27,619.4,57512.736805555556
14,0,5.3,27,619.4,57512.7375
15,0,5.32,27,619.4,57512.73819444444
15,73,5.32,26,619.4,57512.73888888889
16,31,5.32,25,619.4,57512.739583333336
17,1,5.31,24,619.4,57512.740277777775
14,206,5.29,24,619.4,57512.74097222222
15,167,5.26,25,619.4,57512.74166666667
9,187,5.26,26,619.4,57512.74236111111
11,0,5.26,26,619.4,57512.743055555555
15,0,5.26,27,619.4,57512.74375
17,186,5.28,25,619.4,57512.74444444444
12,206,5.31,25,619.4,57512.74513888889
15,0,5.36,25,619.4,57512.745833333334
15,0,5.42,25,619.4,57512.74652777778
16,3,5.46,25,619.4,57512.74722222222
20,0,5.51,25,619.4,57512.74791666667
19,3,5.57,24,619.4,57512.748611111114
17,1,5.63,25,619.4,57512.74930555555
15,1,5.65,26,619.4,57512.75
15,66,5.65,27,619.4,57512.75069444445
18,165,5.63,26,619.4,57512.751388888886
17,166,5.63,25,619.5,57512.75208333333
15,136,5.63,26,619.5,57512.75277777778
15,0,5.61,27,619.5,57512.75347222222
15,0,5.6,27,619.5,57512.754166666666
15,0,5.56,27,619.5,57512.75486111111
17,0,5.52,26,619.5,57512.75555555556
18,0,5.5,26,619.5,57512.75625
15,0,5.49,26,619.6,57512.756944444445
15,189,5.45,28,619.6,57512.75763888889
16,1,5.4,28,619.6,57512.75833333333
17,111,5.38,28,619.6,57512.75902777778
19,3,5.42,26,619.6,57512.759722222225
19,54,5.45,25,619.5,57512.760416666664
15,127,5.46,26,619.6,57512.76111111111
15,0,5.46,27,619.6,57512.76180555556
17,0,5.48,28,619.6,57512.7625
18,0,5.5,26,619.5,57512.763194444444
18,127,5.52,25,619.6,57512.76388888889
17,158,5.55,25,619.6,57512.76458333333
18,135,5.6,25,619.6,57512.76527777778
18,3,5.63,25,619.6,57512.76597222222
19,0,5.65,25,619.6,57512.76666666667
16,1,5.65,26,619.6,57512.76736111111
19,98,5.65,26,619.6,57512.768055555556
19,3,5.64,25,619.6,57512.76875
17,0,5.65,26,619.6,57512.76944444444
17,129,5.65,25,619.6,57512.77013888889
18,0,5.63,25,619.6,57512.770833333336
15,0,5.6,25,619.6,57512.771527777775
17,157,5.59,27,619.6,57512.77222222222
19,126,5.59,25,619.6,57512.77291666667
20,15,5.59,26,619.6,57512.77361111111
20,78,5.61,26,619.6,57512.774305555555
21,134,5.65,26,619.6,57512.775
20,147,5.7,25,619.6,57512.77569444444
20,41,5.72,26,619.7,57512.77638888889
19,0,5.72,25,619.7,57512.777083333334
17,145,5.73,25,619.7,57512.77777777778
18,27,5.75,24,619.7,57512.77847222222
17,128,5.8,24,619.6,57512.77916666667
21,0,5.87,24,619.7,57512.779861111114
17,3,5.92,25,619.7,57512.78055555555
16,121,5.98,25,619.6,57512.78125
19,43,6.11,25,619.7,57512.78194444445
19,0,6.25,25,619.6,57512.782638888886
18,2,6.34,25,619.7,57512.78333333333
20,0,6.37,24,619.7,57512.78402777778
17,145,6.38,23,619.6,57512.78472222222
22,0,6.42,24,619.6,57512.785416666666
20,0,6.46,24,619.6,57512.78611111111
21,84,6.48,24,619.7,57512.78680555556
18,6,6.49,23,619.7,57512.7875
18,165,6.51,23,619.7,57512.788194444445
18,1,6.51,24,619.7,57512.78888888889
19,160,6.51,23,619.7,57512.78958333333
21,11,6.5,23,619.7,57512.79027777778
16,0,6.49,23,619.7,57512.790972222225
16,36,6.47,24,619.7,57512.791666666664
18,154,6.46,23,619.7,57512.79236111111
19,0,6.49,22,619.7,57512.79305555556
19,121,6.53,23,619.7,57512.79375
19,89,6.54,24,619.7,57512.794444444444
23,1,6.54,24,619.7,57512.79513888889
18,0,6.56,23,619.7,57512.79583333333
19,131,6.58,23,619.7,57512.79652777778
21,0,6.63,23,619.7,57512.79722222222
22,133,6.71,23,619.7,57512.79791666667
22,0,6.73,23,619.8,57512.79861111111
19,0,6.72,23,619.8,57512.799305555556
18,158,6.68,23,619.8,57512.8
19,117,6.64,23,619.7,57512.80069444444
18,3,6.6,22,619.8,57512.80138888889
20,158,6.6,23,619.8,57512.802083333336
21,5,6.6,22,619.7,57512.802777777775
19,89,6.6,22,619.7,57512.80347222222
14,0,6.58,24,619.8,57512.80416666667
15,0,6.54,24,619.8,57512.80486111111
16,0,6.52,24,619.8,57512.805555555555
16,21,6.54,23,619.8,57512.80625
17,3,6.59,23,619.8,57512.80694444444
19,148,6.65,22,619.8,57512.80763888889
17,14,6.71,23,619.8,57512.808333333334
14,33,6.77,23,619.8,57512.80902777778
22,165,6.82,23,619.8,57512.80972222222
19,45,6.88,22,619.8,57512.81041666667
16,1,6.93,23,619.8,57512.811111111114
18,135,6.95,23,619.8,57512.81180555555
20,91,7.01,22,619.8,57512.8125
17,3,7.12,21,619.8,57512.81319444445
21,165,7.21,22,619.8,57512.813888888886
18,116,7.27,23,619.8,57512.81458333333
18,14,7.3,23,619.8,57512.81527777778
16,159,7.3,24,619.9,57512.81597222222
16,0,7.3,24,619.8,57512.816666666666
21,146,7.3,24,619.9,57512.81736111111
21,171,7.32,23,619.8,57512.81805555556
21,1,7.37,24,619.8,57512.81875
20,27,7.43,22,619.8,57512.819444444445
17,145,7.46,23,619.8,57512.82013888889
17,0,7.45,22,619.8,57512.82083333333
17,12,7.41,23,619.8,57512.82152777778
21,0,7.4,21,619.8,57512.822222222225
19,136,7.47,22,619.8,57512.822916666664
18,0,7.58,23,619.8,57512.82361111111
18,168,7.64,21,619.8,57512.82430555556
21,0,7.64,20,619.8,57512.825
19,165,7.64,21,619.8,57512.825694444444
18,107,7.63,22,619.8,57512.82638888889
19,173,7.58,22,619.8,57512.82708333333
17,33,7.54,22,619.8,57512.82777777778
17,173,7.51,22,619.8,57512.82847222222
17,69,7.51,22,619.8,57512.82916666667
15,177,7.53,22,619.8,57512.82986111111
20,51,7.56,22,619.8,57512.830555555556
18,0,7.58,21,619.8,57512.83125
16,90,7.57,21,619.9,57512.83194444444
19,1,7.55,22,619.8,57512.83263888889
18,155,7.54,21,619.8,57512.833333333336
16,172,7.52,22,619.8,57512.834027777775
14,63,7.55,22,619.9,57512.83472222222
14,179,7.6,23,619.8,57512.83541666667
15,169,7.6,23,619.8,57512.83611111111
20,143,7.58,22,619.8,57512.836805555555
16,0,7.58,22,619.9,57512.8375
21,2,7.62,22,619.9,57512.83819444444
17,172,7.67,20,619.9,57512.83888888889
18,185,7.7,22,619.9,57512.839583333334
16,0,7.73,24,619.9,57512.84027777778
19,0,7.75,23,619.9,57512.84097222222
20,3,7.79,21,619.9,57512.84166666667
19,89,7.82,23,619.9,57512.842361111114
20,1,7.82,21,619.9,57512.84305555555
19,167,7.79,22,619.9,57512.84375
19,171,7.75,23,619.9,57512.84444444445
16,4,7.7,23,619.9,57512.845138888886
17,170,7.64,24,619.9,57512.84583333333
20,163,7.64,25,619.9,57512.84652777778
20,2,7.68,23,619.8,57512.84722222222
21,0,7.72,22,619.8,57512.847916666666
20,1,7.73,22,619.8,57512.84861111111
18,1,7.76,24,619.8,57512.84930555556
20,0,7.72,24,619.8,57512.85
19,1,7.65,22,619.8,57512.850694444445
20,164,7.59,21,619.9,57512.85138888889
16,32,7.54,22,619.9,57512.85208333333
18,0,7.5,23,619.8,57512.85277777778
17,0,7.49,22,619.8,57512.853472222225
16,68,7.49,23,619.8,57512.854166666664
15,177,7.51,22,619.8,57512.85486111111
20,79,7.54,22,619.8,57512.85555555556
17,57,7.55,21,619.8,57512.85625
19,5,7.57,20,619.8,57512.856944444444
20,22,7.6,20,619.8,57512.85763888889
20,58,7.61,21,619.8,57512.85833333333
19,0,7.62,21,619.8,57512.85902777778
18,0,7.63,22,619.8,57512.85972222222
16,76,7.59,21,619.8,57512.86041666667
20,0,7.57,20,619.8,57512.86111111111
20,36,7.56,21,619.8,57512.861805555556
18,1,7.55,22,619.8,57512.8625
18,0,7.52,20,619.8,57512.86319444444
15,3,7.49,22,619.8,57512.86388888889
17,139,7.46,22,619.8,57512.864583333336
19,100,7.5,20,619.8,57512.865277777775
20,55,7.54,19,619.8,57512.86597222222
18,0,7.58,21,619.8,57512.86666666667
18,123,7.62,23,619.8,57512.86736111111
18,155,7.64,23,619.8,57512.868055555555
19,185,7.68,22,619.7,57512.86875
15,27,7.74,22,619.7,57512.86944444444
17,1,7.81,22,619.7,57512.87013888889
18,60,7.84,22,619.7,57512.870833333334
16,187,7.86,24,619.7,57512.87152777778
17,172,7.86,24,619.7,57512.87222222222
15,1,7.85,22,619.8,57512.87291666667
16,39,7.82,21,619.7,57512.873611111114
18,110,7.81,20,619.7,57512.87430555555
20,6,7.8,21,619.7,57512.875
19,31,7.8,21,619.7,57512.87569444445
22,0,7.82,23,619.7,57512.876388888886
16,1,7.8,24,619.7,57512.87708333333
15,89,7.76,24,619.7,57512.87777777778
19,151,7.76,22,619.7,57512.87847222222
18,156,7.77,24,619.7,57512.879166666666
17,74,7.76,22,619.7,57512.87986111111
18,0,7.73,23,619.7,57512.88055555556
17,1,7.7,23,619.7,57512.88125
15,25,7.67,22,619.7,57512.881944444445
18,22,7.64,24,619.7,57512.88263888889
16,29,7.6,24,619.7,57512.88333333333
14,1,7.56,26,619.7,57512.88402777778
15,0,7.53,26,619.7,57512.884722222225
18,1,7.5,22,619.7,57512.885416666664
16,0,7.5,23,619.7,57512.88611111111
15,41,7.48,23,619.7,57512.88680555556
16,2,7.46,21,619.7,57512.8875
16,0,7.48,23,619.7,57512.888194444444
17,0,7.52,22,619.7,57512.88888888889
15,0,7.57,24,619.7,57512.88958333333
17,0,7.6,25,619.7,57512.89027777778
14,1,7.61,26,619.7,57512.89097222222
16,0,7.65,26,619.7,57512.89166666667
17,3,7.73,24,619.7,57512.89236111111
14,0,7.78,25,619.7,57512.893055555556
17,0,7.85,23,619.7,57512.89375
17,57,7.94,21,619.7,57512.89444444444
17,186,8.0,20,619.7,57512.89513888889
14,0,8.03,20,619.7,57512.895833333336
17,151,8.03,19,619.7,57512.896527777775
12,178,8.01,22,619.7,57512.89722222222
14,0,7.99,21,619.7,57512.89791666667
15,161,7.97,19,619.7,57512.89861111111
11,170,7.96,20,619.6,57512.899305555555
14,164,8.0,21,619.6,57512.9
14,170,8.08,20,619.6,57512.90069444444
16,0,8.14,22,619.6,57512.90138888889
16,0,8.19,20,619.6,57512.902083333334
12,210,8.24,21,619.6,57512.90277777778
14,152,8.29,21,619.6,57512.90347222222
15,23,8.32,21,619.6,57512.90416666667
16,179,8.34,19,619.6,57512.904861111114
12,188,8.34,21,619.6,57512.90555555555
14,0,8.35,21,619.6,57512.90625
15,42,8.35,20,619.6,57512.90694444445
18,0,8.34,19,619.6,57512.907638888886
17,1,8.34,19,619.5,57512.90833333333
15,0,8.36,20,619.6,57512.90902777778
15,0,8.39,20,619.6,57512.90972222222
14,99,8.42,20,619.6,57512.910416666666
16,168,8.46,18,619.6,57512.91111111111
12,202,8.47,17,619.6,57512.91180555556
13,13,8.47,20,619.6,57512.9125
14,4,8.46,20,619.6,57512.913194444445
15,0,8.42,20,619.6,57512.91388888889
16,101,8.39,20,619.6,57512.91458333333
15,8,8.38,23,619.6,57512.91527777778
12,166,8.45,26,619.6,57512.915972222225
10,75,8.61,24,619.6,57512.916666666664
16,162,8.78,21,619.6,57512.91736111111
12,6,8.91,23,619.6,57512.91805555556
10,142,8.97,23,619.6,57512.91875
13,143,9.02,22,619.6,57512.919444444444
15,180,9.08,22,619.6,57512.92013888889
17,143,9.18,21,619.6,57512.92083333333
16,27,9.29,20,619.6,57512.92152777778
15,0,9.34,19,619.5,57512.92222222222
15,183,9.34,19,619.5,57512.92291666667
11,105,9.26,17,619.5,57512.92361111111
15,44,9.17,17,619.5,57512.924305555556
13,6,9.12,18,619.5,57512.925
11,0,9.07,19,619.5,57512.92569444444
16,201,9.01,20,619.5,57512.92638888889
14,167,9.03,20,619.5,57512.927083333336
13,190,9.07,19,619.5,57512.927777777775
14,76,9.08,19,619.5,57512.92847222222
13,150,9.07,19,619.5,57512.92916666667
15,191,9.04,21,619.5,57512.92986111111
15,170,9.05,21,619.5,57512.930555555555
17,80,9.08,20,619.4,57512.93125
14,78,9.11,19,619.5,57512.93194444444
16,132,9.16,19,619.4,57512.93263888889
14,173,9.21,19,619.4,57512.933333333334
13,0,9.28,19,619.5,57512.93402777778
14,0,9.33,18,619.4,57512.93472222222
14,192,9.38,20,619.4,57512.93541666667
11,186,9.44,22,619.5,57512.936111111114
11,73,9.46,23,619.5,57512.93680555555
20,2,9.5,21,619.5,57512.9375
19,167,9.51,16,619.4,57512.93819444445
16,1,9.5,17,619.4,57512.938888888886
15,141,9.46,19,619.4,57512.93958333333
12,136,9.4,20,619.4,57512.94027777778
10,209,9.33,21,619.4,57512.94097222222
10,163,9.26,22,619.4,57512.941666666666
12,188,9.26,21,619.4,57512.94236111111
10,102,9.34,20,619.4,57512.94305555556
16,88,9.4,18,619.4,57512.94375
15,20,9.46,17,619.4,57512.944444444445
16,145,9.48,17,619.4,57512.94513888889
20,167,9.51,17,619.3,57512.94583333333
19,0,9.53,19,619.3,57512.94652777778
18,29,9.53,19,619.3,57512.947222222225
15,210,9.52,18,619.3,57512.947916666664
13,165,9.58,18,619.3,57512.94861111111
15,79,9.65,19,619.3,57512.94930555556
21,24,9.68,18,619.3,57512.95
16,105,9.65,17,619.3,57512.950694444444
19,119,9.56,16,619.3,57512.95138888889
18,0,9.46,17,619.2,57512.95208333333
15,102,9.36,18,619.2,57512.95277777778
22,94,9.28,19,619.2,57512.95347222222
20,0,9.24,18,619.3,57512.95416666667
14,0,9.22,18,619.3,57512.95486111111
18,0,9.2,16,619.2,57512.955555555556
18,0,9.19,19,619.2,57512.95625
14,103,9.17,18,619.3,57512.95694444444
16,14,9.12,20,619.2,57512.95763888889
12,163,9.06,19,619.2,57512.958333333336
13,83,9.04,19,619.2,57512.959027777775
15,2,9.05,18,619.2,57512.95972222222
15,1,9.05,16,619.2,57512.96041666667
11,0,9.01,15,619.1,57512.96111111111
13,44,8.96,15,619.1,57512.961805555555
10,166,8.96,17,619.2,57512.9625
13,180,8.96,20,619.2,57512.96319444444
14,65,8.99,20,619.2,57512.96388888889
11,0,9.07,18,619.2,57512.964583333334
18,165,9.14,18,619.2,57512.96527777778
18,4,9.16,20,619.2,57512.96597222222
19,0,9.14,22,619.2,57512.96666666667
16,141,9.16,22,619.2,57512.967361111114
17,0,9.14,22,619.2,57512.96805555555
15,0,9.08,20,619.2,57512.96875
14,0,9.01,20,619.2,57512.96944444445
17,0,8.97,19,619.1,57512.970138888886
14,151,8.94,18,619.2,57512.97083333333
12,168,8.88,18,619.1,57512.97152777778
16,144,8.83,19,619.1,57512.97222222222
14,188,8.88,19,619.1,57512.972916666666
9,190,8.97,19,619.1,57512.97361111111
13,0,9.03,19,619.1,57512.97430555556
14,175,9.05,17,619.1,57512.975
11,0,9.01,18,619.1,57512.975694444445
15,207,8.97,19,619.0,57512.97638888889
12,1,8.97,18,619.0,57512.97708333333
12,78,9.0,17,619.1,57512.97777777778
9,1,9.05,17,619.0,57512.978472222225
10,2,9.07,18,619.0,57512.979166666664
12,0,9.08,18,619.0,57512.97986111111
9,152,9.11,18,619.0,57512.98055555556
15,154,9.16,20,619.0,57512.98125
14,189,9.27,20,619.0,57512.981944444444
12,9,9.41,16,619.0,57512.98263888889
14,0,9.54,15,619.0,57512.98333333333
10,167,9.59,16,619.0,57512.98402777778
13,18,9.62,17,619.0,57512.98472222222
14,166,9.64,16,619.0,57512.98541666667
11,0,9.65,16,619.0,57512.98611111111
10,167,9.63,16,619.0,57512.986805555556
14,1,9.61,18,619.0,57512.9875
11,175,9.56,16,619.0,57512.98819444444
12,1,9.48,16,619.0,57512.98888888889
14,103,9.42,17,619.0,57512.989583333336
12,0,9.36,16,619.0,57512.990277777775
11,166,9.31,16,619.0,57512.99097222222
9,69,9.27,18,619.0,57512.99166666667
13,8,9.25,16,618.9,57512.99236111111
12,0,9.23,15,619.0,57512.993055555555
10,4,9.21,17,618.9,57512.99375
10,27,9.18,19,618.9,57512.99444444444
11,160,9.14,18,618.9,57512.99513888889
12,172,9.11,18,618.9,57512.995833333334
9,1,9.1,18,618.9,57512.99652777778
13,128,9.12,17,618.9,57512.99722222222
12,7,9.19,18,618.9,57512.99791666667
10,14,9.27,20,618.9,57512.998611111114
18,0,9.31,21,618.9,57512.99930555555
13,2,9.36,21,618.9,57513.0
12,2,9.38,21,618.9,57513.00069444445
8,173,9.36,21,618.9,57513.001388888886
12,159,9.39,23,618.9,57513.00208333333
14,111,9.49,21,618.8,57513.00277777778
11,2,9.59,20,618.9,57513.00347222222
13,37,9.63,22,618.9,57513.004166666666
14,2,9.62,21,618.9,57513.00486111111
13,131,9.58,23,618.8,57513.00555555556
8,158,9.52,23,618.9,57513.00625
14,0,9.46,21,618.9,57513.006944444445
13,0,9.44,18,618.9,57513.00763888889
12,0,9.43,15,618.9,57513.00833333333
15,166,9.41,19,618.9,57513.00902777778
13,0,9.38,22,618.8,57513.009722222225
14,118,9.34,21,618.8,57513.010416666664
13,189,9.31,20,618.8,57513.01111111111
12,4,9.26,18,618.8,57513.01180555556
14,25,9.2,16,618.8,57513.0125
15,158,9.13,18,618.8,57513.013194444444
17,146,9.09,19,618.8,57513.01388888889
14,188,9.06,20,618.8,57513.01458333333
16,31,9.04,20,618.8,57513.01527777778
11,1,9.0,20,618.8,57513.01597222222
11,19,8.95,18,618.8,57513.01666666667
14,0,8.95,17,618.8,57513.01736111111
12,59,9.0,17,618.8,57513.018055555556
8,75,9.06,17,618.8,57513.01875
13,131,9.08,18,618.8,57513.01944444444
13,0,9.07,16,618.8,57513.02013888889
12,0,9.04,14,618.8,57513.020833333336
15,170,9.02,16,618.8,57513.021527777775
13,188,9.01,16,618.8,57513.02222222222
8,147,8.99,18,618.7,57513.02291666667
9,120,8.99,19,618.8,57513.02361111111
10,1,9.05,20,618.8,57513.024305555555
13,68,9.15,21,618.8,57513.025
14,0,9.24,19,618.7,57513.02569444444
14,0,9.29,17,618.7,57513.02638888889
11,177,9.33,16,618.7,57513.027083333334
10,1,9.36,19,618.8,57513.02777777778
9,193,9.34,20,618.7,57513.02847222222
9,0,9.29,19,618.7,57513.02916666667
14,171,9.25,16,618.7,57513.029861111114
13,0,9.26,18,618.7,57513.03055555555
10,1,9.25,18,618.7,57513.03125
15,6,9.24,19,618.7,57513.03194444445
16,176,9.23,19,618.6,57513.032638888886
14,2,9.21,19,618.6,57513.03333333333
12,167,9.19,18,618.6,57513.03402777778
13,175,9.16,18,618.6,57513.03472222222
13,0,9.13,15,618.6,57513.035416666666
12,0,9.1,15,618.6,57513.03611111111
13,0,9.1,18,618.6,57513.03680555556
15,0,9.07,22,618.6,57513.0375
13,117,9.02,21,618.6,57513.038194444445
15,2,8.94,19,618.6,57513.03888888889
14,114,8.88,16,618.6,57513.03958333333
14,3,8.84,16,618.6,57513.04027777778
11,0,8.82,18,618.6,57513.040972222225
12,0,8.8,17,618.6,57513.041666666664
8,6,8.79,16,618.6,57513.04236111111
12,166,8.79,16,618.6,57513.04305555556
12,151,8.85,16,618.6,57513.04375
13,44,8.95,16,618.6,57513.044444444444
12,165,9.04,17,618.5,57513.04513888889
12,1,9.11,17,618.5,57513.04583333333
13,4,9.13,17,618.5,57513.04652777778
13,24,9.09,19,618.5,57513.04722222222
10,187,9.02,18,618.5,57513.04791666667
9,137,8.92,17,618.5,57513.04861111111
13,0,8.87,19,618.5,57513.049305555556
13,175,8.87,20,618.5,57513.05
10,0,8.86,18,618.6,57513.05069444444
10,166,8.86,19,618.5,57513.05138888889
10,61,8.85,21,618.5,57513.052083333336
9,0,8.83,20,618.5,57513.052777777775
12,0,8.83,20,618.5,57513.05347222222
13,111,8.8,20,618.5,57513.05416666667
12,163,8.76,21,618.5,57513.05486111111
10,187,8.72,20,618.5,57513.055555555555
12,0,8.68,21,618.5,57513.05625
10,0,8.63,21,618.5,57513.05694444444
10,167,8.57,21,618.5,57513.05763888889
10,180,8.52,19,618.5,57513.058333333334
10,0,8.51,18,618.5,57513.05902777778
9,176,8.55,18,618.5,57513.05972222222
9,1,8.57,19,618.5,57513.06041666667
11,17,8.56,20,618.5,57513.061111111114
14,166,8.55,20,618.5,57513.06180555555
10,176,8.56,19,618.5,57513.0625
9,2,8.56,19,618.5,57513.06319444445
10,169,8.54,20,618.5,57513.063888888886
8,0,8.5,20,618.5,57513.06458333333
9,107,8.43,19,618.5,57513.06527777778
11,166,8.36,19,618.5,57513.06597222222
10,0,8.33,18,618.5,57513.066666666666
11,2,8.35,18,618.5,57513.06736111111
10,59,8.37,20,618.5,57513.06805555556
11,159,8.38,23,618.5,57513.06875
12,0,8.42,25,618.5,57513.069444444445
9,0,8.43,21,618.5,57513.07013888889
8,0,8.4,16,618.5,57513.07083333333
7,0,8.38,15,618.5,57513.07152777778
7,200,8.36,15,618.5,57513.072222222225
6,139,8.34,17,618.5,57513.072916666664
6,129,8.32,19,618.5,57513.07361111111
7,0,8.32,19,618.5,57513.07430555556
10,2,8.34,17,618.5,57513.075
10,83,8.36,17,618.5,57513.075694444444
12,161,8.4,18,618.5,57513.07638888889
9,0,8.42,18,618.5,57513.07708333333
7,203,8.44,17,618.5,57513.07777777778
9,172,8.46,17,618.5,57513.07847222222
6,0,8.49,18,618.5,57513.07916666667
1,205,8.48,18,618.5,57513.07986111111
1,132,8.46,17,618.5,57513.080555555556
8,167,8.44,14,618.5,57513.08125
8,8,8.44,14,618.5,57513.08194444444
9,0,8.46,14,618.5,57513.08263888889
5,0,8.46,15,618.5,57513.083333333336
7,0,8.46,16,618.5,57513.084027777775
9,44,8.47,15,618.5,57513.08472222222
7,93,8.51,16,618.5,57513.08541666667
8,1,8.55,16,618.5,57513.08611111111
8,159,8.57,15,618.5,57513.086805555555
9,1,8.58,15,618.5,57513.0875
8,149,8.6,15,618.5,57513.08819444444
11,145,8.65,15,618.5,57513.08888888889
11,1,8.69,15,618.5,57513.089583333334
7,211,8.71,17,618.5,57513.09027777778
6,62,8.68,16,618.5,57513.09097222222
8,170,8.66,18,618.5,57513.09166666667
9,0,8.6,17,618.5,57513.092361111114
9,0,8.53,14,618.5,57513.09305555555
8,108,8.51,14,618.5,57513.09375
7,0,8.51,15,618.5,57513.09444444445
8,2,8.51,18,618.5,57513.095138888886
9,1,8.5,18,618.5,57513.09583333333
6,177,8.47,16,618.5,57513.09652777778
4,0,8.44,15,618.5,57513.09722222222
8,1,8.43,16,618.5,57513.097916666666
8,0,8.39,16,618.5,57513.09861111111
8,0,8.34,16,618.5,57513.09930555556
7,0,8.31,19,618.5,57513.1
10,166,8.3,18,618.5,57513.100694444445
9,3,8.28,16,618.5,57513.10138888889
7,187,8.25,19,618.5,57513.10208333333
8,0,8.21,20,618.5,57513.10277777778
10,140,8.16,19,618.5,57513.103472222225
10,0,8.1,17,618.5,57513.104166666664
11,0,8.07,15,618.5,57513.10486111111
8,126,8.02,15,618.5,57513.10555555556
9,0,7.99,17,618.5,57513.10625
7,198,7.94,15,618.5,57513.106944444444
7,0,7.91,15,618.6,57513.10763888889
9,131,7.89,13,618.6,57513.10833333333
10,0,7.88,12,618.6,57513.10902777778
6,2,7.89,12,618.6,57513.10972222222
2,176,7.9,14,618.6,57513.11041666667
0,10,7.88,15,618.6,57513.11111111111
2,0,7.86,14,618.6,57513.111805555556
5,0,7.87,14,618.6,57513.1125
7,47,7.92,13,618.6,57513.11319444444
6,0,7.96,13,618.6,57513.11388888889
6,0,7.99,12,618.6,57513.114583333336
8,103,8.02,13,618.6,57513.115277777775
9,164,8.05,13,618.6,57513.11597222222
8,135,8.07,13,618.6,57513.11666666667
6,2,8.08,13,618.6,57513.11736111111
9,0,8.1,13,618.6,57513.118055555555
9,12,8.1,13,618.6,57513.11875
7,193,8.1,14,618.6,57513.11944444444
9,0,8.09,14,618.6,57513.12013888889
10,2,8.09,13,618.6,57513.120833333334
9,169,8.07,13,618.6,57513.12152777778
7,0,8.02,13,618.6,57513.12222222222
8,0,7.96,13,618.6,57513.12291666667
8,0,7.91,14,618.6,57513.123611111114
8,0,7.86,14,618.6,57513.12430555555
6,0,7.83,16,618.6,57513.125
4,1,7.78,18,618.6,57513.12569444445
5,0,7.72,18,618.5,57513.126388888886
8,0,7.66,15,618.5,57513.12708333333
7,0,7.62,14,618.6,57513.12777777778
6,0,7.61,14,618.6,57513.12847222222
8,0,7.59,14,618.6,57513.129166666666
8,47,7.57,13,618.6,57513.12986111111
8,0,7.54,13,618.6,57513.13055555556
7,174,7.52,14,618.6,57513.13125
8,61,7.52,14,618.6,57513.131944444445
6,0,7.51,14,618.6,57513.13263888889
5,0,7.48,14,618.6,57513.13333333333
4,0,7.44,14,618.6,57513.13402777778
3,0,7.41,14,618.6,57513.134722222225
5,0,7.39,14,618.6,57513.135416666664
8,170,7.36,14,618.6,57513.13611111111
7,0,7.34,15,618.6,57513.13680555556
5,176,7.32,15,618.6,57513.1375
5,170,7.3,15,618.7,57513.138194444444
7,0,7.26,13,618.7,57513.13888888889
6,0,7.24,14,618.7,57513.13958333333
7,0,7.21,14,618.7,57513.14027777778
8,0,7.19,14,618.7,57513.14097222222
8,21,7.17,14,618.7,57513.14166666667
10,118,7.14,14,618.7,57513.14236111111
8,82,7.11,14,618.7,57513.143055555556
8,0,7.07,14,618.7,57513.14375
7,0,7.03,15,618.7,57513.14444444444
6,170,6.99,15,618.7,57513.14513888889
8,0,6.94,15,618.7,57513.145833333336
8,166,6.9,14,618.7,57513.146527777775
5,0,6.86,14,618.7,57513.14722222222
4,171,6.84,14,618.7,57513.14791666667
7,159,6.82,14,618.7,57513.14861111111
11,0,6.8,14,618.7,57513.149305555555
10,27,6.79,14,618.7,57513.15
10,149,6.78,15,618.7,57513.15069444444
7,2,6.76,15,618.7,57513.15138888889
6,170,6.73,15,618.7,57513.152083333334
6,0,6.71,15,618.7,57513.15277777778
7,162,6.68,14,618.7,57513.15347222222
9,0,6.66,14,618.7,57513.15416666667
8,167,6.64,15,618.7,57513.154861111114
7,0,6.63,15,618.7,57513.15555555555
7,179,6.62,15,618.8,57513.15625
9,6,6.6,15,618.8,57513.15694444445
8,73,6.58,15,618.8,57513.157638888886
6,38,6.57,15,618.8,57513.15833333333
7,0,6.54,15,618.8,57513.15902777778
8,11,6.5,15,618.8,57513.15972222222
10,87,6.47,15,618.8,57513.160416666666
10,0,6.43,15,618.8,57513.16111111111
9,136,6.4,15,618.8,57513.16180555556
10,0,6.37,15,618.8,57513.1625
8,0,6.34,15,618.8,57513.163194444445
8,0,6.3,15,618.8,57513.16388888889
9,0,6.26,15,618.8,57513.16458333333
7,1,6.22,15,618.8,57513.16527777778
5,0,6.2,15,618.8,57513.165972222225
6,172,6.17,15,618.8,57513.166666666664
5,177,6.15,15,618.8,57513.16736111111
5,0,6.12,15,618.8,57513.16805555556
4,169,6.11,15,618.8,57513.16875
4,171,6.09,15,618.8,57513.169444444444
3,0,6.08,15,618.8,57513.17013888889
1,91,6.06,15,618.9,57513.17083333333
2,10,6.05,15,618.8,57513.17152777778
3,0,6.05,15,618.8,57513.17222222222
6,157,6.03,15,618.9,57513.17291666667
4,157,6.04,15,618.9,57513.17361111111
3,157,6.05,15,618.9,57513.174305555556
2,0,6.05,15,618.9,57513.175
0,158,6.05,15,618.9,57513.17569444444
0,124,6.05,15,618.9,57513.17638888889
0,0,6.05,15,618.9,57513.177083333336
0,0,6.05,15,619.0,57513.177777777775
0,140,6.05,15,619.0,57513.17847222222
0,0,6.03,15,619.0,57513.17916666667
0,0,6.02,15,619.0,57513.17986111111
0,0,5.99,15,619.0,57513.180555555555
0,158,5.99,15,619.0,57513.18125
1,0,5.99,15,619.0,57513.18194444444
5,1,5.99,15,619.0,57513.18263888889
5,83,5.99,15,619.0,57513.183333333334
6,12,5.99,15,619.0,57513.18402777778
7,0,5.98,15,619.0,57513.18472222222
7,1,5.96,15,619.0,57513.18541666667
5,0,5.93,15,619.0,57513.186111111114
6,0,5.92,15,619.0,57513.18680555555
3,0,5.9,15,619.0,57513.1875
1,0,5.87,15,619.0,57513.18819444445
0,0,5.85,15,619.0,57513.188888888886
0,0,5.82,15,619.0,57513.18958333333
1,172,5.8,15,619.0,57513.19027777778
5,0,5.77,15,619.1,57513.19097222222
7,1,5.74,15,619.1,57513.191666666666
6,153,5.71,15,619.1,57513.19236111111
5,1,5.69,15,619.1,57513.19305555556
6,165,5.66,15,619.1,57513.19375
5,162,5.64,15,619.1,57513.194444444445
4,158,5.61,15,619.1,57513.19513888889
9,153,5.58,15,619.1,57513.19583333333
10,124,5.54,15,619.1,57513.19652777778
12,3,5.49,15,619.1,57513.197222222225
11,98,5.45,15,619.1,57513.197916666664
10,1,5.4,15,619.1,57513.19861111111
6,162,5.38,15,619.1,57513.19930555556
7,159,5.35,15,619.1,57513.2
9,166,5.33,16,619.1,57513.200694444444
8,155,5.28,16,619.1,57513.20138888889
9,155,5.23,16,619.1,57513.20208333333
9,2,5.18,16,619.1,57513.20277777778
6,155,5.15,16,619.1,57513.20347222222
7,88,5.11,16,619.1,57513.20416666667
10,122,5.06,16,619.1,57513.20486111111
11,0,5.01,16,619.1,57513.205555555556
12,58,4.97,16,619.1,57513.20625
11,153,4.94,16,619.1,57513.20694444444
12,21,4.91,16,619.1,57513.20763888889
10,165,4.89,16,619.1,57513.208333333336
5,160,4.89,16,619.1,57513.209027777775
5,0,4.89,16,619.1,57513.20972222222
7,155,4.87,16,619.1,57513.21041666667
15,154,4.84,16,619.0,57513.21111111111
12,151,4.82,16,619.1,57513.211805555555
4,3,4.8,16,619.1,57513.2125
5,157,4.8,16,619.1,57513.21319444444
8,133,4.8,16,619.0,57513.21388888889
13,161,4.76,16,619.0,57513.214583333334
14,146,4.72,16,619.0,57513.21527777778
18,0,4.7,16,619.0,57513.21597222222
14,169,4.7,17,619.0,57513.21666666667
12,171,4.71,17,619.0,57513.217361111114
12,1,4.71,17,619.0,57513.21805555555
16,59,4.7,17,619.0,57513.21875
18,151,4.68,17,619.0,57513.21944444445
16,149,4.68,17,619.0,57513.220138888886
12,0,4.68,17,619.0,57513.22083333333
11,0,4.67,17,619.1,57513.22152777778
14,140,4.65,17,619.0,57513.22222222222
19,100,4.62,17,619.0,57513.222916666666
18,0,4.6,17,619.0,57513.22361111111
17,151,4.59,17,619.0,57513.22430555556
17,171,4.59,17,619.0,57513.225
16,151,4.59,17,619.0,57513.225694444445
16,159,4.57,18,619.0,57513.22638888889
19,0,4.54,17,619.0,57513.22708333333
13,0,4.53,16,619.1,57513.22777777778
18,145,4.54,17,619.1,57513.228472222225
19,0,4.53,18,619.1,57513.229166666664
16,72,4.52,17,619.1,57513.22986111111
14,156,4.53,17,619.1,57513.23055555556
15,0,4.52,18,619.1,57513.23125
17,156,4.5,18,619.1,57513.231944444444
16,7,4.49,18,619.1,57513.23263888889
15,3,4.47,18,619.1,57513.23333333333
16,87,4.44,18,619.1,57513.23402777778
15,132,4.41,18,619.1,57513.23472222222
13,142,4.39,18,619.1,57513.23541666667
11,158,4.37,18,619.1,57513.23611111111
11,0,4.36,18,619.2,57513.236805555556
10,0,4.34,18,619.2,57513.2375
13,0,4.31,18,619.2,57513.23819444444
16,0,4.28,18,619.1,57513.23888888889
18,0,4.25,18,619.1,57513.239583333336
19,73,4.23,18,619.2,57513.240277777775
15,152,4.22,18,619.1,57513.24097222222
18,0,4.22,18,619.2,57513.24166666667
19,0,4.22,18,619.2,57513.24236111111
18,0,4.22,18,619.2,57513.243055555555
17,0,4.22,18,619.1,57513.24375
18,98,4.23,18,619.1,57513.24444444444
17,0,4.23,18,619.2,57513.24513888889
13,30,4.22,18,619.2,57513.245833333334
14,1,4.22,18,619.2,57513.24652777778
16,0,4.22,19,619.2,57513.24722222222
17,0,4.19,18,619.2,57513.24791666667
16,0,4.19,18,619.2,57513.248611111114
16,11,4.17,18,619.2,57513.24930555555
15,166,4.16,18,619.2,57513.25
13,137,4.16,18,619.3,57513.25069444445
11,0,4.14,19,619.2,57513.251388888886
15,0,4.13,19,619.2,57513.25208333333
14,1,4.09,19,619.2,57513.25277777778
17,3,4.06,19,619.2,57513.25347222222
17,15,4.02,19,619.2,57513.254166666666
14,166,4.0,19,619.2,57513.25486111111
14,0,3.98,20,619.2,57513.25555555556
16,0,3.94,20,619.3,57513.25625
12,170,3.91,20,619.3,57513.256944444445
13,0,3.88,20,619.3,57513.25763888889
15,17,3.85,20,619.3,57513.25833333333
13,0,3.81,20,619.3,57513.25902777778
15,1,3.78,20,619.3,57513.259722222225
15,3,3.76,20,619.3,57513.260416666664
17,168,3.76,20,619.2,57513.26111111111
15,0,3.76,20,619.2,57513.26180555556
12,172,3.76,20,619.3,57513.2625
13,14,3.74,21,619.3,57513.263194444444
13,1,3.71,21,619.3,57513.26388888889
12,93,3.67,21,619.3,57513.26458333333
11,203,3.63,21,619.3,57513.26527777778
10,1,3.6,21,619.3,57513.26597222222
11,0,3.56,21,619.3,57513.26666666667
12,39,3.52,21,619.3,57513.26736111111
12,0,3.47,21,619.3,57513.268055555556
14,116,3.44,21,619.3,57513.26875
16,0,3.41,20,619.3,57513.26944444444
14,0,3.39,20,619.3,57513.27013888889
14,25,3.36,20,619.3,57513.270833333336
14,1,3.33,20,619.3,57513.271527777775
11,0,3.32,20,619.3,57513.27222222222
10,164,3.31,20,619.3,57513.27291666667
12,169,3.3,20,619.3,57513.27361111111
14,0,3.27,20,619.3,57513.274305555555
15,0,3.24,20,619.3,57513.275
14,91,3.22,20,619.3,57513.27569444444
14,1,3.21,21,619.4,57513.27638888889
13,1,3.21,20,619.3,57513.277083333334
14,0,3.21,20,619.3,57513.27777777778
14,0,3.21,20,619.3,57513.27847222222
15,78,3.21,20,619.3,57513.27916666667
13,166,3.21,20,619.4,57513.279861111114
14,1,3.19,20,619.4,57513.28055555555
14,10,3.18,21,619.4,57513.28125
17,86,3.16,21,619.4,57513.28194444445
12,1,3.14,21,619.4,57513.282638888886
15,15,3.13,21,619.4,57513.28333333333
16,76,3.11,21,619.4,57513.28402777778
16,26,3.09,21,619.4,57513.28472222222
11,0,3.09,21,619.4,57513.285416666666
12,150,3.09,21,619.4,57513.28611111111
12,0,3.09,20,619.4,57513.28680555556
11,0,3.07,20,619.5,57513.2875
10,163,3.06,20,619.5,57513.288194444445
12,163,3.04,21,619.5,57513.28888888889
9,0,3.03,21,619.5,57513.28958333333
8,183,3.02,21,619.5,57513.29027777778
12,0,3.01,21,619.5,57513.290972222225
13,30,3.0,21,619.5,57513.291666666664
12,0,3.0,20,619.5,57513.29236111111
12,75,2.99,21,619.5,57513.29305555556
16,1,2.97,21,619.5,57513.29375
15,8,2.99,21,619.5,57513.294444444444
10,3,3.0,21,619.5,57513.29513888889
12,0,3.02,21,619.5,57513.29583333333
14,0,3.03,21,619.5,57513.29652777778
13,45,3.03,21,619.5,57513.29722222222
17,1,3.03,21,619.5,57513.29791666667
15,199,3.03,21,619.5,57513.29861111111
14,153,3.04,21,619.5,57513.299305555556
13,0,3.03,21,619.5,57513.3
17,0,3.03,21,619.5,57513.30069444444
17,86,3.01,21,619.5,57513.30138888889
11,171,3.02,21,619.5,57513.302083333336
15,0,3.03,21,619.5,57513.302777777775
11,91,3.04,21,619.5,57513.30347222222
11,164,3.06,21,619.5,57513.30416666667
15,1,3.06,21,619.5,57513.30486111111
14,0,3.07,21,619.5,57513.305555555555
14,0,3.07,21,619.5,57513.30625
14,168,3.07,21,619.5,57513.30694444444
15,2,3.06,21,619.6,57513.30763888889
14,178,3.06,22,619.6,57513.308333333334
11,0,3.06,21,619.6,57513.30902777778
11,6,3.06,21,619.6,57513.30972222222
12,4,3.07,21,619.6,57513.31041666667
10,4,3.06,21,619.6,57513.311111111114
13,0,3.06,21,619.5,57513.31180555555
14,0,3.05,22,619.6,57513.3125
15,1,3.04,22,619.6,57513.31319444445
12,168,3.03,22,619.6,57513.313888888886
15,1,3.0,22,619.6,57513.31458333333
13,1,2.99,22,619.5,57513.31527777778
15,0,2.97,22,619.6,57513.31597222222
14,2,2.97,22,619.6,57513.316666666666
12,167,2.99,22,619.6,57513.31736111111
10,1,3.0,22,619.6,57513.31805555556
12,9,3.0,22,619.6,57513.31875
13,6,3.0,22,619.6,57513.319444444445
14,171,2.99,22,619.6,57513.32013888889
13,19,2.98,22,619.6,57513.32083333333
14,131,2.99,22,619.6,57513.32152777778
15,0,3.0,22,619.6,57513.322222222225
15,1,3.0,22,619.6,57513.322916666664
12,95,3.0,22,619.6,57513.32361111111
15,134,3.0,22,619.6,57513.32430555556
13,1,3.0,22,619.6,57513.325
13,0,3.0,22,619.6,57513.325694444444
13,182,3.0,22,619.7,57513.32638888889
14,183,2.99,22,619.7,57513.32708333333
14,26,2.96,21,619.7,57513.32777777778
16,9,2.93,22,619.7,57513.32847222222
16,0,2.91,22,619.7,57513.32916666667
16,17,2.88,22,619.7,57513.32986111111
13,1,2.88,22,619.7,57513.330555555556
15,0,2.87,22,619.7,57513.33125
14,10,2.86,22,619.7,57513.33194444444
15,132,2.87,22,619.7,57513.33263888889
16,167,2.87,23,619.6,57513.333333333336
15,0,2.88,23,619.7,57513.334027777775
14,2,2.88,23,619.7,57513.33472222222
15,170,2.89,23,619.7,57513.33541666667
17,172,2.9,23,619.7,57513.33611111111
15,170,2.91,23,619.7,57513.336805555555
15,0,2.91,23,619.7,57513.3375
13,4,2.91,23,619.7,57513.33819444444
14,172,2.9,23,619.7,57513.33888888889
14,3,2.88,23,619.6,57513.339583333334
13,202,2.86,23,619.7,57513.34027777778
13,0,2.83,23,619.7,57513.34097222222
11,172,2.8,24,619.7,57513.34166666667
14,158,2.76,24,619.7,57513.342361111114
15,0,2.75,24,619.7,57513.34305555555
15,151,2.75,24,619.7,57513.34375
11,0,2.75,24,619.7,57513.34444444445
14,34,2.76,24,619.7,57513.345138888886
14,169,2.76,24,619.7,57513.34583333333
14,0,2.76,24,619.7,57513.34652777778
13,5,2.76,24,619.7,57513.34722222222
13,106,2.77,24,619.7,57513.347916666666
12,152,2.78,24,619.7,57513.34861111111
10,176,2.78,24,619.7,57513.34930555556
11,173,2.76,24,619.8,57513.35
10,27,2.76,24,619.8,57513.350694444445
11,0,2.74,24,619.8,57513.35138888889
12,11,2.72,24,619.7,57513.35208333333
10,170,2.72,25,619.7,57513.35277777778
13,171,2.71,25,619.7,57513.353472222225
11,7,2.71,25,619.7,57513.354166666664
10,191,2.71,25,619.7,57513.35486111111
10,2,2.71,25,619.7,57513.35555555556
9,61,2.7,24,619.7,57513.35625
11,3,2.68,24,619.7,57513.356944444444
12,170,2.66,25,619.7,57513.35763888889
11,56,2.64,25,619.7,57513.35833333333
14,0,2.63,25,619.7,57513.35902777778
16,164,2.63,25,619.7,57513.35972222222
12,158,2.63,25,619.7,57513.36041666667
10,0,2.64,25,619.7,57513.36111111111
9,172,2.66,25,619.7,57513.361805555556
11,48,2.67,25,619.7,57513.3625
10,0,2.67,25,619.7,57513.36319444444
10,4,2.67,25,619.7,57513.36388888889
12,0,2.65,25,619.7,57513.364583333336
11,5,2.64,25,619.6,57513.365277777775
11,0,2.61,25,619.7,57513.36597222222
11,2,2.6,26,619.7,57513.36666666667
10,0,2.6,25,619.7,57513.36736111111
11,173,2.6,25,619.7,57513.368055555555
9,0,2.6,25,619.7,57513.36875
11,1,2.61,25,619.7,57513.36944444444
10,0,2.61,26,619.7,57513.37013888889
10,0,2.6,26,619.7,57513.370833333334
11,142,2.58,26,619.7,57513.37152777778
10,131,2.57,26,619.7,57513.37222222222
9,170,2.59,26,619.7,57513.37291666667
7,193,2.61,26,619.7,57513.373611111114
9,0,2.63,26,619.7,57513.37430555555
11,176,2.62,26,619.7,57513.375
11,172,2.6,26,619.7,57513.37569444445
9,174,2.6,26,619.7,57513.376388888886
11,0,2.6,26,619.7,57513.37708333333
10,0,2.6,26,619.7,57513.37777777778
12,117,2.6,26,619.7,57513.37847222222
12,1,2.6,26,619.7,57513.379166666666
9,13,2.6,26,619.7,57513.37986111111
12,2,2.59,26,619.7,57513.38055555556
11,86,2.56,26,619.7,57513.38125
13,167,2.55,26,619.7,57513.381944444445
14,168,2.55,26,619.6,57513.38263888889
14,16,2.55,26,619.6,57513.38333333333
10,0,2.57,26,619.6,57513.38402777778
13,166,2.56,26,619.6,57513.384722222225
10,114,2.54,27,619.6,57513.385416666664
13,1,2.54,27,619.6,57513.38611111111
13,104,2.54,26,619.6,57513.38680555556
13,0,2.53,27,619.6,57513.3875
15,164,2.52,27,619.5,57513.388194444444
12,154,2.51,26,619.6,57513.38888888889
15,160,2.51,26,619.6,57513.38958333333
16,0,2.51,26,619.6,57513.39027777778
15,116,2.51,26,619.6,57513.39097222222
12,1,2.52,25,619.6,57513.39166666667
11,0,2.54,25,619.6,57513.39236111111
14,171,2.54,26,619.6,57513.393055555556
12,0,2.52,26,619.6,57513.39375
11,0,2.51,26,619.6,57513.39444444444
13,20,2.49,26,619.6,57513.39513888889
12,143,2.47,26,619.6,57513.395833333336
12,2,2.45,26,619.6,57513.396527777775
13,107,2.42,26,619.6,57513.39722222222
12,175,2.42,26,619.6,57513.39791666667
11,163,2.4,26,619.5,57513.39861111111
10,0,2.39,27,619.5,57513.399305555555
10,171,2.38,27,619.5,57513.4
11,13,2.36,27,619.5,57513.40069444444
11,13,2.33,27,619.5,57513.40138888889
11,184,2.29,27,619.5,57513.402083333334
11,0,2.24,26,619.5,57513.40277777778
11,185,2.18,26,619.5,57513.40347222222
12,185,2.12,26,619.5,57513.40416666667
13,179,2.04,26,619.5,57513.404861111114
13,183,2.0,27,619.5,57513.40555555555
13,188,1.98,26,619.5,57513.40625
13,119,1.98,27,619.5,57513.40694444445
14,0,1.99,27,619.5,57513.407638888886
13,0,2.0,26,619.4,57513.40833333333
13,0,2.0,27,619.4,57513.40902777778
12,1,2.0,27,619.4,57513.40972222222
14,0,1.99,28,619.4,57513.410416666666
13,0,1.99,28,619.4,57513.41111111111
12,173,1.98,28,619.4,57513.41180555556
14,91,1.97,28,619.3,57513.4125
14,156,1.96,28,619.3,57513.413194444445
12,46,1.96,28,619.3,57513.41388888889
13,174,1.96,28,619.3,57513.41458333333
13,172,1.96,28,619.3,57513.41527777778
13,0,1.96,28,619.4,57513.415972222225
