wind_speed,wind_direction,temperature,relative_humidity,pressure,mjd
17,145,-2.26,28,616.2,57157.416666666664
13,145,-2.13,35,616.2,57157.41736111111
10,145,-2.02,45,616.2,57157.41805555556
12,144,-2.0,48,616.2,57157.41875
14,143,-2.04,36,616.2,57157.419444444444
13,139,-2.04,34,616.2,57157.42013888889
12,139,-2.01,34,616.2,57157.42083333333
10,139,-1.95,44,616.2,57157.42152777778
9,139,-1.93,54,616.2,57157.42222222222
9,139,-1.97,61,616.2,57157.42291666667
9,139,-2.08,63,616.2,57157.42361111111
10,139,-2.22,64,616.1,57157.424305555556
12,138,-2.37,58,616.1,57157.425
15,137,-2.51,42,616.1,57157.42569444444
17,137,-2.55,33,616.1,57157.42638888889
16,137,-2.49,34,616.1,57157.427083333336
14,137,-2.38,42,616.1,57157.427777777775
13,137,-2.31,46,616.1,57157.42847222222
13,137,-2.28,48,616.1,57157.42916666667
12,137,-2.27,48,616.1,57157.42986111111
14,136,-2.28,48,616.1,57157.430555555555
17,135,-2.29,42,616.1,57157.43125
14,134,-2.3,38,616.1,57157.43194444444
16,133,-2.27,38,616.1,57157.43263888889
16,132,-2.26,34,616.1,57157.433333333334
15,133,-2.23,33,616.1,57157.43402777778
15,131,-2.19,37,616.1,57157.43472222222
13,131,-2.16,37,616.1,57157.43541666667
12,131,-2.15,38,616.1,57157.436111111114
14,131,-2.14,38,616.1,57157.43680555555
16,131,-2.16,34,616.1,57157.4375
17,131,-2.18,32,616.1,57157.43819444445
15,131,-2.19,32,616.1,57157.438888888886
13,131,-2.18,35,616.1,57157.43958333333
13,131,-2.18,34,616.1,57157.44027777778
15,131,-2.19,31,616.1,57157.44097222222
16,130,-2.19,29,616.1,57157.441666666666
15,128,-2.19,27,616.1,57157.44236111111
14,128,-2.15,27,616.1,57157.44305555556
14,128,-2.11,26,616.1,57157.44375
15,119,-2.08,26,616.1,57157.444444444445
13,115,-2.05,25,616.1,57157.44513888889
12,114,-2.02,24,616.0,57157.44583333333
12,104,-1.96,22,616.0,57157.44652777778
14,117,-1.89,22,616.0,57157.447222222225
17,119,-1.83,21,616.0,57157.447916666664
16,120,-1.77,20,616.0,57157.44861111111
15,119,-1.71,19,616.0,57157.44930555556
12,117,-1.65,18,616.0,57157.45
10,115,-1.59,18,616.0,57157.450694444444
10,115,-1.54,17,616.0,57157.45138888889
11,129,-1.48,16,616.0,57157.45208333333
14,119,-1.41,16,615.9,57157.45277777778
14,117,-1.35,18,615.9,57157.45347222222
15,118,-1.33,20,615.9,57157.45416666667
14,125,-1.36,18,615.9,57157.45486111111
13,121,-1.35,18,615.9,57157.455555555556
15,120,-1.33,18,615.9,57157.45625
14,119,-1.33,18,615.9,57157.45694444444
13,112,-1.34,19,615.9,57157.45763888889
14,111,-1.37,20,615.9,57157.458333333336
12,111,-1.41,21,615.9,57157.459027777775
13,111,-1.46,21,615.9,57157.45972222222
13,111,-1.49,21,615.9,57157.46041666667
13,112,-1.54,21,615.9,57157.46111111111
12,109,-1.58,20,615.9,57157.461805555555
12,118,-1.61,19,615.9,57157.4625
12,111,-1.62,19,615.9,57157.46319444444
14,115,-1.64,19,615.9,57157.46388888889
14,119,-1.64,21,615.9,57157.464583333334
13,118,-1.67,23,615.9,57157.46527777778
12,119,-1.71,23,615.9,57157.46597222222
11,119,-1.74,23,615.8,57157.46666666667
12,111,-1.78,23,615.8,57157.467361111114
13,113,-1.81,22,615.8,57157.46805555555
14,114,-1.85,21,615.8,57157.46875
14,119,-1.87,23,615.8,57157.46944444445
13,119,-1.9,24,615.8,57157.470138888886
12,119,-1.94,23,615.8,57157.47083333333
12,119,-1.97,22,615.8,57157.47152777778
11,119,-1.97,22,615.8,57157.47222222222
11,119,-1.97,22,615.8,57157.472916666666
12,110,-1.97,21,615.8,57157.47361111111
11,119,-1.94,21,615.8,57157.47430555556
12,111,-1.92,22,615.8,57157.475
14,111,-1.89,23,615.7,57157.475694444445
16,110,-1.88,23,615.7,57157.47638888889
15,110,-1.88,23,615.7,57157.47708333333
15,110,-1.88,22,615.7,57157.47777777778
16,110,-1.86,23,615.6,57157.478472222225
17,109,-1.85,23,615.6,57157.479166666664
18,109,-1.85,23,615.6,57157.47986111111
17,115,-1.85,23,615.7,57157.48055555556
16,109,-1.85,23,615.6,57157.48125
15,116,-1.85,23,615.6,57157.481944444444
13,111,-1.86,23,615.6,57157.48263888889
12,109,-1.87,23,615.6,57157.48333333333
12,109,-1.88,23,615.6,57157.48402777778
13,107,-1.91,23,615.6,57157.48472222222
13,111,-1.91,23,615.6,57157.48541666667
11,110,-1.92,22,615.6,57157.48611111111
10,110,-1.91,22,615.6,57157.486805555556
10,110,-1.9,22,615.6,57157.4875
11,117,-1.87,22,615.6,57157.48819444444
11,111,-1.85,23,615.6,57157.48888888889
13,111,-1.84,23,615.6,57157.489583333336
9,120,-1.83,21,615.6,57157.490277777775
9,120,-1.8,21,615.6,57157.49097222222
9,121,-1.76,20,615.5,57157.49166666667
9,121,-1.71,20,615.5,57157.49236111111
11,120,-1.66,20,615.5,57157.493055555555
11,120,-1.62,20,615.5,57157.49375
10,120,-1.59,20,615.5,57157.49444444444
8,120,-1.56,20,615.5,57157.49513888889
9,120,-1.55,20,615.5,57157.495833333334
10,120,-1.55,20,615.5,57157.49652777778
7,121,-1.55,18,615.5,57157.49722222222
7,121,-1.53,18,615.5,57157.49791666667
7,121,-1.5,18,615.5,57157.498611111114
7,121,-1.47,19,615.5,57157.49930555555
11,121,-1.44,19,615.4,57157.5
12,120,-1.42,18,615.5,57157.50069444445
11,121,-1.39,19,615.5,57157.501388888886
11,122,-1.37,19,615.5,57157.50208333333
10,122,-1.36,18,615.5,57157.50277777778
9,122,-1.36,18,615.4,57157.50347222222
7,122,-1.34,17,615.4,57157.504166666666
7,122,-1.32,16,615.4,57157.50486111111
8,122,-1.3,17,615.4,57157.50555555556
8,123,-1.27,17,615.4,57157.50625
8,122,-1.27,18,615.4,57157.506944444445
9,123,-1.28,18,615.4,57157.50763888889
10,122,-1.3,17,615.4,57157.50833333333
8,122,-1.31,17,615.4,57157.50902777778
9,122,-1.31,17,615.4,57157.509722222225
10,122,-1.31,17,615.4,57157.510416666664
9,123,-1.32,17,615.4,57157.51111111111
9,122,-1.33,17,615.4,57157.51180555556
9,119,-1.33,18,615.4,57157.5125
7,121,-1.33,17,615.4,57157.513194444444
8,121,-1.33,17,615.4,57157.51388888889
9,121,-1.33,16,615.4,57157.51458333333
10,122,-1.32,16,615.3,57157.51527777778
10,123,-1.32,17,615.3,57157.51597222222
10,123,-1.33,17,615.3,57157.51666666667
11,123,-1.35,18,615.3,57157.51736111111
12,122,-1.38,17,615.3,57157.518055555556
11,123,-1.41,17,615.4,57157.51875
11,123,-1.44,18,615.4,57157.51944444444
10,124,-1.47,17,615.3,57157.52013888889
9,122,-1.49,17,615.3,57157.520833333336
12,121,-1.52,18,615.3,57157.521527777775
12,122,-1.55,18,615.3,57157.52222222222
13,123,-1.59,18,615.3,57157.52291666667
14,123,-1.62,17,615.2,57157.52361111111
13,123,-1.64,16,615.2,57157.524305555555
13,123,-1.64,17,615.2,57157.525
15,122,-1.64,18,615.2,57157.52569444444
16,123,-1.65,20,615.3,57157.52638888889
15,123,-1.69,20,615.3,57157.527083333334
12,123,-1.72,20,615.3,57157.52777777778
13,123,-1.76,21,615.3,57157.52847222222
13,122,-1.8,21,615.2,57157.52916666667
13,123,-1.84,21,615.2,57157.529861111114
13,124,-1.88,22,615.2,57157.53055555555
12,124,-1.92,22,615.2,57157.53125
12,124,-1.96,22,615.2,57157.53194444445
11,124,-2.0,22,615.2,57157.532638888886
13,124,-2.03,22,615.2,57157.53333333333
15,123,-2.06,21,615.2,57157.53402777778
17,120,-2.09,23,615.1,57157.53472222222
18,119,-2.14,23,615.1,57157.535416666666
16,123,-2.19,23,615.1,57157.53611111111
14,123,-2.22,24,615.1,57157.53680555556
16,124,-2.25,24,615.1,57157.5375
15,124,-2.28,24,615.1,57157.538194444445
13,124,-2.29,24,615.1,57157.53888888889
12,125,-2.31,25,615.1,57157.53958333333
12,125,-2.33,24,615.1,57157.54027777778
12,126,-2.34,23,615.1,57157.540972222225
13,125,-2.34,22,615.1,57157.541666666664
12,126,-2.34,21,615.2,57157.54236111111
11,126,-2.31,22,615.1,57157.54305555556
13,127,-2.29,23,615.1,57157.54375
12,127,-2.28,23,615.1,57157.544444444444
12,128,-2.28,24,615.1,57157.54513888889
13,128,-2.31,24,615.1,57157.54583333333
13,128,-2.31,24,615.1,57157.54652777778
13,129,-2.33,24,615.1,57157.54722222222
13,129,-2.34,24,615.1,57157.54791666667
13,129,-2.34,23,615.0,57157.54861111111
14,128,-2.34,23,615.0,57157.549305555556
15,129,-2.34,23,615.0,57157.55
15,129,-2.34,24,615.0,57157.55069444444
15,128,-2.34,24,615.0,57157.55138888889
15,127,-2.34,25,615.0,57157.552083333336
16,127,-2.37,25,615.0,57157.552777777775
15,126,-2.39,26,615.0,57157.55347222222
15,126,-2.44,26,615.0,57157.55416666667
13,127,-2.48,25,615.1,57157.55486111111
10,129,-2.51,24,615.1,57157.555555555555
9,129,-2.53,24,615.1,57157.55625
9,129,-2.55,23,615.1,57157.55694444444
9,129,-2.53,22,615.1,57157.55763888889
11,128,-2.51,22,615.1,57157.558333333334
12,127,-2.49,23,615.1,57157.55902777778
14,129,-2.47,23,615.1,57157.55972222222
14,129,-2.46,24,615.1,57157.56041666667
14,130,-2.46,25,615.1,57157.561111111114
14,132,-2.49,25,615.1,57157.56180555555
13,130,-2.51,25,615.1,57157.5625
12,129,-2.52,25,615.1,57157.56319444445
10,133,-2.54,25,615.1,57157.563888888886
9,132,-2.55,25,615.1,57157.56458333333
8,133,-2.58,25,615.2,57157.56527777778
9,133,-2.58,25,615.2,57157.56597222222
9,133,-2.59,26,615.2,57157.566666666666
10,133,-2.6,25,615.2,57157.56736111111
8,133,-2.61,23,615.2,57157.56805555556
7,133,-2.59,22,615.2,57157.56875
7,133,-2.56,22,615.2,57157.569444444445
6,133,-2.53,21,615.2,57157.57013888889
6,132,-2.49,21,615.2,57157.57083333333
5,132,-2.46,18,615.2,57157.57152777778
6,133,-2.4,17,615.2,57157.572222222225
7,133,-2.33,17,615.2,57157.572916666664
8,132,-2.25,17,615.2,57157.57361111111
7,132,-2.18,16,615.2,57157.57430555556
6,132,-2.09,16,615.2,57157.575
6,132,-2.02,16,615.2,57157.575694444444
5,132,-1.95,16,615.2,57157.57638888889
5,132,-1.87,16,615.2,57157.57708333333
8,132,-1.82,16,615.2,57157.57777777778
10,132,-1.78,16,615.2,57157.57847222222
11,132,-1.75,16,615.2,57157.57916666667
9,132,-1.73,16,615.2,57157.57986111111
7,132,-1.72,16,615.2,57157.580555555556
4,132,-1.71,16,615.2,57157.58125
3,132,-1.7,15,615.2,57157.58194444444
5,132,-1.68,14,615.2,57157.58263888889
7,132,-1.62,13,615.2,57157.583333333336
9,132,-1.54,12,615.2,57157.584027777775
10,132,-1.45,12,615.1,57157.58472222222
11,133,-1.36,12,615.1,57157.58541666667
10,133,-1.28,11,615.1,57157.58611111111
10,133,-1.21,11,615.1,57157.586805555555
10,133,-1.15,11,615.1,57157.5875
9,133,-1.11,11,615.1,57157.58819444444
6,134,-1.07,11,615.1,57157.58888888889
4,134,-1.03,12,615.1,57157.589583333334
5,134,-1.02,12,615.1,57157.59027777778
8,134,-1.0,11,615.1,57157.59097222222
10,134,-0.96,11,615.1,57157.59166666667
12,134,-0.93,11,615.1,57157.592361111114
11,134,-0.91,12,615.1,57157.59305555555
10,134,-0.9,12,615.1,57157.59375
11,134,-0.9,12,615.1,57157.59444444445
11,134,-0.88,11,615.1,57157.595138888886
11,131,-0.86,11,615.1,57157.59583333333
11,134,-0.82,11,615.1,57157.59652777778
12,134,-0.79,12,615.1,57157.59722222222
13,134,-0.76,12,615.1,57157.597916666666
12,134,-0.76,13,615.1,57157.59861111111
11,134,-0.79,14,615.1,57157.59930555556
11,134,-0.84,15,615.1,57157.6
11,134,-0.93,15,615.2,57157.600694444445
11,135,-1.02,15,615.2,57157.60138888889
11,135,-1.11,16,615.2,57157.60208333333
12,135,-1.23,16,615.2,57157.60277777778
12,135,-1.34,16,615.2,57157.603472222225
12,135,-1.45,16,615.2,57157.604166666664
11,135,-1.53,16,615.1,57157.60486111111
12,135,-1.59,17,615.1,57157.60555555556
12,135,-1.66,17,615.1,57157.60625
12,135,-1.72,18,615.1,57157.606944444444
11,135,-1.79,18,615.1,57157.60763888889
10,135,-1.85,17,615.1,57157.60833333333
10,135,-1.9,16,615.2,57157.60902777778
9,135,-1.95,15,615.2,57157.60972222222
9,135,-1.98,16,615.2,57157.61041666667
11,137,-1.99,15,615.2,57157.61111111111
11,137,-1.98,15,615.2,57157.611805555556
11,137,-1.92,15,615.2,57157.6125
12,139,-1.84,14,615.2,57157.61319444444
14,139,-1.75,14,615.1,57157.61388888889
13,139,-1.67,14,615.1,57157.614583333336
14,139,-1.61,16,615.1,57157.615277777775
14,139,-1.58,16,615.2,57157.61597222222
13,139,-1.57,17,615.2,57157.61666666667
12,139,-1.57,16,615.2,57157.61736111111
13,143,-1.58,15,615.2,57157.618055555555
12,145,-1.56,15,615.2,57157.61875
13,154,-1.55,17,615.2,57157.61944444444
12,157,-1.56,18,615.2,57157.62013888889
12,153,-1.63,18,615.2,57157.620833333334
12,151,-1.72,18,615.2,57157.62152777778
11,151,-1.81,18,615.2,57157.62222222222
9,151,-1.87,17,615.3,57157.62291666667
9,151,-1.91,16,615.3,57157.623611111114
10,151,-1.88,16,615.3,57157.62430555555
10,152,-1.79,15,615.4,57157.625
9,152,-1.67,16,615.4,57157.62569444445
10,153,-1.53,15,615.4,57157.626388888886
9,154,-1.39,15,615.4,57157.62708333333
9,155,-1.24,14,615.4,57157.62777777778
8,155,-1.08,14,615.4,57157.62847222222
7,156,-0.93,14,615.4,57157.629166666666
7,156,-0.79,13,615.4,57157.62986111111
6,156,-0.66,13,615.4,57157.63055555556
7,156,-0.54,12,615.4,57157.63125
7,156,-0.44,12,615.4,57157.631944444445
7,156,-0.35,12,615.4,57157.63263888889
7,156,-0.27,12,615.4,57157.63333333333
7,156,-0.2,12,615.5,57157.63402777778
7,156,-0.15,12,615.5,57157.634722222225
7,156,-0.1,12,615.5,57157.635416666664
6,156,-0.07,12,615.5,57157.63611111111
7,156,-0.05,12,615.5,57157.63680555556
8,156,-0.03,12,615.5,57157.6375
8,156,-0.03,12,615.5,57157.638194444444
7,156,-0.03,12,615.5,57157.63888888889
6,156,-0.02,12,615.5,57157.63958333333
7,156,-0.02,11,615.5,57157.64027777778
8,156,0.0,11,615.5,57157.64097222222
9,156,0.01,11,615.5,57157.64166666667
9,156,0.01,11,615.5,57157.64236111111
8,156,0.01,11,615.5,57157.643055555556
7,156,0.02,11,615.5,57157.64375
6,156,0.04,11,615.5,57157.64444444444
6,156,0.07,11,615.5,57157.64513888889
7,156,0.09,11,615.5,57157.645833333336
9,156,0.1,11,615.5,57157.646527777775
10,156,0.1,11,615.5,57157.64722222222
10,156,0.07,12,615.5,57157.64791666667
9,157,0.05,12,615.5,57157.64861111111
10,157,0.01,12,615.5,57157.649305555555
9,157,-0.04,12,615.6,57157.65
9,156,-0.1,12,615.6,57157.65069444444
8,156,-0.14,12,615.6,57157.65138888889
6,156,-0.15,12,615.5,57157.652083333334
6,156,-0.15,12,615.5,57157.65277777778
6,156,-0.14,12,615.6,57157.65347222222
7,156,-0.1,11,615.6,57157.65416666667
8,156,-0.06,12,615.6,57157.654861111114
7,156,-0.02,12,615.6,57157.65555555555
5,156,0.0,11,615.6,57157.65625
4,156,0.04,11,615.6,57157.65694444445
6,156,0.07,11,615.6,57157.657638888886
7,156,0.11,11,615.6,57157.65833333333
8,156,0.13,12,615.6,57157.65902777778
8,156,0.13,12,615.6,57157.65972222222
7,156,0.1,12,615.6,57157.660416666666
6,156,0.07,12,615.6,57157.66111111111
5,156,0.04,12,615.6,57157.66180555556
4,156,0.03,12,615.6,57157.6625
3,156,0.01,12,615.6,57157.663194444445
3,156,0.04,11,615.6,57157.66388888889
5,156,0.09,10,615.7,57157.66458333333
7,156,0.17,10,615.7,57157.66527777778
7,156,0.25,10,615.7,57157.665972222225
7,156,0.31,12,615.7,57157.666666666664
6,156,0.32,12,615.7,57157.66736111111
4,156,0.3,13,615.7,57157.66805555556
3,156,0.28,12,615.7,57157.66875
3,156,0.26,12,615.7,57157.669444444444
4,156,0.25,12,615.7,57157.67013888889
6,156,0.25,12,615.8,57157.67083333333
8,156,0.25,13,615.8,57157.67152777778
8,156,0.23,13,615.8,57157.67222222222
7,156,0.21,13,615.8,57157.67291666667
5,156,0.19,13,615.8,57157.67361111111
3,156,0.17,14,615.8,57157.674305555556
0,156,0.16,14,615.8,57157.675
0,156,0.15,13,615.8,57157.67569444444
0,156,0.16,11,615.9,57157.67638888889
0,156,0.2,11,615.9,57157.677083333336
1,156,0.24,12,615.9,57157.677777777775
2,156,0.29,12,615.9,57157.67847222222
2,156,0.32,12,615.9,57157.67916666667
1,156,0.35,12,615.9,57157.67986111111
0,156,0.37,13,615.9,57157.680555555555
0,156,0.4,12,615.9,57157.68125
0,156,0.41,11,615.9,57157.68194444444
0,156,0.45,10,615.9,57157.68263888889
0,156,0.51,11,616.0,57157.683333333334
0,156,0.55,12,616.0,57157.68402777778
0,156,0.59,13,616.0,57157.68472222222
0,156,0.6,14,616.0,57157.68541666667
0,156,0.6,14,616.0,57157.686111111114
0,156,0.59,12,616.0,57157.68680555555
0,156,0.59,11,616.0,57157.6875
0,156,0.62,9,616.0,57157.68819444445
0,156,0.72,8,616.0,57157.688888888886
0,156,0.86,9,616.0,57157.68958333333
0,156,1.0,10,616.0,57157.69027777778
0,156,1.13,11,616.0,57157.69097222222
0,156,1.22,11,616.0,57157.691666666666
0,156,1.28,11,616.0,57157.69236111111
0,156,1.3,11,616.1,57157.69305555556
0,156,1.3,11,616.1,57157.69375
0,156,1.29,11,616.1,57157.694444444445
1,156,1.29,11,616.1,57157.69513888889
1,156,1.28,11,616.1,57157.69583333333
2,156,1.27,11,616.1,57157.69652777778
2,156,1.26,10,616.1,57157.697222222225
2,156,1.26,12,616.1,57157.697916666664
2,156,1.26,13,616.1,57157.69861111111
1,156,1.25,16,616.1,57157.69930555556
0,156,1.19,14,616.1,57157.7
0,156,1.16,11,616.1,57157.700694444444
0,156,1.17,11,616.1,57157.70138888889
1,156,1.22,13,616.1,57157.70208333333
2,156,1.26,11,616.1,57157.70277777778
2,156,1.31,13,616.1,57157.70347222222
2,156,1.36,13,616.1,57157.70416666667
2,156,1.39,11,616.1,57157.70486111111
1,156,1.45,14,616.1,57157.705555555556
1,156,1.5,15,616.1,57157.70625
3,156,1.55,16,616.1,57157.70694444444
5,156,1.57,16,616.2,57157.70763888889
5,156,1.59,20,616.2,57157.708333333336
3,156,1.59,21,616.2,57157.709027777775
1,156,1.54,18,616.2,57157.70972222222
2,156,1.49,16,616.2,57157.71041666667
3,155,1.44,18,616.2,57157.71111111111
6,155,1.4,16,616.2,57157.711805555555
6,155,1.36,15,616.2,57157.7125
6,155,1.31,15,616.2,57157.71319444444
6,155,1.26,15,616.2,57157.71388888889
6,155,1.21,16,616.2,57157.714583333334
5,155,1.17,15,616.2,57157.71527777778
4,155,1.12,15,616.2,57157.71597222222
4,155,1.11,16,616.2,57157.71666666667
3,155,1.1,15,616.2,57157.717361111114
3,155,1.1,15,616.2,57157.71805555555
4,155,1.11,14,616.2,57157.71875
5,155,1.11,15,616.2,57157.71944444445
6,155,1.14,15,616.2,57157.720138888886
5,155,1.16,16,616.2,57157.72083333333
4,155,1.17,14,616.2,57157.72152777778
3,155,1.18,14,616.3,57157.72222222222
4,155,1.21,16,616.3,57157.722916666666
5,155,1.24,17,616.3,57157.72361111111
5,155,1.26,18,616.3,57157.72430555556
7,155,1.26,17,616.3,57157.725
7,155,1.26,17,616.3,57157.725694444445
7,155,1.26,19,616.3,57157.72638888889
4,155,1.24,16,616.4,57157.72708333333
2,155,1.2,14,616.3,57157.72777777778
1,155,1.17,15,616.4,57157.728472222225
1,155,1.18,17,616.4,57157.729166666664
1,155,1.21,22,616.4,57157.72986111111
2,155,1.24,20,616.4,57157.73055555556
4,155,1.26,15,616.4,57157.73125
3,155,1.27,16,616.4,57157.731944444444
1,155,1.29,14,616.5,57157.73263888889
0,155,1.29,14,616.5,57157.73333333333
0,155,1.3,14,616.5,57157.73402777778
0,155,1.36,17,616.5,57157.73472222222
1,155,1.44,20,616.5,57157.73541666667
2,155,1.5,18,616.5,57157.73611111111
1,155,1.53,15,616.5,57157.736805555556
0,155,1.54,16,616.5,57157.7375
0,155,1.53,16,616.5,57157.73819444444
0,155,1.52,15,616.5,57157.73888888889
0,155,1.54,18,616.5,57157.739583333336
0,155,1.54,20,616.5,57157.740277777775
0,155,1.56,20,616.5,57157.74097222222
0,155,1.58,18,616.5,57157.74166666667
2,155,1.69,27,616.5,57157.74236111111
3,155,1.75,22,616.5,57157.743055555555
2,155,1.78,20,616.5,57157.74375
0,155,1.78,16,616.5,57157.74444444444
0,155,1.78,16,616.5,57157.74513888889
0,155,1.81,21,616.5,57157.745833333334
0,155,1.81,22,616.5,57157.74652777778
0,155,1.82,23,616.5,57157.74722222222
0,155,1.84,26,616.5,57157.74791666667
0,155,1.88,29,616.5,57157.748611111114
0,155,1.9,29,616.6,57157.74930555555
0,155,1.9,28,616.6,57157.75
0,155,1.9,24,616.6,57157.75069444445
0,155,1.9,23,616.6,57157.751388888886
0,155,1.92,24,616.6,57157.75208333333
0,155,1.93,22,616.6,57157.75277777778
0,155,1.94,21,616.6,57157.75347222222
0,155,1.96,22,616.6,57157.754166666666
0,155,1.98,22,616.6,57157.75486111111
1,155,2.02,22,616.6,57157.75555555556
2,155,2.03,21,616.6,57157.75625
3,155,2.03,20,616.6,57157.756944444445
2,155,2.01,17,616.6,57157.75763888889
1,155,1.98,19,616.6,57157.75833333333
0,155,1.96,23,616.6,57157.75902777778
0,155,1.92,25,616.7,57157.759722222225
0,155,1.88,22,616.7,57157.760416666664
1,155,1.87,25,616.7,57157.76111111111
2,155,1.89,26,616.7,57157.76180555556
2,155,1.9,24,616.7,57157.7625
1,155,1.9,21,616.7,57157.763194444444
1,155,1.92,21,616.7,57157.76388888889
2,155,1.97,22,616.7,57157.76458333333
2,155,2.01,19,616.7,57157.76527777778
5,155,2.07,26,616.7,57157.76597222222
7,155,2.11,24,616.7,57157.76666666667
4,155,2.07,18,616.7,57157.76736111111
2,155,2.04,17,616.7,57157.768055555556
0,155,2.02,23,616.7,57157.76875
0,155,2.0,23,616.7,57157.76944444444
0,155,1.96,20,616.7,57157.77013888889
0,155,1.96,18,616.7,57157.770833333336
0,155,2.01,20,616.7,57157.771527777775
1,155,2.1,23,616.8,57157.77222222222
2,155,2.18,20,616.8,57157.77291666667
2,155,2.26,19,616.8,57157.77361111111
3,155,2.32,19,616.8,57157.774305555555
5,155,2.37,22,616.8,57157.775
4,155,2.39,18,616.8,57157.77569444444
2,155,2.38,17,616.8,57157.77638888889
3,155,2.36,19,616.8,57157.777083333334
3,155,2.34,20,616.8,57157.77777777778
4,155,2.31,21,616.8,57157.77847222222
4,155,2.27,26,616.8,57157.77916666667
2,155,2.23,27,616.8,57157.779861111114
0,155,2.17,20,616.9,57157.78055555555
0,155,2.1,15,616.9,57157.78125
0,155,2.1,18,616.9,57157.78194444445
0,155,2.14,21,616.9,57157.782638888886
0,155,2.21,25,616.9,57157.78333333333
0,155,2.26,20,616.9,57157.78402777778
0,155,2.35,23,616.9,57157.78472222222
1,155,2.48,23,616.9,57157.785416666666
1,155,2.58,21,616.9,57157.78611111111
1,155,2.68,22,616.9,57157.78680555556
0,155,2.79,21,616.9,57157.7875
0,155,2.87,19,616.9,57157.788194444445
0,155,2.96,24,616.9,57157.78888888889
0,155,3.0,23,616.9,57157.78958333333
0,155,3.04,21,616.9,57157.79027777778
0,155,3.1,25,616.9,57157.790972222225
0,155,3.19,29,616.9,57157.791666666664
1,155,3.24,28,616.9,57157.79236111111
0,155,3.3,28,616.9,57157.79305555556
0,155,3.35,25,616.9,57157.79375
0,155,3.37,19,616.9,57157.794444444444
0,155,3.42,20,616.9,57157.79513888889
1,154,3.46,23,616.9,57157.79583333333
4,154,3.54,29,616.9,57157.79652777778
5,154,3.57,25,616.9,57157.79722222222
5,154,3.55,20,616.9,57157.79791666667
1,154,3.51,17,616.9,57157.79861111111
0,154,3.48,19,616.9,57157.799305555556
0,154,3.45,20,616.9,57157.8
0,154,3.43,18,616.9,57157.80069444444
1,154,3.46,24,616.9,57157.80138888889
5,154,3.49,25,616.9,57157.802083333336
5,154,3.51,28,616.9,57157.802777777775
1,154,3.5,25,616.9,57157.80347222222
0,154,3.48,22,616.9,57157.80416666667
0,154,3.47,24,616.9,57157.80486111111
0,154,3.51,30,616.9,57157.805555555555
0,154,3.59,33,616.9,57157.80625
0,154,3.65,31,616.9,57157.80694444444
0,154,3.68,28,616.9,57157.80763888889
2,154,3.74,33,616.9,57157.808333333334
4,154,3.76,29,616.9,57157.80902777778
5,154,3.76,28,616.9,57157.80972222222
5,154,3.7,26,617.0,57157.81041666667
4,154,3.6,23,617.0,57157.811111111114
1,154,3.46,19,617.0,57157.81180555555
2,154,3.38,26,617.0,57157.8125
4,154,3.34,28,617.0,57157.81319444445
2,154,3.29,28,616.9,57157.813888888886
1,154,3.27,29,616.9,57157.81458333333
1,154,3.25,28,617.0,57157.81527777778
0,154,3.22,29,617.0,57157.81597222222
0,154,3.21,29,617.0,57157.816666666666
0,154,3.24,29,617.0,57157.81736111111
0,154,3.31,31,617.0,57157.81805555556
1,154,3.39,29,617.0,57157.81875
1,154,3.47,27,617.0,57157.819444444445
0,154,3.56,25,617.0,57157.82013888889
0,154,3.64,25,617.0,57157.82083333333
1,154,3.74,28,617.0,57157.82152777778
3,154,3.8,25,617.0,57157.822222222225
7,153,3.85,26,617.0,57157.822916666664
6,152,3.88,26,617.0,57157.82361111111
6,150,3.88,28,617.0,57157.82430555556
5,150,3.85,28,617.0,57157.825
3,150,3.8,29,617.0,57157.825694444444
0,150,3.74,28,617.0,57157.82638888889
0,150,3.68,27,617.0,57157.82708333333
0,150,3.62,23,617.0,57157.82777777778
0,150,3.59,21,617.1,57157.82847222222
0,150,3.62,25,617.1,57157.82916666667
4,149,3.7,30,617.1,57157.82986111111
5,149,3.75,29,617.1,57157.830555555556
6,149,3.78,28,617.1,57157.83125
5,148,3.79,27,617.1,57157.83194444444
7,147,3.76,27,617.1,57157.83263888889
9,147,3.77,28,617.1,57157.833333333336
8,146,3.74,23,617.1,57157.834027777775
7,149,3.7,24,617.1,57157.83472222222
4,150,3.61,23,617.1,57157.83541666667
2,150,3.54,27,617.1,57157.83611111111
1,151,3.49,25,617.1,57157.836805555555
0,152,3.45,21,617.1,57157.8375
3,149,3.5,24,617.1,57157.83819444444
7,149,3.6,31,617.1,57157.83888888889
8,147,3.68,33,617.2,57157.839583333334
9,147,3.7,31,617.2,57157.84027777778
10,152,3.7,32,617.2,57157.84097222222
8,150,3.64,29,617.2,57157.84166666667
9,150,3.57,31,617.2,57157.842361111114
7,149,3.52,29,617.1,57157.84305555555
6,147,3.44,26,617.1,57157.84375
4,147,3.36,23,617.1,57157.84444444445
2,147,3.31,25,617.1,57157.845138888886
2,147,3.28,25,617.1,57157.84583333333
1,147,3.25,21,617.1,57157.84652777778
7,146,3.3,30,617.1,57157.84722222222
8,146,3.38,30,617.1,57157.847916666666
8,145,3.47,29,617.1,57157.84861111111
10,146,3.56,27,617.1,57157.84930555556
10,143,3.63,24,617.1,57157.85
7,147,3.64,22,617.1,57157.850694444445
7,146,3.6,22,617.1,57157.85138888889
6,145,3.51,20,617.1,57157.85208333333
7,146,3.43,24,617.1,57157.85277777778
9,147,3.35,27,617.1,57157.853472222225
10,141,3.28,29,617.1,57157.854166666664
12,141,3.23,27,617.1,57157.85486111111
10,145,3.17,26,617.1,57157.85555555556
9,143,3.11,24,617.2,57157.85625
10,143,3.05,24,617.2,57157.856944444444
6,141,2.98,20,617.2,57157.85763888889
7,143,2.92,22,617.1,57157.85833333333
7,145,2.85,23,617.1,57157.85902777778
8,144,2.78,24,617.1,57157.85972222222
8,138,2.71,25,617.1,57157.86041666667
12,126,2.68,28,617.1,57157.86111111111
10,128,2.63,24,617.1,57157.861805555556
9,128,2.57,24,617.1,57157.8625
11,137,2.53,28,617.1,57157.86319444444
8,141,2.49,26,617.1,57157.86388888889
9,145,2.48,27,617.1,57157.864583333336
8,146,2.49,27,617.1,57157.865277777775
6,147,2.54,26,617.1,57157.86597222222
3,147,2.58,25,617.1,57157.86666666667
0,147,2.62,28,617.1,57157.86736111111
0,147,2.64,23,617.1,57157.868055555555
0,147,2.69,24,617.1,57157.86875
5,148,2.81,27,617.1,57157.86944444444
11,146,2.92,24,617.1,57157.87013888889
12,140,3.05,26,617.1,57157.870833333334
9,138,3.13,25,617.1,57157.87152777778
8,143,3.18,28,617.1,57157.87222222222
5,145,3.19,23,617.1,57157.87291666667
4,148,3.17,24,617.1,57157.873611111114
7,145,3.15,26,617.1,57157.87430555555
9,148,3.15,24,617.1,57157.875
7,146,3.15,22,617.1,57157.87569444445
6,151,3.15,24,617.1,57157.876388888886
5,153,3.17,25,617.0,57157.87708333333
4,154,3.22,25,617.0,57157.87777777778
5,154,3.28,27,617.0,57157.87847222222
7,147,3.37,27,617.0,57157.879166666666
5,145,3.42,24,617.1,57157.87986111111
11,140,3.45,25,617.1,57157.88055555556
12,131,3.46,24,617.0,57157.88125
12,130,3.42,21,617.1,57157.881944444445
10,142,3.37,20,617.1,57157.88263888889
7,142,3.27,16,617.1,57157.88333333333
4,143,3.19,18,617.1,57157.88402777778
1,143,3.14,22,617.1,57157.884722222225
5,151,3.15,28,617.1,57157.885416666664
8,150,3.23,27,617.1,57157.88611111111
9,147,3.31,29,617.1,57157.88680555556
10,146,3.39,29,617.1,57157.8875
10,142,3.43,28,617.1,57157.888194444444
12,143,3.42,25,617.1,57157.88888888889
15,143,3.41,30,617.0,57157.88958333333
12,146,3.41,29,617.1,57157.89027777778
12,137,3.4,34,617.1,57157.89097222222
13,145,3.4,35,617.1,57157.89166666667
8,147,3.37,32,617.1,57157.89236111111
11,142,3.37,38,617.1,57157.893055555556
10,145,3.36,32,617.1,57157.89375
7,147,3.34,33,617.1,57157.89444444444
8,144,3.32,32,617.1,57157.89513888889
11,145,3.27,29,617.1,57157.895833333336
8,150,3.2,31,617.1,57157.896527777775
9,147,3.17,29,617.1,57157.89722222222
9,141,3.13,24,617.1,57157.89791666667
9,142,3.1,21,617.1,57157.89861111111
13,143,3.08,24,617.1,57157.899305555555
14,147,3.07,24,617.1,57157.9
12,154,3.09,31,617.1,57157.90069444444
12,148,3.13,30,617.1,57157.90138888889
7,150,3.15,27,617.1,57157.902083333334
9,148,3.17,30,617.1,57157.90277777778
12,140,3.16,31,617.1,57157.90347222222
11,143,3.12,30,617.1,57157.90416666667
13,147,3.08,30,617.0,57157.904861111114
9,152,3.04,29,617.0,57157.90555555555
11,149,2.99,29,617.0,57157.90625
9,150,2.94,27,617.1,57157.90694444445
10,141,2.91,30,617.0,57157.907638888886
12,142,2.9,28,617.0,57157.90833333333
8,141,2.88,26,617.0,57157.90902777778
7,145,2.86,27,617.0,57157.90972222222
9,149,2.87,31,617.0,57157.910416666666
9,145,2.91,29,617.1,57157.91111111111
9,145,2.95,30,617.0,57157.91180555556
8,147,3.02,32,617.0,57157.9125
7,147,3.13,31,617.0,57157.913194444445
7,150,3.25,33,617.0,57157.91388888889
11,148,3.39,35,617.0,57157.91458333333
12,136,3.51,29,617.0,57157.91527777778
12,148,3.58,29,617.0,57157.915972222225
14,136,3.62,31,617.0,57157.916666666664
9,142,3.64,28,617.0,57157.91736111111
8,141,3.61,27,617.0,57157.91805555556
13,144,3.6,26,617.0,57157.91875
14,142,3.55,25,617.0,57157.919444444444
11,140,3.48,23,617.0,57157.92013888889
11,143,3.4,25,617.0,57157.92083333333
8,142,3.35,26,617.0,57157.92152777778
13,135,3.3,26,617.0,57157.92222222222
13,138,3.25,24,617.0,57157.92291666667
12,147,3.22,27,617.0,57157.92361111111
13,153,3.22,30,617.0,57157.924305555556
9,150,3.2,30,617.0,57157.925
10,146,3.18,30,617.0,57157.92569444444
10,141,3.15,31,617.0,57157.92638888889
10,137,3.13,30,617.0,57157.927083333336
12,145,3.14,31,617.0,57157.927777777775
12,149,3.16,30,617.0,57157.92847222222
10,145,3.18,30,617.0,57157.92916666667
11,146,3.17,33,617.0,57157.92986111111
12,155,3.21,30,617.0,57157.930555555555
12,146,3.28,30,617.0,57157.93125
13,145,3.37,28,617.0,57157.93194444444
15,151,3.47,31,617.0,57157.93263888889
16,142,3.56,32,617.0,57157.933333333334
13,148,3.61,30,617.0,57157.93402777778
10,154,3.61,29,616.9,57157.93472222222
13,145,3.62,31,616.9,57157.93541666667
12,147,3.6,27,616.9,57157.936111111114
9,144,3.54,27,616.9,57157.93680555555
13,136,3.46,28,616.9,57157.9375
15,139,3.39,29,616.9,57157.93819444445
12,137,3.34,32,616.9,57157.938888888886
9,142,3.32,30,616.9,57157.93958333333
10,138,3.29,28,616.9,57157.94027777778
10,149,3.28,27,616.9,57157.94097222222
9,140,3.27,27,616.9,57157.941666666666
14,145,3.31,34,616.9,57157.94236111111
10,146,3.36,30,616.9,57157.94305555556
7,144,3.36,30,616.9,57157.94375
9,147,3.37,30,616.9,57157.944444444445
9,145,3.38,30,616.9,57157.94513888889
9,144,3.4,28,616.9,57157.94583333333
14,143,3.45,31,616.9,57157.94652777778
12,159,3.5,30,616.9,57157.947222222225
9,157,3.52,27,616.9,57157.947916666664
8,156,3.5,28,616.9,57157.94861111111
12,145,3.51,32,616.9,57157.94930555556
16,160,3.56,36,616.9,57157.95
15,146,3.62,36,616.9,57157.950694444444
17,157,3.69,38,616.8,57157.95138888889
13,159,3.74,35,616.9,57157.95208333333
10,166,3.75,32,616.9,57157.95277777778
8,169,3.73,34,616.9,57157.95347222222
9,173,3.76,35,616.9,57157.95416666667
11,168,3.81,33,616.9,57157.95486111111
8,173,3.87,34,616.9,57157.955555555556
11,141,3.91,42,616.9,57157.95625
11,146,3.94,42,616.9,57157.95694444444
10,148,3.95,41,616.9,57157.95763888889
13,139,3.94,42,616.9,57157.958333333336
11,157,3.89,35,616.9,57157.959027777775
8,170,3.83,35,616.9,57157.95972222222
8,174,3.77,34,616.8,57157.96041666667
8,169,3.72,35,616.8,57157.96111111111
7,139,3.71,35,616.9,57157.961805555555
12,163,3.73,41,616.8,57157.9625
13,150,3.77,43,616.8,57157.96319444444
10,156,3.79,42,616.8,57157.96388888889
13,143,3.82,40,616.8,57157.964583333334
16,145,3.83,39,616.8,57157.96527777778
14,165,3.83,37,616.8,57157.96597222222
14,154,3.85,38,616.8,57157.96666666667
16,137,3.89,37,616.8,57157.967361111114
12,150,3.94,36,616.8,57157.96805555555
16,136,3.99,37,616.8,57157.96875
16,146,4.04,36,616.8,57157.96944444445
16,142,4.08,39,616.8,57157.970138888886
14,150,4.08,35,616.8,57157.97083333333
14,153,4.04,36,616.8,57157.97152777778
12,145,3.97,37,616.8,57157.97222222222
13,144,3.94,38,616.8,57157.972916666666
13,147,3.92,40,616.8,57157.97361111111
12,150,3.94,35,616.8,57157.97430555556
15,147,3.92,35,616.7,57157.975
13,145,3.87,32,616.7,57157.975694444445
16,158,3.82,33,616.7,57157.97638888889
14,147,3.79,31,616.7,57157.97708333333
12,138,3.76,31,616.7,57157.97777777778
12,150,3.69,30,616.7,57157.978472222225
12,147,3.59,31,616.7,57157.979166666664
9,154,3.48,30,616.7,57157.97986111111
10,142,3.4,32,616.7,57157.98055555556
12,145,3.36,31,616.7,57157.98125
13,167,3.36,34,616.6,57157.981944444444
11,150,3.37,36,616.6,57157.98263888889
12,127,3.39,37,616.6,57157.98333333333
12,139,3.36,35,616.6,57157.98402777778
12,160,3.31,36,616.6,57157.98472222222
14,146,3.29,38,616.6,57157.98541666667
17,143,3.32,36,616.7,57157.98611111111
15,137,3.36,32,616.6,57157.986805555556
17,151,3.38,31,616.6,57157.9875
10,154,3.42,31,616.6,57157.98819444444
13,159,3.45,30,616.6,57157.98888888889
12,156,3.48,29,616.6,57157.989583333336
9,170,3.47,26,616.6,57157.990277777775
8,164,3.43,25,616.6,57157.99097222222
14,156,3.41,28,616.6,57157.99166666667
13,164,3.45,29,616.6,57157.99236111111
14,142,3.52,32,616.6,57157.993055555555
13,144,3.62,33,616.6,57157.99375
11,152,3.68,33,616.6,57157.99444444444
12,137,3.75,37,616.6,57157.99513888889
12,155,3.78,35,616.6,57157.995833333334
15,144,3.78,37,616.6,57157.99652777778
15,154,3.76,35,616.6,57157.99722222222
11,158,3.69,34,616.6,57157.99791666667
11,139,3.59,35,616.6,57157.998611111114
14,169,3.5,37,616.6,57157.99930555555
12,155,3.45,36,616.6,57158.0
12,163,3.45,34,616.6,57158.00069444445
10,160,3.46,31,616.6,57158.001388888886
12,138,3.48,30,616.6,57158.00208333333
9,166,3.49,28,616.6,57158.00277777778
10,174,3.52,27,616.6,57158.00347222222
11,169,3.56,25,616.6,57158.004166666666
15,139,3.6,30,616.6,57158.00486111111
15,149,3.63,31,616.6,57158.00555555556
11,152,3.6,26,616.6,57158.00625
11,144,3.54,27,616.6,57158.006944444445
13,161,3.5,30,616.6,57158.00763888889
14,160,3.44,30,616.6,57158.00833333333
13,146,3.4,32,616.6,57158.00902777778
16,140,3.35,32,616.6,57158.009722222225
16,159,3.29,32,616.6,57158.010416666664
14,151,3.25,32,616.6,57158.01111111111
12,158,3.25,29,616.6,57158.01180555556
13,154,3.26,28,616.6,57158.0125
12,147,3.27,22,616.6,57158.013194444444
14,144,3.28,22,616.5,57158.01388888889
13,147,3.28,19,616.5,57158.01458333333
15,144,3.28,20,616.5,57158.01527777778
13,158,3.28,21,616.5,57158.01597222222
15,137,3.32,24,616.5,57158.01666666667
16,129,3.36,22,616.6,57158.01736111111
14,144,3.37,21,616.5,57158.018055555556
11,144,3.35,19,616.5,57158.01875
12,147,3.34,21,616.5,57158.01944444444
12,144,3.37,22,616.5,57158.02013888889
10,144,3.37,21,616.5,57158.020833333336
11,145,3.37,20,616.5,57158.021527777775
10,152,3.38,18,616.5,57158.02222222222
9,152,3.4,16,616.5,57158.02291666667
9,149,3.45,17,616.5,57158.02361111111
13,151,3.51,18,616.5,57158.024305555555
10,153,3.54,18,616.5,57158.025
10,139,3.56,18,616.5,57158.02569444444
13,141,3.61,19,616.5,57158.02638888889
11,149,3.67,17,616.5,57158.027083333334
14,139,3.76,18,616.5,57158.02777777778
12,137,3.82,18,616.5,57158.02847222222
14,138,3.86,21,616.5,57158.02916666667
13,148,3.89,20,616.5,57158.029861111114
11,144,3.87,18,616.5,57158.03055555555
14,148,3.86,19,616.5,57158.03125
14,154,3.88,21,616.5,57158.03194444445
13,164,3.88,20,616.4,57158.032638888886
13,144,3.87,24,616.4,57158.03333333333
16,148,3.89,26,616.5,57158.03402777778
12,144,3.91,24,616.5,57158.03472222222
8,157,3.92,21,616.5,57158.035416666666
10,134,3.92,21,616.5,57158.03611111111
14,138,3.91,19,616.5,57158.03680555556
12,130,3.88,18,616.5,57158.0375
11,138,3.85,19,616.5,57158.038194444445
9,148,3.79,16,616.5,57158.03888888889
7,148,3.74,16,616.5,57158.03958333333
8,147,3.7,17,616.4,57158.04027777778
9,146,3.7,16,616.4,57158.040972222225
10,140,3.7,16,616.4,57158.041666666664
13,137,3.7,16,616.4,57158.04236111111
11,137,3.71,16,616.4,57158.04305555556
12,145,3.73,21,616.4,57158.04375
12,148,3.73,21,616.4,57158.044444444444
13,142,3.75,23,616.4,57158.04513888889
9,150,3.8,21,616.4,57158.04583333333
7,153,3.83,21,616.4,57158.04652777778
8,161,3.86,21,616.4,57158.04722222222
8,147,3.86,22,616.4,57158.04791666667
10,143,3.87,26,616.4,57158.04861111111
10,133,3.88,26,616.4,57158.049305555556
8,139,3.86,24,616.4,57158.05
8,139,3.83,24,616.4,57158.05069444444
10,134,3.78,25,616.3,57158.05138888889
13,135,3.75,24,616.3,57158.052083333336
10,140,3.71,24,616.4,57158.052777777775
9,143,3.68,24,616.4,57158.05347222222
12,144,3.67,24,616.4,57158.05416666667
9,143,3.66,23,616.4,57158.05486111111
7,148,3.66,24,616.4,57158.055555555555
6,152,3.64,22,616.3,57158.05625
4,154,3.63,22,616.3,57158.05694444444
3,154,3.64,21,616.3,57158.05763888889
6,152,3.68,21,616.3,57158.058333333334
10,136,3.76,24,616.3,57158.05902777778
12,140,3.86,25,616.3,57158.05972222222
9,142,3.92,22,616.3,57158.06041666667
10,132,3.92,20,616.3,57158.061111111114
8,146,3.88,18,616.3,57158.06180555555
10,142,3.81,19,616.3,57158.0625
9,140,3.73,21,616.3,57158.06319444445
10,154,3.66,21,616.3,57158.063888888886
10,145,3.57,21,616.3,57158.06458333333
8,145,3.46,19,616.3,57158.06527777778
8,142,3.38,17,616.3,57158.06597222222
7,142,3.32,17,616.3,57158.066666666666
8,137,3.28,20,616.4,57158.06736111111
7,137,3.23,17,616.4,57158.06805555556
9,144,3.2,18,616.4,57158.06875
9,145,3.19,20,616.3,57158.069444444445
9,144,3.16,20,616.3,57158.07013888889
8,146,3.13,21,616.3,57158.07083333333
11,141,3.12,18,616.3,57158.07152777778
10,138,3.14,14,616.3,57158.072222222225
11,136,3.22,16,616.3,57158.072916666664
9,141,3.28,17,616.3,57158.07361111111
8,143,3.32,17,616.3,57158.07430555556
7,141,3.38,20,616.3,57158.075
7,144,3.4,20,616.3,57158.075694444444
7,143,3.38,17,616.3,57158.07638888889
8,145,3.35,17,616.3,57158.07708333333
10,147,3.34,21,616.3,57158.07777777778
10,149,3.34,23,616.3,57158.07847222222
9,140,3.3,22,616.3,57158.07916666667
8,142,3.26,18,616.3,57158.07986111111
10,137,3.22,19,616.3,57158.080555555556
11,136,3.21,20,616.3,57158.08125
13,147,3.19,22,616.3,57158.08194444444
12,143,3.17,21,616.3,57158.08263888889
11,140,3.14,18,616.3,57158.083333333336
14,145,3.13,18,616.3,57158.084027777775
13,143,3.12,15,616.3,57158.08472222222
14,135,3.15,17,616.3,57158.08541666667
15,140,3.15,17,616.2,57158.08611111111
14,136,3.15,20,616.2,57158.086805555555
16,132,3.15,18,616.2,57158.0875
17,131,3.12,14,616.2,57158.08819444444
14,131,3.13,14,616.2,57158.08888888889
14,127,3.17,14,616.2,57158.089583333334
15,138,3.18,13,616.2,57158.09027777778
16,136,3.2,13,616.2,57158.09097222222
15,137,3.23,15,616.2,57158.09166666667
13,143,3.23,14,616.2,57158.092361111114
12,152,3.22,15,616.2,57158.09305555555
12,150,3.24,18,616.2,57158.09375
12,145,3.21,19,616.2,57158.09444444445
12,147,3.17,20,616.2,57158.095138888886
14,145,3.13,19,616.1,57158.09583333333
12,148,3.09,16,616.1,57158.09652777778
12,144,3.05,17,616.1,57158.09722222222
12,145,3.0,17,616.1,57158.097916666666
14,143,2.95,19,616.2,57158.09861111111
13,145,2.9,18,616.2,57158.09930555556
11,154,2.84,18,616.2,57158.1
11,149,2.77,18,616.2,57158.100694444445
12,147,2.69,18,616.2,57158.10138888889
13,148,2.62,21,616.1,57158.10208333333
13,145,2.55,23,616.1,57158.10277777778
12,146,2.48,22,616.1,57158.103472222225
12,144,2.41,20,616.1,57158.104166666664
12,150,2.34,19,616.1,57158.10486111111
10,152,2.3,20,616.1,57158.10555555556
12,146,2.27,22,616.1,57158.10625
11,151,2.24,22,616.1,57158.106944444444
12,151,2.21,23,616.2,57158.10763888889
11,150,2.19,22,616.2,57158.10833333333
12,147,2.16,24,616.2,57158.10902777778
10,150,2.13,28,616.1,57158.10972222222
11,149,2.08,28,616.2,57158.11041666667
11,151,2.02,25,616.2,57158.11111111111
11,150,1.99,26,616.2,57158.111805555556
10,149,1.97,25,616.2,57158.1125
10,153,1.94,24,616.2,57158.11319444444
11,148,1.93,24,616.2,57158.11388888889
11,152,1.92,26,616.2,57158.114583333336
11,150,1.89,27,616.2,57158.115277777775
11,151,1.84,27,616.2,57158.11597222222
12,149,1.8,28,616.2,57158.11666666667
14,146,1.75,25,616.2,57158.11736111111
13,150,1.68,22,616.2,57158.118055555555
14,144,1.62,18,616.1,57158.11875
13,147,1.56,16,616.1,57158.11944444444
12,150,1.52,15,616.2,57158.12013888889
10,148,1.48,15,616.2,57158.120833333334
9,154,1.46,15,616.2,57158.12152777778
9,153,1.44,18,616.2,57158.12222222222
8,156,1.44,19,616.2,57158.12291666667
8,163,1.44,19,616.2,57158.123611111114
8,160,1.43,17,616.2,57158.12430555555
9,159,1.45,19,616.2,57158.125
10,154,1.48,22,616.2,57158.12569444445
14,148,1.48,17,616.2,57158.126388888886
14,146,1.52,13,616.2,57158.12708333333
12,144,1.6,12,616.2,57158.12777777778
12,153,1.71,15,616.2,57158.12847222222
12,150,1.79,20,616.2,57158.129166666666
12,153,1.78,22,616.3,57158.12986111111
11,152,1.72,21,616.2,57158.13055555556
11,148,1.65,19,616.2,57158.13125
13,146,1.56,20,616.2,57158.131944444445
13,142,1.5,21,616.2,57158.13263888889
14,143,1.42,15,616.2,57158.13333333333
13,139,1.4,12,616.2,57158.13402777778
15,139,1.42,12,616.2,57158.134722222225
17,143,1.46,12,616.2,57158.135416666664
17,143,1.5,10,616.2,57158.13611111111
16,139,1.56,10,616.2,57158.13680555556
15,142,1.63,10,616.2,57158.1375
15,137,1.68,11,616.2,57158.138194444444
13,142,1.7,10,616.2,57158.13888888889
12,143,1.72,12,616.2,57158.13958333333
12,145,1.69,13,616.3,57158.14027777778
12,149,1.65,14,616.3,57158.14097222222
11,153,1.58,15,616.3,57158.14166666667
10,154,1.5,15,616.3,57158.14236111111
9,155,1.42,15,616.3,57158.143055555556
9,158,1.35,14,616.3,57158.14375
10,154,1.27,14,616.3,57158.14444444444
11,154,1.21,13,616.3,57158.14513888889
11,157,1.15,12,616.3,57158.145833333336
12,153,1.11,13,616.3,57158.146527777775
13,150,1.08,13,616.3,57158.14722222222
14,156,1.05,12,616.3,57158.14791666667
13,152,1.05,11,616.3,57158.14861111111
13,152,1.09,10,616.3,57158.149305555555
13,156,1.12,11,616.3,57158.15
12,153,1.14,12,616.3,57158.15069444444
13,150,1.13,13,616.3,57158.15138888889
15,146,1.11,12,616.3,57158.152083333334
14,151,1.11,11,616.3,57158.15277777778
14,153,1.13,10,616.3,57158.15347222222
15,149,1.17,11,616.3,57158.15416666667
16,147,1.2,10,616.2,57158.154861111114
18,145,1.25,10,616.3,57158.15555555555
18,146,1.3,9,616.3,57158.15625
17,153,1.37,9,616.3,57158.15694444445
17,153,1.43,9,616.3,57158.157638888886
15,143,1.48,9,616.3,57158.15833333333
14,146,1.52,10,616.3,57158.15902777778
13,152,1.54,9,616.3,57158.15972222222
12,149,1.56,9,616.3,57158.160416666666
14,147,1.56,10,616.3,57158.16111111111
14,143,1.56,9,616.3,57158.16180555556
15,147,1.56,9,616.3,57158.1625
14,150,1.56,9,616.3,57158.163194444445
14,145,1.56,9,616.3,57158.16388888889
14,148,1.56,9,616.3,57158.16458333333
15,145,1.56,9,616.3,57158.16527777778
19,144,1.56,10,616.3,57158.165972222225
14,155,1.54,9,616.3,57158.166666666664
15,146,1.54,9,616.3,57158.16736111111
16,152,1.54,9,616.3,57158.16805555556
15,147,1.54,9,616.4,57158.16875
13,145,1.54,9,616.4,57158.169444444444
13,143,1.52,10,616.4,57158.17013888889
14,147,1.49,9,616.4,57158.17083333333
16,151,1.46,9,616.4,57158.17152777778
13,146,1.43,9,616.4,57158.17222222222
13,143,1.39,9,616.4,57158.17291666667
13,148,1.37,9,616.4,57158.17361111111
14,144,1.35,9,616.4,57158.174305555556
14,153,1.34,9,616.4,57158.175
14,149,1.33,9,616.4,57158.17569444444
14,154,1.33,9,616.4,57158.17638888889
14,147,1.32,8,616.4,57158.177083333336
14,149,1.32,8,616.4,57158.177777777775
15,151,1.32,8,616.4,57158.17847222222
17,144,1.32,9,616.4,57158.17916666667
18,146,1.32,9,616.4,57158.17986111111
17,163,1.32,9,616.4,57158.180555555555
16,147,1.33,8,616.4,57158.18125
17,143,1.34,9,616.4,57158.18194444444
19,141,1.32,9,616.5,57158.18263888889
17,143,1.32,9,616.5,57158.183333333334
15,143,1.32,8,616.5,57158.18402777778
16,151,1.31,9,616.5,57158.18472222222
17,144,1.27,9,616.5,57158.18541666667
16,154,1.23,10,616.5,57158.186111111114
15,160,1.2,11,616.5,57158.18680555555
16,146,1.14,12,616.5,57158.1875
17,148,1.07,11,616.5,57158.18819444445
19,145,1.02,10,616.5,57158.188888888886
18,145,1.01,10,616.5,57158.18958333333
16,155,1.01,9,616.5,57158.19027777778
13,150,1.02,10,616.5,57158.19097222222
16,150,1.02,10,616.5,57158.191666666666
17,153,0.99,10,616.5,57158.19236111111
16,150,0.98,10,616.5,57158.19305555556
13,155,0.95,10,616.6,57158.19375
15,147,0.92,11,616.6,57158.194444444445
15,149,0.87,10,616.6,57158.19513888889
16,154,0.86,11,616.6,57158.19583333333
13,151,0.86,11,616.6,57158.19652777778
14,147,0.84,13,616.6,57158.197222222225
17,148,0.81,12,616.5,57158.197916666664
18,151,0.77,11,616.6,57158.19861111111
15,153,0.74,11,616.6,57158.19930555556
15,157,0.74,12,616.6,57158.2
16,147,0.73,13,616.6,57158.200694444444
16,136,0.7,13,616.6,57158.20138888889
16,148,0.67,12,616.6,57158.20208333333
14,151,0.66,13,616.6,57158.20277777778
15,153,0.66,13,616.6,57158.20347222222
14,152,0.65,14,616.6,57158.20416666667
16,150,0.65,18,616.6,57158.20486111111
16,149,0.6,19,616.6,57158.205555555556
19,148,0.52,18,616.7,57158.20625
19,143,0.45,13,616.7,57158.20694444444
19,147,0.44,12,616.7,57158.20763888889
17,143,0.46,11,616.7,57158.208333333336
18,146,0.49,11,616.6,57158.209027777775
15,155,0.55,11,616.6,57158.20972222222
14,148,0.6,12,616.7,57158.21041666667
15,153,0.62,12,616.7,57158.21111111111
16,150,0.63,12,616.7,57158.211805555555
16,146,0.63,11,616.7,57158.2125
15,148,0.65,11,616.7,57158.21319444444
15,151,0.65,10,616.7,57158.21388888889
15,156,0.67,10,616.7,57158.214583333334
15,147,0.68,10,616.7,57158.21527777778
17,147,0.68,10,616.7,57158.21597222222
16,160,0.68,9,616.8,57158.21666666667
12,165,0.7,13,616.8,57158.217361111114
12,152,0.68,14,616.8,57158.21805555555
10,161,0.63,21,616.8,57158.21875
10,164,0.59,49,616.8,57158.21944444445
12,160,0.36,63,616.8,57158.220138888886
15,158,-0.0,69,616.8,57158.22083333333
15,157,-0.43,71,616.8,57158.22152777778
16,156,-0.87,61,616.8,57158.22222222222
20,148,-1.19,55,616.8,57158.222916666666
20,151,-1.45,29,616.8,57158.22361111111
17,154,-1.45,26,616.8,57158.22430555556
17,150,-1.34,22,616.8,57158.225
16,150,-1.17,18,616.8,57158.225694444445
16,153,-0.95,16,616.8,57158.22638888889
15,164,-0.73,14,616.8,57158.22708333333
13,151,-0.5,15,616.9,57158.22777777778
13,152,-0.31,17,616.9,57158.228472222225
14,168,-0.19,16,616.9,57158.229166666664
14,146,-0.1,14,616.9,57158.22986111111
17,152,-0.01,14,616.9,57158.23055555556
17,141,0.07,14,616.9,57158.23125
16,146,0.15,15,616.9,57158.231944444444
17,143,0.2,13,616.9,57158.23263888889
17,159,0.26,14,616.9,57158.23333333333
17,150,0.33,17,616.9,57158.23402777778
16,145,0.39,22,616.9,57158.23472222222
14,148,0.39,26,616.9,57158.23541666667
14,152,0.35,30,616.9,57158.23611111111
16,152,0.25,23,616.9,57158.236805555556
16,148,0.17,24,616.9,57158.2375
12,147,0.13,24,617.0,57158.23819444444
13,156,0.09,23,617.0,57158.23888888889
14,153,0.07,22,616.9,57158.239583333336
18,146,0.05,18,616.9,57158.240277777775
18,148,0.06,17,616.9,57158.24097222222
18,145,0.1,20,616.9,57158.24166666667
17,148,0.13,21,616.9,57158.24236111111
14,152,0.14,20,616.9,57158.243055555555
13,147,0.15,26,616.9,57158.24375
17,145,0.11,25,617.0,57158.24444444444
19,144,0.05,20,617.0,57158.24513888889
18,139,0.04,20,617.0,57158.245833333334
18,144,0.04,21,617.0,57158.24652777778
16,149,0.04,21,617.0,57158.24722222222
18,149,0.04,22,617.0,57158.24791666667
19,152,0.02,21,617.0,57158.248611111114
17,145,0.0,23,617.0,57158.24930555555
20,145,-0.03,20,617.0,57158.25
19,144,-0.07,16,617.0,57158.25069444445
19,146,-0.08,14,617.0,57158.251388888886
18,147,-0.07,15,617.0,57158.25208333333
16,154,-0.03,23,617.0,57158.25277777778
18,146,-0.04,25,617.0,57158.25347222222
21,144,-0.11,19,617.0,57158.254166666666
16,160,-0.14,21,617.0,57158.25486111111
15,158,-0.13,36,617.0,57158.25555555556
15,156,-0.17,55,617.0,57158.25625
20,147,-0.4,52,616.9,57158.256944444445
22,150,-0.71,30,616.9,57158.25763888889
23,148,-0.87,19,616.9,57158.25833333333
22,149,-0.86,14,617.0,57158.25902777778
17,141,-0.74,14,617.0,57158.259722222225
16,155,-0.58,24,617.0,57158.260416666664
19,147,-0.47,34,617.0,57158.26111111111
20,145,-0.51,23,617.0,57158.26180555556
20,158,-0.52,23,617.0,57158.2625
14,164,-0.46,37,617.0,57158.263194444444
15,150,-0.45,58,617.0,57158.26388888889
20,150,-0.63,48,617.1,57158.26458333333
19,148,-0.82,39,617.1,57158.26527777778
18,155,-0.94,42,617.1,57158.26597222222
16,158,-0.97,63,617.1,57158.26666666667
14,160,-1.1,73,617.1,57158.26736111111
12,167,-1.33,76,617.1,57158.268055555556
13,172,-1.59,77,617.1,57158.26875
12,165,-1.82,80,617.1,57158.26944444444
17,152,-2.04,82,617.1,57158.27013888889
16,160,-2.27,81,617.1,57158.270833333336
14,160,-2.42,81,617.2,57158.271527777775
13,165,-2.48,84,617.2,57158.27222222222
14,162,-2.56,86,617.2,57158.27291666667
16,160,-2.69,84,617.2,57158.27361111111
16,157,-2.89,70,617.2,57158.274305555555
16,160,-2.94,59,617.2,57158.275
19,156,-2.9,49,617.2,57158.27569444444
18,156,-2.81,37,617.2,57158.27638888889
15,157,-2.62,42,617.2,57158.277083333334
15,161,-2.46,37,617.2,57158.27777777778
14,165,-2.3,38,617.2,57158.27847222222
16,167,-2.12,52,617.2,57158.27916666667
16,162,-2.01,65,617.2,57158.279861111114
16,164,-1.99,72,617.2,57158.28055555555
16,159,-2.08,75,617.2,57158.28125
17,164,-2.23,72,617.2,57158.28194444445
16,161,-2.39,69,617.2,57158.282638888886
14,163,-2.44,76,617.2,57158.28333333333
13,163,-2.5,81,617.2,57158.28402777778
15,161,-2.57,84,617.3,57158.28472222222
15,147,-2.65,86,617.3,57158.285416666666
14,161,-2.72,87,617.3,57158.28611111111
17,154,-2.77,88,617.3,57158.28680555556
13,163,-2.84,89,617.3,57158.2875
13,164,-2.88,89,617.3,57158.288194444445
14,164,-2.92,90,617.3,57158.28888888889
14,164,-2.92,90,617.3,57158.28958333333
17,164,-2.94,91,617.2,57158.29027777778
14,164,-2.95,91,617.2,57158.290972222225
14,165,-2.94,92,617.2,57158.291666666664
13,166,-2.89,92,617.2,57158.29236111111
13,165,-2.86,93,617.2,57158.29305555556
15,165,-2.85,93,617.2,57158.29375
16,160,-2.85,93,617.2,57158.294444444444
16,161,-2.86,93,617.2,57158.29513888889
14,166,-2.83,93,617.3,57158.29583333333
15,162,-2.78,94,617.3,57158.29652777778
15,162,-2.67,94,617.3,57158.29722222222
14,166,-2.6,94,617.3,57158.29791666667
13,162,-2.57,94,617.3,57158.29861111111
12,169,-2.6,94,617.3,57158.299305555556
12,164,-2.65,94,617.3,57158.3
15,152,-2.69,94,617.3,57158.30069444444
15,163,-2.75,94,617.3,57158.30138888889
15,168,-2.83,94,617.3,57158.302083333336
14,169,-2.93,93,617.3,57158.302777777775
15,160,-3.01,93,617.3,57158.30347222222
17,164,-3.19,91,617.3,57158.30416666667
18,158,-3.34,84,617.4,57158.30486111111
16,163,-3.29,81,617.4,57158.305555555555
15,163,-3.22,77,617.3,57158.30625
16,164,-3.11,82,617.3,57158.30694444444
14,165,-3.03,86,617.4,57158.30763888889
13,165,-3.01,88,617.4,57158.308333333334
15,156,-3.02,89,617.4,57158.30902777778
15,161,-3.04,90,617.4,57158.30972222222
15,165,-3.07,91,617.4,57158.31041666667
15,163,-3.12,91,617.4,57158.311111111114
15,165,-3.16,91,617.4,57158.31180555555
14,163,-3.16,92,617.4,57158.3125
14,168,-3.11,92,617.5,57158.31319444445
14,157,-3.04,93,617.5,57158.313888888886
16,166,-2.96,93,617.5,57158.31458333333
15,166,-2.88,94,617.4,57158.31527777778
16,145,-2.77,94,617.5,57158.31597222222
16,158,-2.64,94,617.5,57158.316666666666
13,165,-2.53,94,617.5,57158.31736111111
13,155,-2.43,94,617.5,57158.31805555556
14,163,-2.38,94,617.5,57158.31875
18,162,-2.37,94,617.5,57158.319444444445
16,156,-2.34,95,617.5,57158.32013888889
16,147,-2.27,95,617.5,57158.32083333333
17,139,-2.19,95,617.5,57158.32152777778
19,167,-2.07,95,617.5,57158.322222222225
15,139,-1.96,95,617.5,57158.322916666664
18,154,-1.85,95,617.5,57158.32361111111
18,161,-1.74,96,617.5,57158.32430555556
17,143,-1.61,96,617.5,57158.325
20,154,-1.49,96,617.5,57158.325694444444
18,142,-1.39,96,617.5,57158.32638888889
20,147,-1.31,96,617.5,57158.32708333333
19,162,-1.25,96,617.5,57158.32777777778
18,126,-1.21,95,617.5,57158.32847222222
20,144,-1.21,95,617.5,57158.32916666667
18,163,-1.21,95,617.5,57158.32986111111
18,163,-1.22,95,617.5,57158.330555555556
17,160,-1.21,95,617.5,57158.33125
20,160,-1.21,95,617.5,57158.33194444444
16,150,-1.21,95,617.5,57158.33263888889
19,152,-1.2,96,617.5,57158.333333333336
17,148,-1.19,96,617.5,57158.334027777775
18,157,-1.19,96,617.5,57158.33472222222
17,148,-1.2,96,617.5,57158.33541666667
16,147,-1.22,96,617.5,57158.33611111111
17,145,-1.24,96,617.5,57158.336805555555
18,153,-1.24,96,617.5,57158.3375
18,142,-1.21,96,617.5,57158.33819444444
17,158,-1.18,96,617.5,57158.33888888889
18,148,-1.14,96,617.5,57158.339583333334
18,148,-1.11,96,617.5,57158.34027777778
20,150,-1.08,96,617.5,57158.34097222222
21,151,-1.07,96,617.5,57158.34166666667
19,145,-1.09,96,617.5,57158.342361111114
16,148,-1.08,96,617.5,57158.34305555555
16,147,-1.05,96,617.6,57158.34375
18,145,-1.0,96,617.5,57158.34444444445
19,146,-0.95,96,617.5,57158.345138888886
17,142,-0.91,96,617.6,57158.34583333333
17,144,-0.88,96,617.6,57158.34652777778
17,144,-0.86,96,617.6,57158.34722222222
20,143,-0.83,96,617.6,57158.347916666666
20,150,-0.8,96,617.6,57158.34861111111
19,144,-0.77,96,617.6,57158.34930555556
18,144,-0.75,96,617.6,57158.35
16,158,-0.75,96,617.6,57158.350694444445
15,146,-0.75,96,617.6,57158.35138888889
14,155,-0.75,96,617.6,57158.35208333333
15,143,-0.75,96,617.6,57158.35277777778
18,144,-0.75,96,617.6,57158.353472222225
18,148,-0.77,96,617.6,57158.354166666664
15,160,-0.8,96,617.5,57158.35486111111
16,151,-0.82,96,617.6,57158.35555555556
18,144,-0.84,96,617.5,57158.35625
17,144,-0.85,96,617.5,57158.356944444444
17,150,-0.87,96,617.5,57158.35763888889
12,144,-0.9,96,617.5,57158.35833333333
16,147,-0.92,96,617.5,57158.35902777778
16,143,-0.93,96,617.5,57158.35972222222
13,158,-0.94,96,617.6,57158.36041666667
14,145,-0.97,96,617.6,57158.36111111111
13,157,-1.0,96,617.6,57158.361805555556
14,145,-1.03,96,617.6,57158.3625
14,141,-1.05,96,617.6,57158.36319444444
14,143,-1.05,96,617.6,57158.36388888889
14,155,-1.06,96,617.6,57158.364583333336
13,143,-1.06,96,617.6,57158.365277777775
13,159,-1.06,96,617.6,57158.36597222222
13,149,-1.09,96,617.5,57158.36666666667
13,148,-1.09,96,617.5,57158.36736111111
14,150,-1.1,96,617.5,57158.368055555555
14,152,-1.12,96,617.5,57158.36875
12,150,-1.16,96,617.5,57158.36944444444
13,151,-1.2,96,617.5,57158.37013888889
12,159,-1.23,96,617.5,57158.370833333334
14,154,-1.26,96,617.5,57158.37152777778
15,155,-1.26,96,617.5,57158.37222222222
14,142,-1.24,96,617.5,57158.37291666667
14,145,-1.21,97,617.5,57158.373611111114
15,143,-1.18,96,617.5,57158.37430555555
14,145,-1.18,96,617.5,57158.375
15,145,-1.18,96,617.4,57158.37569444445
13,150,-1.18,96,617.5,57158.376388888886
14,143,-1.16,96,617.4,57158.37708333333
16,152,-1.14,96,617.4,57158.37777777778
14,150,-1.13,96,617.4,57158.37847222222
12,135,-1.15,96,617.4,57158.379166666666
15,150,-1.19,96,617.4,57158.37986111111
15,148,-1.25,96,617.5,57158.38055555556
13,157,-1.33,96,617.5,57158.38125
13,150,-1.43,96,617.4,57158.381944444445
12,134,-1.51,96,617.5,57158.38263888889
12,141,-1.56,96,617.5,57158.38333333333
13,135,-1.56,96,617.5,57158.38402777778
12,150,-1.54,97,617.5,57158.384722222225
13,145,-1.54,96,617.5,57158.385416666664
13,151,-1.61,96,617.5,57158.38611111111
14,154,-1.71,96,617.5,57158.38680555556
13,150,-1.83,96,617.5,57158.3875
15,146,-1.94,96,617.5,57158.388194444444
13,147,-2.02,96,617.5,57158.38888888889
15,144,-2.11,96,617.4,57158.38958333333
16,151,-2.28,95,617.4,57158.39027777778
16,164,-2.46,95,617.4,57158.39097222222
15,151,-2.59,95,617.4,57158.39166666667
17,141,-2.66,96,617.4,57158.39236111111
15,141,-2.67,96,617.4,57158.393055555556
17,169,-2.64,96,617.4,57158.39375
14,156,-2.58,97,617.4,57158.39444444444
17,152,-2.53,97,617.4,57158.39513888889
16,164,-2.49,97,617.4,57158.395833333336
16,155,-2.49,96,617.4,57158.396527777775
14,140,-2.49,96,617.4,57158.39722222222
16,141,-2.48,96,617.4,57158.39791666667
17,160,-2.44,97,617.4,57158.39861111111
14,151,-2.36,97,617.4,57158.399305555555
15,162,-2.27,97,617.4,57158.4
14,132,-2.17,97,617.4,57158.40069444444
16,153,-2.09,97,617.4,57158.40138888889
22,159,-2.0,97,617.2,57158.402083333334
17,164,-1.9,97,617.3,57158.40277777778
14,148,-1.81,97,617.3,57158.40347222222
13,146,-1.74,97,617.3,57158.40416666667
14,141,-1.69,97,617.3,57158.404861111114
15,157,-1.67,97,617.2,57158.40555555555
17,149,-1.64,97,617.2,57158.40625
16,146,-1.61,97,617.2,57158.40694444445
17,147,-1.58,97,617.2,57158.407638888886
18,141,-1.54,97,617.2,57158.40833333333
18,145,-1.52,97,617.2,57158.40902777778
17,145,-1.49,96,617.2,57158.40972222222
22,152,-1.47,96,617.2,57158.410416666666
19,145,-1.46,96,617.2,57158.41111111111
17,153,-1.45,96,617.2,57158.41180555556
18,151,-1.43,96,617.1,57158.4125
15,169,-1.41,96,617.2,57158.413194444445
12,142,-1.39,97,617.2,57158.41388888889
17,158,-1.37,96,617.2,57158.41458333333
16,144,-1.36,96,617.1,57158.41527777778
15,141,-1.36,96,617.1,57158.415972222225
