wind_speed,wind_direction,temperature,relative_humidity,pressure,mjd
12,266.0,-0.54,18,615.9,56737.416666666664
11,266.0,-0.57,18,615.9,56737.41736111111
11,266.0,-0.57,18,615.9,56737.41805555556
11,266.0,-0.59,18,615.9,56737.41875
11,266.0,-0.6,17,615.9,56737.419444444444
11,265.0,-0.6,17,615.9,56737.42013888889
11,265.0,-0.62,17,615.9,56737.42083333333
11,265.0,-0.63,18,615.9,56737.42152777778
11,265.0,-0.63,18,615.9,56737.42222222222
11,263.0,-0.63,18,615.9,56737.42291666667
11,265.0,-0.6,18,615.9,56737.42361111111
11,264.0,-0.6,18,615.9,56737.424305555556
11,262.0,-0.57,18,615.9,56737.425
11,264.0,-0.54,18,615.9,56737.42569444444
10,261.0,-0.5,18,615.9,56737.42638888889
10,263.0,-0.45,18,615.9,56737.427083333336
11,263.0,-0.4,18,615.9,56737.427777777775
11,262.0,-0.35,18,615.9,56737.42847222222
11,263.0,-0.3,17,615.9,56737.42916666667
11,262.0,-0.26,18,615.9,56737.42986111111
11,263.0,-0.22,18,615.9,56737.430555555555
11,262.0,-0.19,18,615.9,56737.43125
10,262.0,-0.14,17,615.9,56737.43194444444
10,262.0,-0.1,17,615.9,56737.43263888889
10,262.0,-0.07,17,615.8,56737.433333333334
10,262.0,-0.05,17,615.8,56737.43402777778
10,263.0,-0.04,17,615.8,56737.43472222222
9,262.0,-0.03,17,615.8,56737.43541666667
9,262.0,-0.02,17,615.8,56737.436111111114
9,263.0,-0.02,17,615.8,56737.43680555555
9,261.0,-0.02,17,615.8,56737.4375
9,261.0,-0.0,17,615.8,56737.43819444445
9,261.0,0.01,17,615.8,56737.438888888886
8,262.0,0.01,16,615.8,56737.43958333333
8,261.0,0.01,16,615.8,56737.44027777778
8,261.0,0.02,16,615.8,56737.44097222222
8,262.0,0.03,16,615.7,56737.441666666666
8,262.0,0.04,16,615.7,56737.44236111111
8,262.0,0.04,16,615.7,56737.44305555556
8,262.0,0.05,16,615.7,56737.44375
8,261.0,0.05,17,615.7,56737.444444444445
8,261.0,0.05,16,615.7,56737.44513888889
8,261.0,0.05,15,615.7,56737.44583333333
8,261.0,0.04,14,615.7,56737.44652777778
8,262.0,0.04,14,615.7,56737.447222222225
7,263.0,0.04,14,615.7,56737.447916666664
7,262.0,0.03,14,615.7,56737.44861111111
7,262.0,0.03,14,615.7,56737.44930555556
7,262.0,0.03,14,615.7,56737.45
7,262.0,0.03,15,615.6,56737.450694444444
7,261.0,0.03,15,615.6,56737.45138888889
6,260.0,0.03,15,615.6,56737.45208333333
7,260.0,0.04,15,615.6,56737.45277777778
7,260.0,0.03,15,615.6,56737.45347222222
7,260.0,0.03,15,615.6,56737.45416666667
7,260.0,0.01,14,615.6,56737.45486111111
7,260.0,-0.0,14,615.6,56737.455555555556
7,260.0,-0.03,14,615.6,56737.45625
7,262.0,-0.07,14,615.6,56737.45694444444
7,264.0,-0.1,14,615.6,56737.45763888889
7,264.0,-0.14,14,615.6,56737.458333333336
7,265.0,-0.19,14,615.6,56737.459027777775
7,265.0,-0.24,14,615.6,56737.45972222222
7,265.0,-0.28,14,615.6,56737.46041666667
7,265.0,-0.33,14,615.5,56737.46111111111
7,265.0,-0.38,14,615.5,56737.461805555555
7,265.0,-0.43,14,615.5,56737.4625
8,266.0,-0.48,14,615.5,56737.46319444444
8,267.0,-0.53,14,615.5,56737.46388888889
8,267.0,-0.57,14,615.5,56737.464583333334
8,267.0,-0.62,14,615.5,56737.46527777778
8,268.0,-0.66,13,615.5,56737.46597222222
8,268.0,-0.7,13,615.5,56737.46666666667
8,268.0,-0.74,13,615.5,56737.467361111114
8,270.0,-0.78,13,615.5,56737.46805555555
8,270.0,-0.82,14,615.5,56737.46875
8,271.0,-0.86,14,615.5,56737.46944444445
8,271.0,-0.9,14,615.5,56737.470138888886
7,271.0,-0.94,14,615.5,56737.47083333333
7,271.0,-0.98,14,615.5,56737.47152777778
7,271.0,-1.01,14,615.4,56737.47222222222
8,271.0,-1.05,14,615.4,56737.472916666666
8,271.0,-1.09,14,615.4,56737.47361111111
8,271.0,-1.12,14,615.4,56737.47430555556
8,271.0,-1.15,14,615.4,56737.475
8,271.0,-1.19,14,615.4,56737.475694444445
7,269.0,-1.22,14,615.4,56737.47638888889
6,269.0,-1.26,14,615.4,56737.47708333333
6,269.0,-1.27,14,615.3,56737.47777777778
5,269.0,-1.3,14,615.3,56737.478472222225
5,269.0,-1.31,14,615.3,56737.479166666664
5,266.0,-1.33,15,615.3,56737.47986111111
6,266.0,-1.33,15,615.3,56737.48055555556
6,265.0,-1.33,15,615.3,56737.48125
5,264.0,-1.33,15,615.3,56737.481944444444
5,264.0,-1.32,15,615.3,56737.48263888889
4,263.0,-1.3,15,615.3,56737.48333333333
4,256.0,-1.28,15,615.3,56737.48402777778
5,256.0,-1.24,15,615.3,56737.48472222222
6,259.0,-1.21,15,615.3,56737.48541666667
5,259.0,-1.2,15,615.3,56737.48611111111
3,259.0,-1.18,15,615.3,56737.486805555556
3,259.0,-1.18,15,615.3,56737.4875
2,259.0,-1.18,15,615.3,56737.48819444444
2,259.0,-1.18,14,615.3,56737.48888888889
1,259.0,-1.18,14,615.3,56737.489583333336
2,259.0,-1.18,14,615.3,56737.490277777775
2,259.0,-1.18,14,615.3,56737.49097222222
2,259.0,-1.18,14,615.3,56737.49166666667
2,259.0,-1.18,14,615.3,56737.49236111111
1,259.0,-1.18,14,615.2,56737.493055555555
0,258.0,-1.18,14,615.2,56737.49375
0,250.0,-1.19,15,615.2,56737.49444444444
0,246.0,-1.2,16,615.2,56737.49513888889
0,229.0,-1.21,18,615.2,56737.495833333334
0,208.0,-1.21,19,615.2,56737.49652777778
0,242.0,-1.22,21,615.2,56737.49722222222
0,247.0,-1.23,22,615.2,56737.49791666667
0,249.0,-1.24,22,615.2,56737.498611111114
0,248.0,-1.24,23,615.2,56737.49930555555
0,249.0,-1.22,22,615.2,56737.5
0,249.0,-1.22,22,615.1,56737.50069444445
0,249.0,-1.22,21,615.1,56737.501388888886
0,249.0,-1.23,21,615.1,56737.50208333333
0,249.0,-1.23,20,615.1,56737.50277777778
0,249.0,-1.23,21,615.1,56737.50347222222
0,251.0,-1.24,21,615.1,56737.504166666666
0,264.0,-1.26,20,615.1,56737.50486111111
0,264.0,-1.28,20,615.1,56737.50555555556
0,265.0,-1.29,19,615.1,56737.50625
0,265.0,-1.31,19,615.1,56737.506944444445
0,265.0,-1.37,18,615.1,56737.50763888889
0,265.0,-1.36,18,615.1,56737.50833333333
0,265.0,-1.38,18,615.1,56737.50902777778
0,265.0,-1.41,17,615.1,56737.509722222225
0,265.0,-1.43,16,615.1,56737.510416666664
0,265.0,-1.49,16,615.0,56737.51111111111
0,268.0,-1.52,16,615.0,56737.51180555556
0,268.0,-1.53,16,615.0,56737.5125
0,268.0,-1.57,15,615.0,56737.513194444444
0,268.0,-1.63,15,615.0,56737.51388888889
0,268.0,-1.66,15,615.0,56737.51458333333
0,268.0,-1.74,15,615.0,56737.51527777778
0,268.0,-1.82,14,615.0,56737.51597222222
0,282.0,-1.84,14,615.0,56737.51666666667
0,288.0,-1.94,13,615.0,56737.51736111111
0,288.0,-1.97,13,615.0,56737.518055555556
0,289.0,-2.02,13,615.0,56737.51875
0,289.0,-2.03,14,615.0,56737.51944444444
0,289.0,-2.07,15,615.0,56737.52013888889
0,291.0,-2.08,15,615.0,56737.520833333336
0,291.0,-2.1,15,615.0,56737.521527777775
0,291.0,-2.14,15,615.0,56737.52222222222
0,293.0,-2.14,15,615.0,56737.52291666667
0,296.0,-2.13,16,615.0,56737.52361111111
0,296.0,-2.14,16,615.0,56737.524305555555
0,296.0,-2.18,16,615.0,56737.525
0,296.0,-2.24,16,615.0,56737.52569444444
0,296.0,-2.26,16,615.0,56737.52638888889
0,296.0,-2.26,16,615.0,56737.527083333334
0,291.0,-2.28,16,615.0,56737.52777777778
0,278.0,-2.29,16,615.0,56737.52847222222
0,278.0,-2.29,15,615.0,56737.52916666667
0,278.0,-2.31,15,614.9,56737.529861111114
0,270.0,-2.32,15,615.0,56737.53055555555
0,270.0,-2.34,15,614.9,56737.53125
0,270.0,-2.36,15,614.9,56737.53194444445
0,262.0,-2.38,15,614.9,56737.532638888886
0,261.0,-2.39,15,614.9,56737.53333333333
0,261.0,-2.4,16,614.9,56737.53402777778
0,261.0,-2.4,17,614.9,56737.53472222222
0,261.0,-2.41,16,614.9,56737.535416666666
0,261.0,-2.43,16,614.9,56737.53611111111
0,260.0,-2.43,16,614.9,56737.53680555556
0,261.0,-2.42,17,614.9,56737.5375
0,260.0,-2.42,18,614.9,56737.538194444445
0,247.0,-2.42,19,614.9,56737.53888888889
0,246.0,-2.4,19,614.9,56737.53958333333
0,246.0,-2.4,20,614.9,56737.54027777778
2,246.0,-2.38,21,614.9,56737.540972222225
3,243.0,-2.33,24,614.8,56737.541666666664
0,190.0,-2.31,24,614.8,56737.54236111111
0,205.0,-2.3,25,614.8,56737.54305555556
0,245.0,-2.27,26,614.8,56737.54375
0,217.0,-2.25,26,614.8,56737.544444444444
0,179.0,-2.23,28,614.8,56737.54513888889
1,160.0,-2.22,31,614.8,56737.54583333333
1,155.0,-2.19,34,614.8,56737.54652777778
0,187.0,-2.17,40,614.8,56737.54722222222
1,164.0,-2.16,41,614.8,56737.54791666667
3,192.0,-2.14,43,614.8,56737.54861111111
2,161.0,-2.13,43,614.8,56737.549305555556
3,183.0,-2.11,44,614.8,56737.55
3,153.0,-2.1,43,614.7,56737.55069444444
4,160.0,-2.09,43,614.7,56737.55138888889
4,154.0,-2.07,42,614.7,56737.552083333336
6,162.0,-2.07,42,614.7,56737.552777777775
6,162.0,-2.06,43,614.7,56737.55347222222
5,152.0,-2.04,43,614.7,56737.55416666667
6,146.0,-2.04,42,614.7,56737.55486111111
6,136.0,-2.03,42,614.7,56737.555555555555
8,141.0,-2.02,42,614.7,56737.55625
7,149.0,-2.01,41,614.7,56737.55694444444
7,145.0,-2.0,41,614.7,56737.55763888889
6,136.0,-1.99,41,614.7,56737.558333333334
5,146.0,-1.97,41,614.7,56737.55902777778
5,140.0,-1.96,41,614.7,56737.55972222222
6,148.0,-1.95,40,614.7,56737.56041666667
6,142.0,-1.94,39,614.6,56737.561111111114
7,141.0,-1.92,40,614.6,56737.56180555555
7,144.0,-1.91,41,614.6,56737.5625
8,140.0,-1.91,43,614.6,56737.56319444445
8,144.0,-1.91,42,614.6,56737.563888888886
7,155.0,-1.89,44,614.6,56737.56458333333
6,142.0,-1.88,44,614.6,56737.56527777778
4,153.0,-1.87,44,614.6,56737.56597222222
4,131.0,-1.86,43,614.6,56737.566666666666
6,134.0,-1.85,43,614.6,56737.56736111111
5,148.0,-1.85,43,614.6,56737.56805555556
3,134.0,-1.83,43,614.6,56737.56875
2,140.0,-1.82,43,614.6,56737.569444444445
3,144.0,-1.82,43,614.6,56737.57013888889
4,145.0,-1.81,48,614.6,56737.57083333333
5,147.0,-1.79,51,614.6,56737.57152777778
4,155.0,-1.79,53,614.6,56737.572222222225
4,155.0,-1.78,54,614.6,56737.572916666664
3,145.0,-1.76,54,614.6,56737.57361111111
3,142.0,-1.76,55,614.6,56737.57430555556
3,134.0,-1.74,54,614.6,56737.575
4,130.0,-1.73,56,614.6,56737.575694444444
3,127.0,-1.73,55,614.6,56737.57638888889
2,134.0,-1.71,55,614.6,56737.57708333333
1,127.0,-1.71,55,614.6,56737.57777777778
2,144.0,-1.7,54,614.6,56737.57847222222
1,138.0,-1.7,55,614.6,56737.57916666667
1,132.0,-1.7,55,614.6,56737.57986111111
0,134.0,-1.7,55,614.6,56737.580555555556
0,144.0,-1.7,55,614.6,56737.58125
0,148.0,-1.7,55,614.5,56737.58194444444
0,149.0,-1.7,56,614.5,56737.58263888889
0,161.0,-1.7,56,614.5,56737.583333333336
0,166.0,-1.7,58,614.5,56737.584027777775
0,161.0,-1.7,58,614.5,56737.58472222222
0,164.0,-1.69,59,614.5,56737.58541666667
0,164.0,-1.68,60,614.5,56737.58611111111
0,164.0,-1.67,61,614.5,56737.586805555555
0,164.0,-1.67,62,614.5,56737.5875
0,168.0,-1.67,57,614.5,56737.58819444444
0,164.0,-1.67,45,614.5,56737.58888888889
1,162.0,-1.67,37,614.5,56737.589583333334
1,163.0,-1.66,34,614.5,56737.59027777778
1,157.0,-1.64,32,614.5,56737.59097222222
1,149.0,-1.62,36,614.5,56737.59166666667
1,156.0,-1.59,45,614.5,56737.592361111114
0,168.0,-1.57,49,614.5,56737.59305555555
0,169.0,-1.55,48,614.5,56737.59375
0,181.0,-1.54,39,614.5,56737.59444444445
0,185.0,-1.52,34,614.5,56737.595138888886
0,163.0,-1.5,35,614.5,56737.59583333333
1,153.0,-1.48,38,614.5,56737.59652777778
1,156.0,-1.46,46,614.5,56737.59722222222
1,155.0,-1.44,54,614.5,56737.597916666666
1,167.0,-1.42,57,614.5,56737.59861111111
0,166.0,-1.41,58,614.5,56737.59930555556
0,164.0,-1.4,59,614.5,56737.6
0,141.0,-1.39,57,614.5,56737.600694444445
0,149.0,-1.39,57,614.6,56737.60138888889
0,155.0,-1.39,59,614.6,56737.60208333333
0,181.0,-1.39,58,614.6,56737.60277777778
0,181.0,-1.39,58,614.5,56737.603472222225
0,181.0,-1.39,58,614.5,56737.604166666664
0,181.0,-1.39,57,614.5,56737.60486111111
0,180.0,-1.39,58,614.5,56737.60555555556
0,180.0,-1.41,60,614.6,56737.60625
0,180.0,-1.42,62,614.6,56737.606944444444
0,161.0,-1.43,62,614.6,56737.60763888889
0,161.0,-1.45,61,614.6,56737.60833333333
0,161.0,-1.45,61,614.6,56737.60902777778
0,155.0,-1.46,62,614.6,56737.60972222222
0,121.0,-1.48,59,614.6,56737.61041666667
0,119.0,-1.5,57,614.6,56737.61111111111
0,119.0,-1.52,58,614.6,56737.611805555556
0,119.0,-1.55,60,614.6,56737.6125
0,119.0,-1.56,61,614.6,56737.61319444444
0,119.0,-1.58,62,614.7,56737.61388888889
0,119.0,-1.61,62,614.7,56737.614583333336
0,119.0,-1.62,62,614.7,56737.615277777775
0,119.0,-1.63,63,614.7,56737.61597222222
0,119.0,-1.65,63,614.7,56737.61666666667
0,119.0,-1.67,64,614.7,56737.61736111111
0,119.0,-1.69,64,614.7,56737.618055555555
0,119.0,-1.72,64,614.7,56737.61875
0,119.0,-1.73,64,614.7,56737.61944444444
0,133.0,-1.75,64,614.7,56737.62013888889
0,128.0,-1.76,65,614.7,56737.620833333334
0,128.0,-1.77,64,614.7,56737.62152777778
0,128.0,-1.81,64,614.7,56737.62222222222
0,128.0,-1.84,64,614.7,56737.62291666667
0,128.0,-1.87,63,614.7,56737.623611111114
0,128.0,-1.91,63,614.7,56737.62430555555
0,128.0,-1.93,64,614.7,56737.625
0,213.0,-1.94,66,614.6,56737.62569444445
0,242.0,-1.99,67,614.6,56737.626388888886
0,244.0,-2.02,66,614.6,56737.62708333333
0,262.0,-2.07,60,614.6,56737.62777777778
0,264.0,-2.12,54,614.6,56737.62847222222
0,264.0,-2.18,53,614.7,56737.629166666666
0,264.0,-2.21,53,614.7,56737.62986111111
0,264.0,-2.25,53,614.7,56737.63055555556
0,264.0,-2.31,54,614.7,56737.63125
0,264.0,-2.34,55,614.7,56737.631944444445
0,264.0,-2.39,56,614.7,56737.63263888889
0,286.0,-2.43,59,614.7,56737.63333333333
0,287.0,-2.43,61,614.7,56737.63402777778
1,307.0,-2.46,56,614.7,56737.634722222225
3,295.0,-2.49,48,614.7,56737.635416666664
3,292.0,-2.52,50,614.7,56737.63611111111
3,291.0,-2.55,44,614.7,56737.63680555556
2,291.0,-2.58,40,614.7,56737.6375
0,286.0,-2.61,39,614.8,56737.638194444444
0,286.0,-2.62,41,614.7,56737.63888888889
0,286.0,-2.65,42,614.8,56737.63958333333
0,286.0,-2.66,43,614.8,56737.64027777778
0,285.0,-2.68,44,614.8,56737.64097222222
0,286.0,-2.69,43,614.8,56737.64166666667
0,285.0,-2.71,43,614.8,56737.64236111111
0,295.0,-2.73,43,614.8,56737.643055555556
0,305.0,-2.75,39,614.8,56737.64375
0,304.0,-2.77,38,614.8,56737.64444444444
0,311.0,-2.77,35,614.8,56737.64513888889
0,310.0,-2.78,33,614.8,56737.645833333336
0,305.0,-2.8,31,614.8,56737.646527777775
1,301.0,-2.81,30,614.8,56737.64722222222
1,291.0,-2.82,29,614.8,56737.64791666667
1,285.0,-2.83,29,614.8,56737.64861111111
0,283.0,-2.83,28,614.8,56737.649305555555
0,280.0,-2.83,28,614.8,56737.65
0,281.0,-2.83,28,614.8,56737.65069444444
0,281.0,-2.83,29,614.9,56737.65138888889
0,296.0,-2.83,29,614.8,56737.652083333334
0,313.0,-2.83,29,614.9,56737.65277777778
0,314.0,-2.83,28,614.8,56737.65347222222
0,313.0,-2.83,27,614.8,56737.65416666667
0,312.0,-2.83,26,614.8,56737.654861111114
0,302.0,-2.85,26,614.8,56737.65555555555
0,291.0,-2.87,25,614.8,56737.65625
0,260.0,-2.85,25,614.8,56737.65694444445
0,260.0,-2.83,25,614.8,56737.657638888886
0,260.0,-2.83,27,614.8,56737.65833333333
0,260.0,-2.83,27,614.8,56737.65902777778
0,260.0,-2.81,29,614.8,56737.65972222222
0,260.0,-2.8,30,614.9,56737.660416666666
0,260.0,-2.8,30,614.9,56737.66111111111
0,260.0,-2.8,29,614.9,56737.66180555556
0,260.0,-2.8,29,614.9,56737.6625
0,260.0,-2.8,28,614.9,56737.663194444445
0,260.0,-2.8,28,614.9,56737.66388888889
0,260.0,-2.8,28,614.9,56737.66458333333
0,260.0,-2.8,28,614.9,56737.66527777778
0,260.0,-2.8,28,614.9,56737.665972222225
0,260.0,-2.81,27,614.9,56737.666666666664
0,260.0,-2.82,26,614.9,56737.66736111111
0,260.0,-2.83,25,614.9,56737.66805555556
0,260.0,-2.85,25,614.9,56737.66875
0,260.0,-2.89,26,614.9,56737.669444444444
0,260.0,-2.89,25,614.9,56737.67013888889
0,260.0,-2.89,26,614.9,56737.67083333333
0,260.0,-2.89,27,614.9,56737.67152777778
1,260.0,-2.89,31,614.9,56737.67222222222
2,260.0,-2.86,36,614.9,56737.67291666667
2,260.0,-2.84,38,614.9,56737.67361111111
2,260.0,-2.81,39,614.9,56737.674305555556
2,260.0,-2.77,39,614.9,56737.675
1,260.0,-2.75,39,614.9,56737.67569444444
0,260.0,-2.72,39,614.9,56737.67638888889
0,260.0,-2.7,38,614.9,56737.677083333336
0,260.0,-2.68,38,614.9,56737.677777777775
0,260.0,-2.67,37,615.0,56737.67847222222
0,260.0,-2.64,36,615.0,56737.67916666667
0,260.0,-2.62,35,615.0,56737.67986111111
0,260.0,-2.61,34,615.0,56737.680555555555
0,260.0,-2.58,34,615.0,56737.68125
0,260.0,-2.55,34,615.0,56737.68194444444
0,259.0,-2.53,33,615.0,56737.68263888889
0,259.0,-2.52,32,615.0,56737.683333333334
1,243.0,-2.49,34,615.0,56737.68402777778
2,256.0,-2.45,35,615.0,56737.68472222222
3,245.0,-2.41,37,615.0,56737.68541666667
1,245.0,-2.38,37,615.0,56737.686111111114
0,229.0,-2.36,35,615.0,56737.68680555555
0,228.0,-2.34,37,615.0,56737.6875
0,228.0,-2.32,39,615.1,56737.68819444445
0,228.0,-2.3,38,615.1,56737.688888888886
0,228.0,-2.29,37,615.1,56737.68958333333
0,228.0,-2.28,37,615.1,56737.69027777778
0,230.0,-2.28,37,615.1,56737.69097222222
0,230.0,-2.26,38,615.1,56737.691666666666
0,230.0,-2.25,38,615.1,56737.69236111111
0,230.0,-2.25,39,615.1,56737.69305555556
0,229.0,-2.25,40,615.1,56737.69375
0,229.0,-2.25,41,615.1,56737.694444444445
0,229.0,-2.24,43,615.1,56737.69513888889
0,229.0,-2.25,44,615.1,56737.69583333333
0,230.0,-2.25,45,615.1,56737.69652777778
0,230.0,-2.24,45,615.1,56737.697222222225
0,228.0,-2.24,45,615.2,56737.697916666664
0,228.0,-2.22,51,615.2,56737.69861111111
0,228.0,-2.21,59,615.2,56737.69930555556
0,182.0,-2.19,62,615.2,56737.7
0,149.0,-2.18,61,615.2,56737.700694444444
0,140.0,-2.16,59,615.2,56737.70138888889
0,140.0,-2.15,58,615.2,56737.70208333333
0,138.0,-2.13,56,615.2,56737.70277777778
0,137.0,-2.11,55,615.2,56737.70347222222
0,137.0,-2.08,55,615.2,56737.70416666667
0,137.0,-2.06,54,615.2,56737.70486111111
0,137.0,-2.03,54,615.2,56737.705555555556
0,235.0,-2.0,53,615.3,56737.70625
0,235.0,-1.97,52,615.3,56737.70694444444
0,268.0,-1.94,47,615.3,56737.70763888889
0,278.0,-1.93,44,615.3,56737.708333333336
0,278.0,-1.91,44,615.3,56737.709027777775
0,278.0,-1.89,45,615.3,56737.70972222222
0,276.0,-1.84,45,615.3,56737.71041666667
0,276.0,-1.81,44,615.3,56737.71111111111
0,275.0,-1.78,41,615.3,56737.711805555555
0,261.0,-1.75,35,615.3,56737.7125
0,260.0,-1.73,29,615.3,56737.71319444444
0,260.0,-1.7,27,615.3,56737.71388888889
0,260.0,-1.66,25,615.3,56737.714583333334
0,260.0,-1.63,23,615.3,56737.71527777778
0,260.0,-1.6,22,615.4,56737.71597222222
0,260.0,-1.57,22,615.4,56737.71666666667
0,261.0,-1.54,23,615.4,56737.717361111114
0,297.0,-1.51,26,615.4,56737.71805555555
0,300.0,-1.47,31,615.4,56737.71875
0,302.0,-1.44,32,615.4,56737.71944444445
0,305.0,-1.42,30,615.4,56737.720138888886
0,306.0,-1.39,30,615.4,56737.72083333333
0,291.0,-1.36,30,615.4,56737.72152777778
0,291.0,-1.33,30,615.4,56737.72222222222
0,291.0,-1.3,30,615.5,56737.722916666666
0,291.0,-1.28,31,615.5,56737.72361111111
0,291.0,-1.25,31,615.5,56737.72430555556
0,290.0,-1.23,31,615.5,56737.725
0,295.0,-1.2,31,615.5,56737.725694444445
0,314.0,-1.15,32,615.5,56737.72638888889
0,322.0,-1.12,32,615.5,56737.72708333333
0,322.0,-1.09,31,615.5,56737.72777777778
0,323.0,-1.07,29,615.5,56737.728472222225
0,323.0,-1.04,28,615.5,56737.729166666664
0,323.0,-1.02,28,615.5,56737.72986111111
0,323.0,-1.0,29,615.5,56737.73055555556
0,323.0,-0.97,29,615.5,56737.73125
0,323.0,-0.95,30,615.5,56737.731944444444
1,91.0,-0.92,31,615.5,56737.73263888889
5,88.0,-0.87,35,615.5,56737.73333333333
8,119.0,-0.83,38,615.5,56737.73402777778
8,106.0,-0.77,40,615.5,56737.73472222222
8,111.0,-0.71,42,615.5,56737.73541666667
6,115.0,-0.64,44,615.5,56737.73611111111
4,103.0,-0.58,43,615.5,56737.736805555556
5,109.0,-0.5,45,615.5,56737.7375
1,117.0,-0.44,44,615.5,56737.73819444444
0,120.0,-0.37,43,615.5,56737.73888888889
0,135.0,-0.31,40,615.5,56737.739583333336
0,135.0,-0.25,39,615.5,56737.740277777775
0,136.0,-0.18,40,615.5,56737.74097222222
0,136.0,-0.12,40,615.5,56737.74166666667
0,136.0,-0.06,39,615.5,56737.74236111111
0,171.0,-0.0,39,615.5,56737.743055555555
0,166.0,0.06,38,615.5,56737.74375
0,138.0,0.11,38,615.5,56737.74444444444
0,160.0,0.17,37,615.5,56737.74513888889
0,147.0,0.22,37,615.5,56737.745833333334
0,123.0,0.28,37,615.5,56737.74652777778
0,98.0,0.35,43,615.5,56737.74722222222
2,100.0,0.43,55,615.5,56737.74791666667
2,82.0,0.52,63,615.5,56737.748611111114
3,75.0,0.6,66,615.5,56737.74930555555
5,96.0,0.67,66,615.5,56737.75
7,118.0,0.75,69,615.5,56737.75069444445
4,105.0,0.83,70,615.5,56737.751388888886
4,108.0,0.9,67,615.5,56737.75208333333
4,88.0,0.96,65,615.5,56737.75277777778
4,96.0,1.05,65,615.5,56737.75347222222
4,79.0,1.12,65,615.5,56737.754166666666
2,73.0,1.21,63,615.6,56737.75486111111
0,0.0,1.27,63,615.6,56737.75555555556
0,285.0,1.34,63,615.6,56737.75625
0,336.0,1.4,59,615.6,56737.756944444445
0,308.0,1.43,55,615.6,56737.75763888889
0,318.0,1.47,56,615.6,56737.75833333333
0,323.0,1.51,51,615.6,56737.75902777778
0,333.0,1.54,44,615.6,56737.759722222225
0,333.0,1.57,36,615.6,56737.760416666664
0,333.0,1.59,34,615.6,56737.76111111111
0,0.0,1.61,32,615.6,56737.76180555556
0,39.0,1.63,30,615.6,56737.7625
0,5.0,1.64,29,615.6,56737.763194444444
0,4.0,1.66,28,615.6,56737.76388888889
0,4.0,1.68,26,615.6,56737.76458333333
0,4.0,1.69,26,615.6,56737.76527777778
0,4.0,1.7,26,615.6,56737.76597222222
0,4.0,1.72,26,615.6,56737.76666666667
0,3.0,1.74,25,615.6,56737.76736111111
0,0.0,1.75,23,615.6,56737.768055555556
0,0.0,1.76,23,615.6,56737.76875
0,0.0,1.78,21,615.6,56737.76944444444
0,0.0,1.78,20,615.6,56737.77013888889
0,0.0,1.78,20,615.6,56737.770833333336
0,0.0,1.79,20,615.6,56737.771527777775
0,0.0,1.81,21,615.6,56737.77222222222
0,0.0,1.81,21,615.7,56737.77291666667
0,0.0,1.83,21,615.7,56737.77361111111
0,0.0,1.84,22,615.7,56737.774305555555
0,0.0,1.86,22,615.7,56737.775
0,0.0,1.87,23,615.7,56737.77569444444
0,0.0,1.89,22,615.7,56737.77638888889
1,292.0,1.91,23,615.7,56737.777083333334
3,317.0,1.93,24,615.7,56737.77777777778
3,316.0,1.94,24,615.7,56737.77847222222
1,310.0,1.95,24,615.7,56737.77916666667
3,323.0,1.98,25,615.7,56737.779861111114
5,323.0,2.01,26,615.7,56737.78055555555
2,332.0,2.03,26,615.7,56737.78125
2,319.0,2.08,25,615.7,56737.78194444445
2,327.0,2.09,25,615.6,56737.782638888886
1,293.0,2.09,24,615.6,56737.78333333333
1,342.0,2.12,24,615.6,56737.78402777778
5,316.0,2.18,23,615.6,56737.78472222222
4,297.0,2.21,23,615.6,56737.785416666666
6,324.0,2.22,23,615.6,56737.78611111111
5,320.0,2.27,22,615.7,56737.78680555556
4,349.0,2.29,22,615.7,56737.7875
6,337.0,2.34,21,615.7,56737.788194444445
7,332.0,2.41,18,615.6,56737.78888888889
4,332.0,2.47,17,615.6,56737.78958333333
5,333.0,2.52,18,615.6,56737.79027777778
6,343.0,2.57,19,615.6,56737.790972222225
6,353.0,2.63,18,615.6,56737.791666666664
6,319.0,2.68,18,615.6,56737.79236111111
7,328.0,2.75,20,615.6,56737.79305555556
8,345.0,2.83,18,615.6,56737.79375
5,333.0,2.87,18,615.6,56737.794444444444
7,333.0,2.93,19,615.6,56737.79513888889
7,293.0,3.0,19,615.6,56737.79583333333
7,316.0,3.03,18,615.6,56737.79652777778
8,320.0,3.06,17,615.6,56737.79722222222
7,321.0,3.1,16,615.6,56737.79791666667
7,332.0,3.13,16,615.7,56737.79861111111
6,333.0,3.15,16,615.7,56737.799305555556
8,333.0,3.19,16,615.7,56737.8
5,0.0,3.21,16,615.7,56737.80069444444
1,14.0,3.22,16,615.7,56737.80138888889
0,346.0,3.21,17,615.7,56737.802083333336
1,29.0,3.24,17,615.7,56737.802777777775
0,34.0,3.24,17,615.7,56737.80347222222
0,0.0,3.24,17,615.7,56737.80416666667
2,336.0,3.27,20,615.7,56737.80486111111
0,334.0,3.3,22,615.7,56737.805555555555
2,323.0,3.32,21,615.7,56737.80625
4,336.0,3.38,21,615.7,56737.80694444444
1,341.0,3.41,22,615.8,56737.80763888889
0,0.0,3.44,25,615.8,56737.808333333334
0,0.0,3.48,27,615.8,56737.80902777778
0,329.0,3.49,27,615.8,56737.80972222222
2,298.0,3.56,26,615.7,56737.81041666667
4,340.0,3.6,26,615.8,56737.811111111114
3,315.0,3.67,28,615.7,56737.81180555555
7,335.0,3.77,37,615.8,56737.8125
3,296.0,3.83,38,615.8,56737.81319444445
0,226.0,3.86,35,615.8,56737.813888888886
1,276.0,3.9,32,615.8,56737.81458333333
6,267.0,3.96,30,615.8,56737.81527777778
4,346.0,4.02,32,615.8,56737.81597222222
3,327.0,4.11,35,615.8,56737.816666666666
7,295.0,4.23,34,615.8,56737.81736111111
8,320.0,4.29,27,615.8,56737.81805555556
7,290.0,4.37,29,615.8,56737.81875
7,298.0,4.42,28,615.8,56737.819444444445
4,334.0,4.46,28,615.8,56737.82013888889
1,352.0,4.54,31,615.8,56737.82083333333
1,304.0,4.63,37,615.9,56737.82152777778
6,0.0,4.74,38,615.9,56737.822222222225
2,89.0,4.82,39,615.9,56737.822916666664
3,99.0,4.89,46,615.9,56737.82361111111
12,93.0,4.97,56,615.9,56737.82430555556
10,140.0,5.01,59,615.8,56737.825
9,173.0,5.05,62,615.8,56737.825694444444
4,289.0,5.08,54,615.8,56737.82638888889
1,305.0,5.1,50,615.8,56737.82708333333
0,91.0,5.13,49,615.8,56737.82777777778
7,100.0,5.17,57,615.8,56737.82847222222
10,96.0,5.23,61,615.9,56737.82916666667
6,98.0,5.25,64,615.9,56737.82986111111
7,170.0,5.29,63,615.9,56737.830555555556
4,128.0,5.29,58,615.9,56737.83125
4,125.0,5.28,62,615.9,56737.83194444444
3,116.0,5.27,64,615.9,56737.83263888889
0,143.0,5.22,64,615.9,56737.833333333336
0,153.0,5.19,59,615.9,56737.834027777775
0,220.0,5.15,54,615.9,56737.83472222222
0,223.0,5.12,54,615.9,56737.83541666667
0,167.0,5.13,54,615.9,56737.83611111111
0,112.0,5.11,59,615.9,56737.836805555555
0,145.0,5.09,62,615.9,56737.8375
2,131.0,5.08,66,615.9,56737.83819444444
2,111.0,5.05,67,615.9,56737.83888888889
1,290.0,5.01,68,615.9,56737.839583333334
0,79.0,5.0,66,615.9,56737.84027777778
4,117.0,4.99,65,615.9,56737.84097222222
12,198.0,4.92,64,615.8,56737.84166666667
7,158.0,4.88,62,615.8,56737.842361111114
9,102.0,4.8,63,615.8,56737.84305555555
13,309.0,4.82,62,615.8,56737.84375
13,221.0,4.81,61,615.9,56737.84444444445
4,251.0,4.77,58,615.9,56737.845138888886
7,244.0,4.74,59,615.9,56737.84583333333
12,108.0,4.7,62,615.9,56737.84652777778
5,140.0,4.72,64,615.9,56737.84722222222
6,78.0,4.72,67,615.9,56737.847916666666
5,65.0,4.73,66,615.9,56737.84861111111
0,141.0,4.67,65,615.9,56737.84930555556
0,83.0,4.69,64,615.9,56737.85
0,267.0,4.68,65,615.9,56737.850694444445
7,338.0,4.7,65,615.9,56737.85138888889
2,89.0,4.69,59,615.9,56737.85208333333
0,111.0,4.67,60,616.0,56737.85277777778
0,90.0,4.64,61,616.0,56737.853472222225
0,55.0,4.67,61,616.0,56737.854166666664
0,56.0,4.68,62,616.0,56737.85486111111
0,41.0,4.66,61,616.0,56737.85555555556
0,53.0,4.68,59,616.0,56737.85625
0,64.0,4.68,58,616.0,56737.856944444444
0,337.0,4.68,57,616.0,56737.85763888889
0,338.0,4.68,56,616.0,56737.85833333333
0,340.0,4.69,56,616.0,56737.85902777778
0,340.0,4.69,57,616.0,56737.85972222222
0,340.0,4.68,57,616.0,56737.86041666667
0,340.0,4.61,58,616.0,56737.86111111111
0,339.0,4.61,57,616.0,56737.861805555556
0,339.0,4.65,58,615.9,56737.8625
0,274.0,4.68,58,615.9,56737.86319444444
0,3.0,4.71,57,615.9,56737.86388888889
0,300.0,4.74,58,615.9,56737.864583333336
2,78.0,4.79,60,615.9,56737.865277777775
3,227.0,4.83,66,615.8,56737.86597222222
2,165.0,4.89,64,615.8,56737.86666666667
7,307.0,4.91,63,615.8,56737.86736111111
8,330.0,4.95,59,615.9,56737.868055555555
4,307.0,5.0,61,615.9,56737.86875
3,320.0,5.05,60,615.9,56737.86944444444
5,346.0,5.1,61,615.9,56737.87013888889
3,354.0,5.14,62,615.9,56737.870833333334
0,353.0,5.16,62,615.9,56737.87152777778
0,289.0,5.15,61,615.9,56737.87222222222
2,286.0,5.16,61,615.9,56737.87291666667
4,295.0,5.17,62,615.9,56737.873611111114
0,295.0,5.16,63,615.9,56737.87430555555
0,320.0,5.16,63,615.9,56737.875
1,346.0,5.17,63,615.9,56737.87569444445
1,0.0,5.19,63,615.9,56737.876388888886
1,324.0,5.22,64,615.9,56737.87708333333
3,307.0,5.21,63,615.9,56737.87777777778
5,312.0,5.2,62,615.9,56737.87847222222
1,322.0,5.2,61,615.9,56737.879166666666
3,310.0,5.23,59,615.9,56737.87986111111
5,354.0,5.25,56,615.9,56737.88055555556
1,6.0,5.27,58,615.8,56737.88125
3,325.0,5.28,59,615.8,56737.881944444445
5,313.0,5.28,58,615.8,56737.88263888889
6,309.0,5.28,61,615.8,56737.88333333333
6,38.0,5.3,62,615.8,56737.88402777778
2,302.0,5.27,61,615.8,56737.884722222225
4,297.0,5.28,59,615.8,56737.885416666664
5,285.0,5.27,59,615.8,56737.88611111111
4,305.0,5.26,59,615.8,56737.88680555556
0,71.0,5.26,60,615.8,56737.8875
1,335.0,5.3,61,615.8,56737.888194444444
2,311.0,5.33,61,615.7,56737.88888888889
6,280.0,5.37,62,615.7,56737.88958333333
9,321.0,5.37,59,615.7,56737.89027777778
10,327.0,5.4,55,615.8,56737.89097222222
6,312.0,5.41,55,615.8,56737.89166666667
5,331.0,5.4,55,615.8,56737.89236111111
5,327.0,5.43,56,615.8,56737.893055555556
8,266.0,5.43,55,615.8,56737.89375
7,269.0,5.41,54,615.8,56737.89444444444
5,296.0,5.4,54,615.8,56737.89513888889
9,263.0,5.4,57,615.8,56737.895833333336
8,250.0,5.42,58,615.8,56737.896527777775
7,274.0,5.43,57,615.8,56737.89722222222
4,269.0,5.44,56,615.8,56737.89791666667
7,302.0,5.42,55,615.8,56737.89861111111
4,301.0,5.41,56,615.8,56737.899305555555
4,276.0,5.41,56,615.8,56737.9
8,253.0,5.41,54,615.7,56737.90069444444
9,286.0,5.44,53,615.7,56737.90138888889
9,272.0,5.42,52,615.7,56737.902083333334
7,272.0,5.4,52,615.7,56737.90277777778
6,261.0,5.42,53,615.8,56737.90347222222
2,326.0,5.42,55,615.8,56737.90416666667
5,301.0,5.48,53,615.7,56737.904861111114
5,282.0,5.49,53,615.7,56737.90555555555
18,281.0,5.49,52,615.6,56737.90625
19,271.0,5.44,51,615.6,56737.90694444445
8,301.0,5.42,49,615.7,56737.907638888886
8,256.0,5.39,49,615.7,56737.90833333333
8,291.0,5.36,49,615.7,56737.90902777778
7,276.0,5.33,48,615.7,56737.90972222222
17,241.0,5.29,45,615.6,56737.910416666666
13,275.0,5.32,46,615.6,56737.91111111111
15,277.0,5.32,45,615.6,56737.91180555556
17,288.0,5.32,46,615.6,56737.9125
10,300.0,5.34,47,615.6,56737.913194444445
13,290.0,5.39,49,615.6,56737.91388888889
11,302.0,5.47,49,615.6,56737.91458333333
10,254.0,5.58,52,615.6,56737.91527777778
12,272.0,5.72,53,615.5,56737.915972222225
13,279.0,5.89,50,615.6,56737.916666666664
15,298.0,6.0,48,615.6,56737.91736111111
15,304.0,6.08,46,615.6,56737.91805555556
10,312.0,6.18,45,615.6,56737.91875
14,291.0,6.26,47,615.5,56737.919444444444
13,289.0,6.34,47,615.6,56737.92013888889
18,297.0,6.42,46,615.5,56737.92083333333
17,290.0,6.49,48,615.6,56737.92152777778
14,269.0,6.55,49,615.5,56737.92222222222
18,294.0,6.62,50,615.5,56737.92291666667
16,286.0,6.67,47,615.5,56737.92361111111
13,305.0,6.72,47,615.5,56737.924305555556
13,279.0,6.81,47,615.5,56737.925
14,287.0,6.91,45,615.5,56737.92569444444
16,307.0,6.96,46,615.5,56737.92638888889
14,294.0,7.03,52,615.5,56737.927083333336
11,265.0,7.03,52,615.5,56737.927777777775
6,275.0,7.0,52,615.5,56737.92847222222
8,326.0,7.0,51,615.5,56737.92916666667
10,334.0,7.02,54,615.4,56737.92986111111
16,313.0,7.0,48,615.4,56737.930555555555
19,285.0,6.95,51,615.4,56737.93125
15,263.0,6.89,49,615.5,56737.93194444444
14,269.0,6.87,46,615.4,56737.93263888889
11,284.0,6.84,47,615.4,56737.933333333334
14,286.0,6.78,50,615.4,56737.93402777778
17,258.0,6.77,58,615.4,56737.93472222222
25,275.0,6.67,48,615.3,56737.93541666667
17,301.0,6.58,46,615.4,56737.936111111114
13,285.0,6.52,46,615.5,56737.93680555555
10,268.0,6.46,49,615.5,56737.9375
7,223.0,6.32,57,615.4,56737.93819444445
14,291.0,6.29,59,615.4,56737.938888888886
19,276.0,6.21,60,615.4,56737.93958333333
14,279.0,6.12,56,615.4,56737.94027777778
13,290.0,6.03,55,615.3,56737.94097222222
10,278.0,5.96,55,615.4,56737.941666666666
8,327.0,5.89,56,615.4,56737.94236111111
4,301.0,5.84,55,615.4,56737.94305555556
4,41.0,5.8,60,615.3,56737.94375
12,269.0,5.74,60,615.3,56737.944444444445
13,306.0,5.67,59,615.3,56737.94513888889
10,318.0,5.62,59,615.4,56737.94583333333
9,333.0,5.61,60,615.4,56737.94652777778
7,286.0,5.6,60,615.4,56737.947222222225
7,282.0,5.57,57,615.4,56737.947916666664
10,277.0,5.53,62,615.4,56737.94861111111
13,272.0,5.51,61,615.3,56737.94930555556
7,258.0,5.49,61,615.3,56737.95
2,271.0,5.45,61,615.3,56737.950694444444
7,288.0,5.43,60,615.3,56737.95138888889
5,240.0,5.39,58,615.3,56737.95208333333
9,159.0,5.35,57,615.3,56737.95277777778
4,202.0,5.34,57,615.2,56737.95347222222
1,102.0,5.34,61,615.2,56737.95416666667
1,274.0,5.35,63,615.2,56737.95486111111
7,240.0,5.41,59,615.2,56737.955555555556
12,294.0,5.53,55,615.1,56737.95625
12,245.0,5.6,54,615.1,56737.95694444444
16,270.0,5.76,55,615.1,56737.95763888889
18,263.0,5.9,52,615.1,56737.958333333336
14,262.0,6.08,50,615.1,56737.959027777775
14,283.0,6.2,48,615.1,56737.95972222222
17,273.0,6.31,46,615.1,56737.96041666667
9,266.0,6.48,45,615.1,56737.96111111111
7,263.0,6.61,43,615.1,56737.961805555555
3,282.0,6.71,44,615.1,56737.9625
7,287.0,6.84,46,615.1,56737.96319444444
9,295.0,6.93,40,615.1,56737.96388888889
6,325.0,7.03,39,615.1,56737.964583333334
1,262.0,7.12,41,615.2,56737.96527777778
4,267.0,7.29,48,615.1,56737.96597222222
13,256.0,7.46,53,615.1,56737.96666666667
12,257.0,7.64,52,615.1,56737.967361111114
8,280.0,7.76,51,615.1,56737.96805555555
6,289.0,7.83,49,615.1,56737.96875
4,276.0,7.92,45,615.1,56737.96944444445
1,333.0,8.04,46,615.1,56737.970138888886
4,66.0,8.17,47,615.1,56737.97083333333
5,296.0,8.3,45,615.1,56737.97152777778
8,255.0,8.39,40,615.1,56737.97222222222
8,195.0,8.51,40,615.0,56737.972916666666
4,38.0,8.63,43,615.0,56737.97361111111
1,25.0,8.75,46,615.0,56737.97430555556
2,259.0,8.9,47,614.9,56737.975
9,253.0,9.15,48,614.9,56737.975694444445
5,290.0,9.29,46,615.0,56737.97638888889
0,316.0,9.39,46,615.0,56737.97708333333
0,289.0,9.51,47,615.0,56737.97777777778
7,336.0,9.62,43,615.0,56737.978472222225
12,294.0,9.7,39,614.9,56737.979166666664
16,297.0,9.73,38,614.9,56737.97986111111
13,278.0,9.74,37,614.9,56737.98055555556
16,282.0,9.74,38,614.9,56737.98125
8,301.0,9.76,38,614.9,56737.981944444444
17,278.0,9.75,38,614.8,56737.98263888889
15,303.0,9.74,39,614.8,56737.98333333333
18,285.0,9.7,39,614.8,56737.98402777778
17,323.0,9.66,44,614.8,56737.98472222222
22,303.0,9.71,52,614.8,56737.98541666667
20,311.0,9.67,46,614.8,56737.98611111111
12,336.0,9.6,49,614.8,56737.986805555556
9,316.0,9.55,48,614.8,56737.9875
15,287.0,9.47,44,614.8,56737.98819444444
20,296.0,9.39,43,614.8,56737.98888888889
19,288.0,9.33,44,614.8,56737.989583333336
18,301.0,9.27,45,614.8,56737.990277777775
19,336.0,9.17,46,614.8,56737.99097222222
20,293.0,9.07,43,614.8,56737.99166666667
21,307.0,8.94,40,614.8,56737.99236111111
19,288.0,8.81,41,614.8,56737.993055555555
19,289.0,8.7,42,614.7,56737.99375
27,282.0,8.56,42,614.6,56737.99444444444
27,290.0,8.46,40,614.6,56737.99513888889
23,280.0,8.36,40,614.6,56737.995833333334
21,294.0,8.27,40,614.6,56737.99652777778
30,288.0,8.18,40,614.5,56737.99722222222
28,292.0,8.06,41,614.5,56737.99791666667
23,309.0,7.96,44,614.5,56737.998611111114
26,282.0,7.78,46,614.5,56737.99930555555
17,326.0,7.64,47,614.5,56738.0
28,298.0,7.41,59,614.5,56738.00069444445
21,293.0,7.22,57,614.5,56738.001388888886
25,294.0,6.97,58,614.5,56738.00208333333
17,284.0,6.79,54,614.6,56738.00277777778
14,286.0,6.63,56,614.6,56738.00347222222
20,309.0,6.47,57,614.6,56738.004166666666
18,316.0,6.35,54,614.5,56738.00486111111
15,295.0,6.31,53,614.6,56738.00555555556
13,348.0,6.28,55,614.6,56738.00625
21,304.0,6.41,58,614.5,56738.006944444445
19,334.0,6.5,59,614.5,56738.00763888889
20,332.0,6.7,57,614.5,56738.00833333333
15,326.0,6.87,56,614.6,56738.00902777778
11,335.0,6.97,55,614.6,56738.009722222225
14,307.0,7.1,54,614.5,56738.010416666664
14,335.0,7.15,54,614.5,56738.01111111111
16,315.0,7.2,54,614.5,56738.01180555556
21,311.0,7.14,57,614.4,56738.0125
23,320.0,7.06,60,614.5,56738.013194444444
17,288.0,6.97,60,614.5,56738.01388888889
20,296.0,6.79,58,614.4,56738.01458333333
18,304.0,6.6,57,614.4,56738.01527777778
19,299.0,6.39,56,614.4,56738.01597222222
20,298.0,6.18,54,614.4,56738.01666666667
17,293.0,5.98,51,614.4,56738.01736111111
14,309.0,5.79,52,614.4,56738.018055555556
14,308.0,5.57,53,614.4,56738.01875
15,296.0,5.4,54,614.3,56738.01944444444
17,305.0,5.24,55,614.3,56738.02013888889
16,311.0,5.12,54,614.3,56738.020833333336
16,316.0,5.02,59,614.3,56738.021527777775
18,287.0,4.98,58,614.3,56738.02222222222
15,308.0,4.9,56,614.3,56738.02291666667
13,296.0,4.85,56,614.3,56738.02361111111
17,281.0,4.84,57,614.3,56738.024305555555
20,305.0,4.81,58,614.3,56738.025
14,291.0,4.81,60,614.3,56738.02569444444
21,280.0,4.84,56,614.3,56738.02638888889
21,284.0,4.86,47,614.3,56738.027083333334
25,298.0,4.94,53,614.3,56738.02777777778
24,277.0,5.0,53,614.3,56738.02847222222
21,315.0,5.03,52,614.3,56738.02916666667
17,296.0,5.09,51,614.3,56738.029861111114
21,314.0,5.14,51,614.2,56738.03055555555
17,305.0,5.16,50,614.3,56738.03125
20,297.0,5.19,53,614.2,56738.03194444445
21,286.0,5.17,54,614.2,56738.032638888886
18,285.0,5.12,47,614.3,56738.03333333333
13,285.0,5.14,51,614.3,56738.03402777778
17,287.0,5.15,52,614.3,56738.03472222222
14,302.0,5.19,57,614.3,56738.035416666666
13,279.0,5.25,55,614.3,56738.03611111111
17,302.0,5.33,55,614.3,56738.03680555556
18,300.0,5.43,59,614.3,56738.0375
15,319.0,5.5,57,614.4,56738.038194444445
15,299.0,5.64,56,614.4,56738.03888888889
16,298.0,5.77,54,614.3,56738.03958333333
16,295.0,5.86,52,614.3,56738.04027777778
17,304.0,5.94,50,614.3,56738.040972222225
10,268.0,6.01,49,614.4,56738.041666666664
8,313.0,6.1,50,614.3,56738.04236111111
12,285.0,6.22,52,614.3,56738.04305555556
25,270.0,6.31,52,614.2,56738.04375
21,316.0,6.38,50,614.2,56738.044444444444
21,289.0,6.44,48,614.3,56738.04513888889
18,296.0,6.46,48,614.3,56738.04583333333
17,290.0,6.51,47,614.3,56738.04652777778
20,284.0,6.5,46,614.3,56738.04722222222
21,287.0,6.47,44,614.2,56738.04791666667
15,286.0,6.43,45,614.3,56738.04861111111
17,304.0,6.36,47,614.3,56738.049305555556
13,296.0,6.29,48,614.3,56738.05
16,324.0,6.2,50,614.3,56738.05069444444
20,289.0,6.1,56,614.3,56738.05138888889
17,320.0,5.97,57,614.3,56738.052083333336
15,296.0,5.85,58,614.3,56738.052777777775
10,298.0,5.72,59,614.3,56738.05347222222
13,298.0,5.56,60,614.3,56738.05416666667
10,311.0,5.42,60,614.3,56738.05486111111
11,324.0,5.3,59,614.3,56738.055555555555
12,313.0,5.19,61,614.3,56738.05625
10,311.0,5.08,60,614.3,56738.05694444444
10,304.0,4.98,61,614.3,56738.05763888889
13,314.0,4.91,61,614.3,56738.058333333334
11,316.0,4.81,61,614.2,56738.05902777778
14,302.0,4.71,63,614.2,56738.05972222222
14,306.0,4.59,64,614.2,56738.06041666667
18,309.0,4.45,65,614.2,56738.061111111114
15,310.0,4.31,64,614.2,56738.06180555555
14,329.0,4.22,63,614.2,56738.0625
10,305.0,4.13,63,614.2,56738.06319444445
9,336.0,4.04,62,614.2,56738.063888888886
13,307.0,3.96,60,614.2,56738.06458333333
14,293.0,3.88,60,614.2,56738.06527777778
15,283.0,3.79,60,614.2,56738.06597222222
16,304.0,3.7,66,614.2,56738.066666666666
19,283.0,3.6,68,614.2,56738.06736111111
18,280.0,3.5,68,614.2,56738.06805555556
16,292.0,3.4,67,614.2,56738.06875
13,284.0,3.34,68,614.2,56738.069444444445
12,291.0,3.28,69,614.3,56738.07013888889
13,296.0,3.23,69,614.2,56738.07083333333
12,270.0,3.18,69,614.3,56738.07152777778
10,322.0,3.17,69,614.3,56738.072222222225
12,312.0,3.21,70,614.3,56738.072916666664
10,301.0,3.24,69,614.2,56738.07361111111
10,311.0,3.29,68,614.2,56738.07430555556
12,297.0,3.38,64,614.2,56738.075
15,322.0,3.51,64,614.2,56738.075694444444
15,276.0,3.66,63,614.3,56738.07638888889
11,292.0,3.75,63,614.3,56738.07708333333
9,275.0,3.86,61,614.3,56738.07777777778
7,301.0,3.96,60,614.3,56738.07847222222
6,311.0,4.07,57,614.3,56738.07916666667
4,307.0,4.2,56,614.3,56738.07986111111
3,345.0,4.37,57,614.3,56738.080555555556
4,339.0,4.59,58,614.3,56738.08125
4,327.0,4.83,57,614.3,56738.08194444444
2,347.0,5.01,55,614.3,56738.08263888889
0,0.0,5.18,55,614.3,56738.083333333336
0,62.0,5.39,59,614.3,56738.084027777775
2,320.0,5.67,61,614.3,56738.08472222222
4,318.0,5.86,57,614.3,56738.08541666667
1,343.0,6.0,61,614.3,56738.08611111111
3,24.0,6.19,68,614.3,56738.086805555555
3,332.0,6.31,66,614.3,56738.0875
8,329.0,6.44,64,614.3,56738.08819444444
5,354.0,6.53,59,614.3,56738.08888888889
0,0.0,6.56,59,614.3,56738.089583333334
0,0.0,6.53,59,614.4,56738.09027777778
0,4.0,6.59,61,614.3,56738.09097222222
1,343.0,6.6,64,614.3,56738.09166666667
1,352.0,6.6,65,614.4,56738.092361111114
1,341.0,6.56,66,614.4,56738.09305555555
4,323.0,6.49,65,614.4,56738.09375
6,306.0,6.42,64,614.4,56738.09444444445
3,0.0,6.33,65,614.4,56738.095138888886
2,326.0,6.24,67,614.4,56738.09583333333
3,348.0,6.13,66,614.4,56738.09652777778
5,314.0,6.01,65,614.4,56738.09722222222
12,332.0,5.87,64,614.4,56738.097916666666
14,337.0,5.75,62,614.3,56738.09861111111
17,316.0,5.61,63,614.3,56738.09930555556
10,311.0,5.49,61,614.3,56738.1
11,307.0,5.34,64,614.3,56738.100694444445
11,307.0,5.19,63,614.3,56738.10138888889
11,311.0,5.04,66,614.3,56738.10208333333
7,321.0,4.9,65,614.3,56738.10277777778
4,287.0,4.77,65,614.3,56738.103472222225
6,284.0,4.66,67,614.4,56738.104166666664
8,262.0,4.56,67,614.4,56738.10486111111
8,298.0,4.45,69,614.4,56738.10555555556
19,293.0,4.33,68,614.3,56738.10625
14,294.0,4.22,68,614.3,56738.106944444444
16,314.0,4.11,68,614.3,56738.10763888889
16,323.0,4.02,65,614.3,56738.10833333333
12,303.0,3.95,66,614.3,56738.10902777778
13,322.0,3.86,67,614.3,56738.10972222222
16,320.0,3.81,67,614.3,56738.11041666667
15,271.0,3.78,68,614.3,56738.11111111111
16,273.0,3.7,70,614.3,56738.111805555556
18,298.0,3.59,71,614.3,56738.1125
16,296.0,3.5,71,614.4,56738.11319444444
15,301.0,3.38,71,614.4,56738.11388888889
15,292.0,3.25,71,614.4,56738.114583333336
14,278.0,3.11,72,614.4,56738.115277777775
11,292.0,3.0,72,614.4,56738.11597222222
15,282.0,2.86,74,614.4,56738.11666666667
13,272.0,2.72,73,614.4,56738.11736111111
15,265.0,2.59,75,614.4,56738.118055555555
17,268.0,2.46,75,614.4,56738.11875
13,290.0,2.34,75,614.4,56738.11944444444
9,257.0,2.25,75,614.4,56738.12013888889
11,274.0,2.17,76,614.4,56738.120833333334
9,258.0,2.11,76,614.4,56738.12152777778
9,291.0,2.06,77,614.4,56738.12222222222
11,302.0,2.01,77,614.4,56738.12291666667
5,291.0,1.99,76,614.4,56738.123611111114
10,275.0,1.98,78,614.4,56738.12430555555
11,279.0,1.99,77,614.4,56738.125
7,267.0,2.01,78,614.4,56738.12569444445
3,262.0,2.06,78,614.4,56738.126388888886
1,290.0,2.11,77,614.4,56738.12708333333
0,318.0,2.17,76,614.4,56738.12777777778
0,273.0,2.27,77,614.4,56738.12847222222
5,275.0,2.44,79,614.4,56738.129166666666
10,283.0,2.6,75,614.4,56738.12986111111
3,323.0,2.74,73,614.4,56738.13055555556
0,336.0,2.9,72,614.5,56738.13125
0,15.0,3.0,70,614.5,56738.131944444445
1,294.0,3.14,70,614.5,56738.13263888889
7,305.0,3.34,69,614.5,56738.13333333333
10,310.0,3.52,66,614.5,56738.13402777778
8,325.0,3.71,65,614.5,56738.134722222225
6,318.0,3.95,63,614.4,56738.135416666664
9,289.0,4.21,64,614.4,56738.13611111111
10,293.0,4.38,60,614.4,56738.13680555556
9,295.0,4.53,59,614.4,56738.1375
9,304.0,4.66,60,614.4,56738.138194444444
9,334.0,4.8,66,614.4,56738.13888888889
11,336.0,5.02,66,614.4,56738.13958333333
13,318.0,5.26,62,614.4,56738.14027777778
15,281.0,5.41,55,614.4,56738.14097222222
13,307.0,5.5,53,614.5,56738.14166666667
9,316.0,5.58,55,614.5,56738.14236111111
13,322.0,5.64,59,614.5,56738.143055555556
9,333.0,5.69,59,614.5,56738.14375
7,332.0,5.7,60,614.5,56738.14444444444
14,329.0,5.72,60,614.5,56738.14513888889
15,322.0,5.73,60,614.5,56738.145833333336
13,325.0,5.67,61,614.5,56738.146527777775
14,307.0,5.59,62,614.5,56738.14722222222
15,293.0,5.44,63,614.5,56738.14791666667
17,304.0,5.23,64,614.5,56738.14861111111
15,305.0,5.0,66,614.5,56738.149305555555
17,285.0,4.72,66,614.5,56738.15
12,311.0,4.47,65,614.5,56738.15069444444
10,310.0,4.23,62,614.5,56738.15138888889
9,311.0,3.98,62,614.6,56738.152083333334
11,325.0,3.73,66,614.6,56738.15277777778
11,326.0,3.52,67,614.6,56738.15347222222
12,341.0,3.33,68,614.6,56738.15416666667
16,326.0,3.17,69,614.6,56738.154861111114
13,335.0,3.03,70,614.6,56738.15555555555
9,315.0,2.91,69,614.6,56738.15625
9,305.0,2.78,70,614.6,56738.15694444445
10,304.0,2.64,71,614.7,56738.157638888886
8,324.0,2.52,70,614.7,56738.15833333333
6,320.0,2.41,70,614.7,56738.15902777778
7,323.0,2.31,71,614.7,56738.15972222222
10,338.0,2.23,70,614.7,56738.160416666666
7,332.0,2.13,67,614.7,56738.16111111111
3,0.0,2.04,67,614.7,56738.16180555556
5,62.0,2.01,72,614.6,56738.1625
5,324.0,1.95,73,614.6,56738.163194444445
7,338.0,1.9,72,614.6,56738.16388888889
10,309.0,1.86,72,614.7,56738.16458333333
11,325.0,1.81,71,614.7,56738.16527777778
12,332.0,1.78,69,614.7,56738.165972222225
5,297.0,1.73,68,614.7,56738.166666666664
3,0.0,1.67,68,614.7,56738.16736111111
4,332.0,1.63,70,614.7,56738.16805555556
12,322.0,1.62,70,614.7,56738.16875
9,321.0,1.59,70,614.7,56738.169444444444
8,313.0,1.55,70,614.7,56738.17013888889
10,324.0,1.52,71,614.7,56738.17083333333
11,320.0,1.46,72,614.8,56738.17152777778
12,340.0,1.41,72,614.8,56738.17222222222
10,316.0,1.36,72,614.8,56738.17291666667
7,306.0,1.28,72,614.8,56738.17361111111
7,330.0,1.2,73,614.8,56738.174305555556
5,335.0,1.13,75,614.8,56738.175
4,317.0,1.07,76,614.8,56738.17569444444
7,331.0,1.0,77,614.8,56738.17638888889
8,317.0,0.92,78,614.8,56738.177083333336
9,321.0,0.85,79,614.8,56738.177777777775
11,324.0,0.79,79,614.8,56738.17847222222
15,305.0,0.75,73,614.8,56738.17916666667
12,296.0,0.65,73,614.8,56738.17986111111
12,314.0,0.57,73,614.8,56738.180555555555
15,338.0,0.5,72,614.8,56738.18125
10,338.0,0.45,72,614.8,56738.18194444444
12,321.0,0.4,72,614.8,56738.18263888889
6,324.0,0.35,73,614.8,56738.183333333334
5,330.0,0.3,75,614.8,56738.18402777778
3,343.0,0.26,75,614.8,56738.18472222222
1,298.0,0.21,77,614.8,56738.18541666667
2,321.0,0.15,79,614.8,56738.186111111114
3,323.0,0.09,80,614.9,56738.18680555555
4,304.0,0.03,81,614.9,56738.1875
5,321.0,-0.03,82,614.9,56738.18819444445
7,326.0,-0.06,83,614.9,56738.188888888886
3,322.0,-0.1,83,614.9,56738.18958333333
2,321.0,-0.14,84,614.9,56738.19027777778
5,337.0,-0.17,85,614.9,56738.19097222222
11,320.0,-0.15,86,614.9,56738.191666666666
13,320.0,-0.15,87,614.9,56738.19236111111
10,310.0,-0.16,87,615.0,56738.19305555556
10,327.0,-0.17,87,615.0,56738.19375
10,313.0,-0.18,88,615.0,56738.194444444445
9,316.0,-0.21,88,615.0,56738.19513888889
9,325.0,-0.21,88,615.0,56738.19583333333
8,290.0,-0.22,88,615.0,56738.19652777778
12,301.0,-0.26,88,615.0,56738.197222222225
10,301.0,-0.31,88,614.9,56738.197916666664
10,294.0,-0.37,87,614.9,56738.19861111111
11,308.0,-0.42,87,614.9,56738.19930555556
11,293.0,-0.47,87,614.9,56738.2
10,297.0,-0.53,88,614.9,56738.200694444444
9,291.0,-0.58,88,614.9,56738.20138888889
8,304.0,-0.63,89,614.9,56738.20208333333
8,306.0,-0.69,89,614.9,56738.20277777778
9,316.0,-0.74,89,615.0,56738.20347222222
8,305.0,-0.78,89,615.0,56738.20416666667
7,300.0,-0.83,89,615.0,56738.20486111111
6,296.0,-0.87,90,615.0,56738.205555555556
6,304.0,-0.91,90,615.0,56738.20625
5,304.0,-0.94,90,615.0,56738.20694444444
3,318.0,-0.97,91,615.0,56738.20763888889
3,318.0,-0.99,91,615.0,56738.208333333336
2,302.0,-1.0,91,615.1,56738.209027777775
4,289.0,-1.03,90,615.1,56738.20972222222
6,285.0,-1.06,89,615.1,56738.21041666667
8,291.0,-1.09,89,615.1,56738.21111111111
5,345.0,-1.11,89,615.1,56738.211805555555
3,340.0,-1.12,90,615.1,56738.2125
1,271.0,-1.14,90,615.1,56738.21319444444
4,282.0,-1.15,91,615.1,56738.21388888889
7,318.0,-1.18,91,615.1,56738.214583333334
4,0.0,-1.18,91,615.2,56738.21527777778
1,0.0,-1.18,92,615.2,56738.21597222222
0,0.0,-1.18,92,615.2,56738.21666666667
0,342.0,-1.22,92,615.2,56738.217361111114
2,336.0,-1.18,92,615.2,56738.21805555555
3,320.0,-1.15,92,615.2,56738.21875
3,326.0,-1.15,92,615.2,56738.21944444445
2,271.0,-1.16,92,615.2,56738.220138888886
2,282.0,-1.18,92,615.2,56738.22083333333
5,280.0,-1.18,92,615.2,56738.22152777778
6,279.0,-1.18,92,615.2,56738.22222222222
7,277.0,-1.2,92,615.2,56738.222916666666
7,276.0,-1.22,91,615.1,56738.22361111111
9,276.0,-1.26,91,615.1,56738.22430555556
9,274.0,-1.29,91,615.1,56738.225
10,280.0,-1.33,91,615.1,56738.225694444445
9,286.0,-1.36,91,615.1,56738.22638888889
8,288.0,-1.39,91,615.1,56738.22708333333
6,289.0,-1.42,91,615.1,56738.22777777778
5,292.0,-1.45,91,615.2,56738.228472222225
4,291.0,-1.47,91,615.2,56738.229166666664
4,288.0,-1.49,92,615.2,56738.22986111111
1,288.0,-1.52,92,615.2,56738.23055555556
0,255.0,-1.55,92,615.2,56738.23125
0,255.0,-1.55,91,615.3,56738.231944444444
0,255.0,-1.57,91,615.3,56738.23263888889
0,225.0,-1.59,91,615.3,56738.23333333333
0,216.0,-1.61,91,615.3,56738.23402777778
0,216.0,-1.64,91,615.3,56738.23472222222
0,216.0,-1.66,91,615.3,56738.23541666667
0,216.0,-1.69,91,615.3,56738.23611111111
0,213.0,-1.72,91,615.3,56738.236805555556
0,211.0,-1.75,91,615.3,56738.2375
0,198.0,-1.79,91,615.3,56738.23819444444
0,195.0,-1.82,91,615.3,56738.23888888889
0,194.0,-1.85,91,615.3,56738.239583333336
0,218.0,-1.89,91,615.3,56738.240277777775
0,196.0,-1.92,91,615.3,56738.24097222222
0,180.0,-1.95,91,615.3,56738.24166666667
0,198.0,-1.99,92,615.3,56738.24236111111
0,197.0,-2.02,92,615.3,56738.243055555555
0,165.0,-2.05,91,615.3,56738.24375
0,158.0,-2.09,91,615.2,56738.24444444444
1,145.0,-2.14,91,615.2,56738.24513888889
1,150.0,-2.18,91,615.2,56738.245833333334
2,156.0,-2.24,91,615.3,56738.24652777778
1,159.0,-2.29,91,615.3,56738.24722222222
0,156.0,-2.34,91,615.4,56738.24791666667
0,154.0,-2.39,91,615.4,56738.248611111114
0,152.0,-2.44,91,615.4,56738.24930555555
1,132.0,-2.48,91,615.4,56738.25
3,136.0,-2.53,91,615.4,56738.25069444445
3,137.0,-2.58,91,615.4,56738.251388888886
2,145.0,-2.62,91,615.4,56738.25208333333
2,156.0,-2.66,92,615.4,56738.25277777778
1,165.0,-2.71,92,615.3,56738.25347222222
0,170.0,-2.75,92,615.4,56738.254166666666
0,179.0,-2.78,93,615.4,56738.25486111111
0,173.0,-2.81,93,615.4,56738.25555555556
0,170.0,-2.84,93,615.4,56738.25625
0,153.0,-2.87,93,615.4,56738.256944444445
0,144.0,-2.89,93,615.4,56738.25763888889
0,144.0,-2.92,93,615.4,56738.25833333333
0,134.0,-2.93,93,615.5,56738.25902777778
0,120.0,-2.93,93,615.5,56738.259722222225
0,120.0,-2.93,93,615.5,56738.260416666664
0,154.0,-2.95,93,615.5,56738.26111111111
0,158.0,-2.95,93,615.5,56738.26180555556
0,167.0,-2.95,93,615.5,56738.2625
0,166.0,-2.97,93,615.5,56738.263194444444
0,158.0,-2.99,93,615.5,56738.26388888889
0,126.0,-3.01,93,615.5,56738.26458333333
0,123.0,-3.03,94,615.5,56738.26527777778
0,134.0,-3.04,94,615.5,56738.26597222222
0,136.0,-3.04,94,615.5,56738.26666666667
0,156.0,-3.04,94,615.5,56738.26736111111
0,166.0,-3.04,94,615.5,56738.268055555556
0,171.0,-3.04,94,615.5,56738.26875
0,192.0,-3.06,94,615.5,56738.26944444444
0,176.0,-3.07,94,615.5,56738.27013888889
0,171.0,-3.07,94,615.5,56738.270833333336
0,158.0,-3.08,94,615.5,56738.271527777775
1,121.0,-3.09,94,615.5,56738.27222222222
4,119.0,-3.1,94,615.5,56738.27291666667
4,109.0,-3.1,94,615.5,56738.27361111111
4,124.0,-3.1,94,615.6,56738.274305555555
3,117.0,-3.1,95,615.6,56738.275
2,130.0,-3.1,95,615.6,56738.27569444444
1,106.0,-3.1,95,615.6,56738.27638888889
0,117.0,-3.1,95,615.6,56738.277083333334
0,144.0,-3.1,95,615.6,56738.27777777778
0,151.0,-3.1,95,615.6,56738.27847222222
0,148.0,-3.1,95,615.6,56738.27916666667
0,147.0,-3.12,94,615.7,56738.279861111114
0,144.0,-3.14,94,615.7,56738.28055555555
1,108.0,-3.15,94,615.7,56738.28125
4,130.0,-3.16,94,615.7,56738.28194444445
4,132.0,-3.16,94,615.7,56738.282638888886
5,143.0,-3.17,94,615.7,56738.28333333333
7,156.0,-3.19,94,615.7,56738.28402777778
2,190.0,-3.21,94,615.7,56738.28472222222
0,239.0,-3.23,93,615.7,56738.285416666666
0,233.0,-3.23,93,615.7,56738.28611111111
0,224.0,-3.24,93,615.7,56738.28680555556
0,215.0,-3.25,93,615.7,56738.2875
0,237.0,-3.26,92,615.7,56738.288194444445
0,230.0,-3.27,92,615.7,56738.28888888889
0,225.0,-3.29,92,615.7,56738.28958333333
0,216.0,-3.29,92,615.7,56738.29027777778
0,204.0,-3.31,92,615.8,56738.290972222225
0,189.0,-3.32,92,615.8,56738.291666666664
0,188.0,-3.34,92,615.8,56738.29236111111
0,187.0,-3.35,92,615.8,56738.29305555556
0,187.0,-3.37,92,615.8,56738.29375
0,186.0,-3.39,92,615.9,56738.294444444444
0,181.0,-3.41,92,615.9,56738.29513888889
0,181.0,-3.41,92,615.9,56738.29583333333
0,222.0,-3.43,92,615.9,56738.29652777778
1,318.0,-3.43,92,615.9,56738.29722222222
3,285.0,-3.44,91,615.9,56738.29791666667
3,290.0,-3.45,91,615.9,56738.29861111111
3,288.0,-3.47,91,615.9,56738.299305555556
3,288.0,-3.47,90,615.9,56738.3
4,306.0,-3.47,90,615.9,56738.30069444444
2,306.0,-3.47,90,615.9,56738.30138888889
1,324.0,-3.46,91,615.9,56738.302083333336
1,324.0,-3.42,91,616.0,56738.302777777775
1,316.0,-3.41,92,615.9,56738.30347222222
2,300.0,-3.41,92,615.9,56738.30416666667
3,304.0,-3.4,92,615.9,56738.30486111111
4,295.0,-3.39,92,615.9,56738.305555555555
6,292.0,-3.38,92,615.9,56738.30625
6,296.0,-3.38,91,615.9,56738.30694444444
6,291.0,-3.38,91,615.9,56738.30763888889
6,286.0,-3.35,91,615.9,56738.308333333334
6,297.0,-3.34,90,616.0,56738.30902777778
5,294.0,-3.33,90,616.0,56738.30972222222
3,305.0,-3.32,90,616.0,56738.31041666667
1,308.0,-3.31,90,616.0,56738.311111111114
3,318.0,-3.29,90,616.0,56738.31180555555
4,320.0,-3.29,90,616.0,56738.3125
4,323.0,-3.27,90,616.0,56738.31319444445
3,323.0,-3.24,90,616.0,56738.313888888886
3,0.0,-3.21,90,616.0,56738.31458333333
3,343.0,-3.18,89,616.0,56738.31527777778
3,337.0,-3.15,90,616.0,56738.31597222222
1,1.0,-3.12,90,616.0,56738.316666666666
0,0.0,-3.11,90,616.1,56738.31736111111
0,0.0,-3.1,90,616.1,56738.31805555556
0,184.0,-3.1,90,616.1,56738.31875
0,0.0,-3.1,90,616.1,56738.319444444445
0,321.0,-3.1,90,616.0,56738.32013888889
0,253.0,-3.1,90,616.0,56738.32083333333
0,190.0,-3.08,90,616.0,56738.32152777778
0,64.0,-3.08,90,616.0,56738.322222222225
0,8.0,-3.07,90,616.0,56738.322916666664
0,48.0,-3.07,90,616.0,56738.32361111111
1,70.0,-3.05,90,616.0,56738.32430555556
3,68.0,-3.0,91,616.0,56738.325
5,54.0,-2.94,91,616.0,56738.325694444444
8,88.0,-2.84,91,616.0,56738.32638888889
8,66.0,-2.73,92,616.0,56738.32708333333
8,67.0,-2.66,91,616.0,56738.32777777778
10,75.0,-2.5,91,616.0,56738.32847222222
11,62.0,-2.39,91,616.0,56738.32916666667
10,43.0,-2.25,91,616.0,56738.32986111111
9,69.0,-2.11,90,616.0,56738.330555555556
8,62.0,-1.99,90,616.0,56738.33125
8,65.0,-1.89,89,616.0,56738.33194444444
8,71.0,-1.81,88,616.0,56738.33263888889
8,67.0,-1.75,87,616.0,56738.333333333336
10,65.0,-1.67,87,616.1,56738.334027777775
8,74.0,-1.62,87,616.1,56738.33472222222
8,70.0,-1.57,86,616.1,56738.33541666667
6,76.0,-1.54,86,616.1,56738.33611111111
7,65.0,-1.5,86,616.1,56738.336805555555
7,67.0,-1.48,86,616.1,56738.3375
6,67.0,-1.46,86,616.1,56738.33819444444
7,75.0,-1.43,86,616.1,56738.33888888889
7,68.0,-1.42,86,616.1,56738.339583333334
6,78.0,-1.42,85,616.1,56738.34027777778
8,74.0,-1.42,85,616.1,56738.34097222222
9,67.0,-1.41,84,616.2,56738.34166666667
9,76.0,-1.4,84,616.2,56738.342361111114
8,72.0,-1.4,84,616.2,56738.34305555555
7,78.0,-1.39,84,616.2,56738.34375
8,87.0,-1.4,84,616.2,56738.34444444445
8,81.0,-1.42,84,616.2,56738.345138888886
7,88.0,-1.42,84,616.2,56738.34583333333
7,89.0,-1.43,84,616.2,56738.34652777778
8,89.0,-1.46,84,616.2,56738.34722222222
8,84.0,-1.48,84,616.2,56738.347916666666
8,85.0,-1.49,84,616.2,56738.34861111111
9,87.0,-1.51,84,616.2,56738.34930555556
9,82.0,-1.53,84,616.2,56738.35
10,83.0,-1.52,84,616.2,56738.350694444445
10,86.0,-1.52,84,616.2,56738.35138888889
9,86.0,-1.49,84,616.2,56738.35208333333
9,88.0,-1.51,84,616.2,56738.35277777778
9,87.0,-1.52,84,616.2,56738.353472222225
10,89.0,-1.53,84,616.2,56738.354166666664
9,90.0,-1.57,84,616.2,56738.35486111111
10,91.0,-1.59,84,616.2,56738.35555555556
10,94.0,-1.63,84,616.2,56738.35625
10,97.0,-1.66,84,616.2,56738.356944444444
9,92.0,-1.69,84,616.2,56738.35763888889
9,97.0,-1.72,84,616.2,56738.35833333333
9,86.0,-1.75,84,616.2,56738.35902777778
8,89.0,-1.77,84,616.2,56738.35972222222
9,91.0,-1.81,83,616.2,56738.36041666667
10,96.0,-1.84,83,616.2,56738.36111111111
11,92.0,-1.87,84,616.2,56738.361805555556
11,97.0,-1.9,83,616.2,56738.3625
10,93.0,-1.93,83,616.2,56738.36319444444
11,95.0,-1.96,83,616.2,56738.36388888889
11,89.0,-1.99,83,616.2,56738.364583333336
11,94.0,-2.02,83,616.2,56738.365277777775
12,100.0,-2.05,83,616.2,56738.36597222222
12,97.0,-2.08,82,616.1,56738.36666666667
11,88.0,-2.11,82,616.1,56738.36736111111
11,91.0,-2.13,82,616.2,56738.368055555555
10,92.0,-2.16,82,616.2,56738.36875
9,103.0,-2.18,82,616.2,56738.36944444444
9,104.0,-2.19,82,616.2,56738.37013888889
8,102.0,-2.21,82,616.1,56738.370833333334
9,103.0,-2.22,82,616.1,56738.37152777778
8,107.0,-2.24,83,616.1,56738.37222222222
8,106.0,-2.24,83,616.1,56738.37291666667
8,110.0,-2.25,83,616.1,56738.373611111114
8,110.0,-2.26,83,616.1,56738.37430555555
8,106.0,-2.28,83,616.1,56738.375
7,111.0,-2.28,83,616.1,56738.37569444445
8,120.0,-2.29,83,616.1,56738.376388888886
7,112.0,-2.31,83,616.1,56738.37708333333
7,115.0,-2.31,83,616.1,56738.37777777778
7,112.0,-2.32,83,616.1,56738.37847222222
7,107.0,-2.34,83,616.1,56738.379166666666
7,108.0,-2.34,84,616.1,56738.37986111111
8,108.0,-2.36,85,616.0,56738.38055555556
9,110.0,-2.37,86,616.0,56738.38125
8,107.0,-2.38,87,616.0,56738.381944444445
9,106.0,-2.4,87,616.0,56738.38263888889
7,109.0,-2.42,86,616.0,56738.38333333333
7,107.0,-2.44,86,616.0,56738.38402777778
7,104.0,-2.45,86,616.0,56738.384722222225
8,106.0,-2.46,87,616.0,56738.385416666664
8,109.0,-2.46,88,616.0,56738.38611111111
7,105.0,-2.48,88,616.0,56738.38680555556
7,113.0,-2.49,88,616.0,56738.3875
6,107.0,-2.49,88,616.0,56738.388194444444
6,116.0,-2.49,87,616.0,56738.38888888889
6,111.0,-2.49,86,616.0,56738.38958333333
7,109.0,-2.52,84,616.0,56738.39027777778
8,109.0,-2.52,84,616.0,56738.39097222222
9,109.0,-2.52,85,616.0,56738.39166666667
9,109.0,-2.52,86,616.0,56738.39236111111
9,106.0,-2.52,86,616.0,56738.393055555556
8,106.0,-2.52,86,616.0,56738.39375
7,108.0,-2.53,86,616.0,56738.39444444444
7,111.0,-2.54,86,616.0,56738.39513888889
6,114.0,-2.54,86,616.0,56738.395833333336
7,104.0,-2.54,86,616.0,56738.396527777775
7,122.0,-2.54,86,616.0,56738.39722222222
6,121.0,-2.55,85,616.0,56738.39791666667
6,125.0,-2.55,87,616.0,56738.39861111111
6,125.0,-2.55,89,616.0,56738.399305555555
6,127.0,-2.56,89,616.0,56738.4
6,128.0,-2.57,89,616.0,56738.40069444444
6,127.0,-2.58,90,616.0,56738.40138888889
6,127.0,-2.59,90,616.0,56738.402083333334
6,127.0,-2.6,90,616.0,56738.40277777778
6,127.0,-2.61,90,616.0,56738.40347222222
6,127.0,-2.63,90,616.0,56738.40416666667
6,111.0,-2.65,89,616.0,56738.404861111114
6,109.0,-2.65,88,616.0,56738.40555555555
6,123.0,-2.65,88,616.0,56738.40625
9,104.0,-2.65,88,615.9,56738.40694444445
8,117.0,-2.66,86,615.9,56738.407638888886
8,130.0,-2.65,86,616.0,56738.40833333333
6,138.0,-2.64,86,616.0,56738.40902777778
6,148.0,-2.65,87,615.9,56738.40972222222
6,156.0,-2.67,88,616.0,56738.410416666666
5,145.0,-2.68,88,615.9,56738.41111111111
5,152.0,-2.71,88,615.9,56738.41180555556
3,156.0,-2.73,88,615.9,56738.4125
2,156.0,-2.74,88,616.0,56738.413194444445
2,152.0,-2.77,88,615.9,56738.41388888889
3,151.0,-2.77,88,615.9,56738.41458333333
3,150.0,-2.78,89,615.9,56738.41527777778
3,150.0,-2.8,89,615.9,56738.415972222225
