wind_speed,wind_direction,temperature,relative_humidity,pressure,mjd
19,69,0.49,23,617.9,56064.416666666664
17,68,0.52,25,617.9,56064.41736111111
17,67,0.53,24,617.9,56064.41805555556
16,72,0.53,25,617.9,56064.41875
15,69,0.52,25,617.9,56064.419444444444
18,67,0.52,23,617.9,56064.42013888889
18,77,0.55,22,617.9,56064.42083333333
16,73,0.59,25,617.9,56064.42152777778
17,67,0.59,24,617.9,56064.42222222222
17,64,0.59,24,617.8,56064.42291666667
19,70,0.59,23,617.8,56064.42361111111
19,74,0.61,25,617.8,56064.424305555556
18,68,0.63,25,617.8,56064.425
18,74,0.62,25,617.8,56064.42569444444
19,69,0.61,22,617.8,56064.42638888889
20,69,0.59,24,617.7,56064.427083333336
20,68,0.59,24,617.7,56064.427777777775
20,77,0.56,23,617.7,56064.42847222222
18,67,0.53,26,617.7,56064.42916666667
19,69,0.5,26,617.7,56064.42986111111
19,68,0.45,27,617.7,56064.430555555555
19,63,0.4,27,617.7,56064.43125
20,66,0.35,28,617.6,56064.43194444444
19,67,0.33,27,617.6,56064.43263888889
19,75,0.31,27,617.6,56064.433333333334
20,66,0.27,26,617.6,56064.43402777778
19,70,0.28,26,617.6,56064.43472222222
18,70,0.26,27,617.6,56064.43541666667
19,68,0.25,27,617.6,56064.436111111114
18,64,0.22,27,617.6,56064.43680555555
18,68,0.18,27,617.6,56064.4375
19,69,0.16,27,617.6,56064.43819444445
19,67,0.14,27,617.6,56064.438888888886
20,71,0.13,27,617.6,56064.43958333333
18,65,0.13,27,617.6,56064.44027777778
19,90,0.12,27,617.6,56064.44097222222
19,67,0.11,27,617.6,56064.441666666666
20,67,0.1,27,617.6,56064.44236111111
18,67,0.1,27,617.6,56064.44305555556
21,73,0.08,27,617.6,56064.44375
20,69,0.1,27,617.6,56064.444444444445
20,63,0.11,26,617.6,56064.44513888889
19,66,0.1,27,617.5,56064.44583333333
19,73,0.1,27,617.5,56064.44652777778
19,64,0.09,27,617.5,56064.447222222225
19,83,0.12,27,617.5,56064.447916666664
21,90,0.11,26,617.5,56064.44861111111
19,68,0.16,26,617.5,56064.44930555556
19,67,0.16,27,617.5,56064.45
21,69,0.15,27,617.4,56064.450694444444
21,69,0.13,27,617.4,56064.45138888889
19,67,0.11,27,617.4,56064.45208333333
19,68,0.1,27,617.4,56064.45277777778
18,63,0.1,27,617.4,56064.45347222222
20,71,0.1,27,617.4,56064.45416666667
20,65,0.1,27,617.4,56064.45486111111
20,70,0.12,27,617.4,56064.455555555556
18,66,0.13,28,617.4,56064.45625
17,70,0.12,28,617.4,56064.45694444444
19,67,0.11,28,617.4,56064.45763888889
18,76,0.13,27,617.4,56064.458333333336
18,75,0.15,28,617.4,56064.459027777775
17,75,0.15,28,617.4,56064.45972222222
16,70,0.13,28,617.4,56064.46041666667
19,73,0.13,28,617.4,56064.46111111111
16,71,0.13,28,617.4,56064.461805555555
16,75,0.13,27,617.3,56064.4625
19,68,0.13,27,617.3,56064.46319444444
18,72,0.13,27,617.3,56064.46388888889
18,72,0.11,28,617.3,56064.464583333334
17,76,0.1,27,617.3,56064.46527777778
16,69,0.11,27,617.3,56064.46597222222
16,68,0.1,27,617.3,56064.46666666667
18,69,0.09,27,617.3,56064.467361111114
17,75,0.07,27,617.3,56064.46805555555
17,69,0.07,27,617.3,56064.46875
18,74,0.07,27,617.3,56064.46944444445
17,73,0.07,28,617.2,56064.470138888886
17,78,0.08,28,617.2,56064.47083333333
18,71,0.07,28,617.2,56064.47152777778
19,70,0.07,28,617.2,56064.47222222222
18,74,0.07,28,617.2,56064.472916666666
17,81,0.05,28,617.2,56064.47361111111
17,69,0.02,29,617.2,56064.47430555556
17,69,0.01,29,617.2,56064.475
17,78,0.01,29,617.2,56064.475694444445
16,82,0.01,29,617.2,56064.47638888889
17,70,0.01,29,617.2,56064.47708333333
16,79,0.01,29,617.2,56064.47777777778
16,75,0.01,29,617.2,56064.478472222225
16,84,-0.0,29,617.2,56064.479166666664
15,66,0.01,29,617.2,56064.47986111111
16,72,0.01,29,617.2,56064.48055555556
16,71,0.01,28,617.2,56064.48125
16,72,0.0,29,617.2,56064.481944444444
16,76,-0.01,28,617.1,56064.48263888889
16,64,-0.0,28,617.1,56064.48333333333
16,74,-0.0,28,617.1,56064.48402777778
18,68,-0.0,28,617.1,56064.48472222222
19,62,0.01,28,617.2,56064.48541666667
18,67,0.01,28,617.1,56064.48611111111
18,84,0.02,28,617.1,56064.486805555556
17,71,0.02,28,617.1,56064.4875
17,68,0.01,28,617.1,56064.48819444444
18,73,0.01,28,617.1,56064.48888888889
18,70,-0.02,28,617.1,56064.489583333336
17,70,-0.03,28,617.1,56064.490277777775
17,76,-0.04,28,617.1,56064.49097222222
17,69,-0.04,28,617.1,56064.49166666667
17,71,-0.04,28,617.1,56064.49236111111
18,80,-0.02,28,617.1,56064.493055555555
15,61,0.01,28,617.1,56064.49375
16,75,0.04,27,617.1,56064.49444444444
16,70,0.08,27,617.1,56064.49513888889
16,81,0.13,27,617.1,56064.495833333334
16,70,0.17,27,617.1,56064.49652777778
17,63,0.19,27,617.1,56064.49722222222
15,70,0.22,26,617.1,56064.49791666667
15,75,0.25,26,617.1,56064.498611111114
15,78,0.27,25,617.1,56064.49930555555
15,78,0.3,26,617.1,56064.5
15,74,0.33,26,617.1,56064.50069444445
15,72,0.35,26,617.1,56064.501388888886
14,74,0.37,26,617.1,56064.50208333333
14,60,0.39,26,617.1,56064.50277777778
14,69,0.42,26,617.1,56064.50347222222
15,53,0.43,26,617.1,56064.504166666666
15,68,0.45,26,617.1,56064.50486111111
15,69,0.45,26,617.1,56064.50555555556
15,58,0.46,26,617.1,56064.50625
14,69,0.47,25,617.1,56064.506944444445
15,68,0.47,25,617.1,56064.50763888889
14,66,0.46,25,617.1,56064.50833333333
15,79,0.47,25,617.1,56064.50902777778
13,72,0.49,25,617.1,56064.509722222225
16,83,0.48,25,617.0,56064.510416666664
15,66,0.47,25,617.0,56064.51111111111
15,68,0.47,23,617.0,56064.51180555556
16,80,0.5,22,617.0,56064.5125
14,75,0.53,23,617.0,56064.513194444444
14,77,0.55,24,617.0,56064.51388888889
14,68,0.56,25,617.0,56064.51458333333
17,78,0.55,23,617.0,56064.51527777778
17,71,0.54,23,616.9,56064.51597222222
16,70,0.54,23,616.9,56064.51666666667
13,75,0.56,23,616.9,56064.51736111111
16,74,0.57,23,616.9,56064.518055555556
16,82,0.56,24,616.9,56064.51875
16,68,0.56,24,616.9,56064.51944444444
15,73,0.54,24,616.9,56064.52013888889
17,67,0.5,24,616.9,56064.520833333336
17,69,0.45,24,616.9,56064.521527777775
17,72,0.39,24,616.9,56064.52222222222
18,63,0.35,24,616.9,56064.52291666667
18,73,0.33,24,616.9,56064.52361111111
17,74,0.34,24,616.9,56064.524305555555
18,67,0.34,24,616.9,56064.525
19,85,0.34,24,616.9,56064.52569444444
17,79,0.35,24,616.8,56064.52638888889
20,69,0.37,25,616.8,56064.527083333334
21,72,0.37,24,616.8,56064.52777777778
20,86,0.39,24,616.8,56064.52847222222
17,73,0.41,24,616.8,56064.52916666667
18,70,0.4,24,616.8,56064.529861111114
18,63,0.39,23,616.8,56064.53055555555
20,73,0.36,24,616.8,56064.53125
19,76,0.36,24,616.8,56064.53194444445
19,68,0.35,24,616.8,56064.532638888886
20,70,0.33,24,616.8,56064.53333333333
19,82,0.3,24,616.8,56064.53402777778
16,72,0.27,24,616.8,56064.53472222222
17,62,0.26,24,616.8,56064.535416666666
17,69,0.26,24,616.8,56064.53611111111
19,69,0.25,24,616.8,56064.53680555556
20,67,0.22,24,616.8,56064.5375
20,71,0.25,24,616.9,56064.538194444445
17,53,0.28,24,616.9,56064.53888888889
16,76,0.29,25,616.8,56064.53958333333
17,63,0.26,25,616.8,56064.54027777778
19,65,0.26,24,616.8,56064.540972222225
20,78,0.27,24,616.8,56064.541666666664
19,69,0.26,24,616.8,56064.54236111111
19,72,0.26,24,616.8,56064.54305555556
18,72,0.26,24,616.8,56064.54375
18,71,0.28,23,616.8,56064.544444444444
19,75,0.32,23,616.8,56064.54513888889
18,74,0.35,24,616.8,56064.54583333333
18,67,0.38,24,616.8,56064.54652777778
17,72,0.39,24,616.8,56064.54722222222
16,73,0.37,24,616.8,56064.54791666667
17,64,0.35,23,616.8,56064.54861111111
19,71,0.3,23,616.8,56064.549305555556
20,72,0.28,23,616.8,56064.55
19,81,0.29,23,616.8,56064.55069444444
21,67,0.3,23,616.8,56064.55138888889
19,66,0.31,24,616.8,56064.552083333336
19,71,0.31,24,616.8,56064.552777777775
19,76,0.32,23,616.8,56064.55347222222
17,74,0.32,23,616.8,56064.55416666667
15,80,0.33,24,616.8,56064.55486111111
16,78,0.28,25,616.8,56064.555555555555
14,73,0.24,25,616.8,56064.55625
14,64,0.19,26,616.8,56064.55694444444
16,77,0.17,25,616.8,56064.55763888889
14,87,0.16,26,616.8,56064.558333333334
18,69,0.13,25,616.8,56064.55902777778
18,65,0.13,24,616.8,56064.55972222222
15,71,0.07,27,616.8,56064.56041666667
16,77,0.03,26,616.8,56064.561111111114
16,78,0.0,26,616.8,56064.56180555555
17,82,-0.04,26,616.8,56064.5625
19,72,-0.07,25,616.8,56064.56319444445
20,71,-0.05,24,616.8,56064.563888888886
21,60,-0.05,24,616.7,56064.56458333333
18,77,-0.02,25,616.7,56064.56527777778
18,80,-0.02,25,616.7,56064.56597222222
16,70,-0.07,28,616.8,56064.566666666666
16,73,-0.16,30,616.8,56064.56736111111
17,67,-0.25,29,616.8,56064.56805555556
17,69,-0.33,30,616.8,56064.56875
18,69,-0.41,30,616.8,56064.569444444445
16,70,-0.47,32,616.7,56064.57013888889
18,72,-0.55,30,616.7,56064.57083333333
17,81,-0.6,30,616.7,56064.57152777778
17,70,-0.66,32,616.7,56064.572222222225
19,65,-0.76,35,616.7,56064.572916666664
19,71,-0.83,35,616.7,56064.57361111111
19,70,-0.9,33,616.7,56064.57430555556
18,69,-0.96,33,616.7,56064.575
19,70,-1.03,33,616.7,56064.575694444444
18,68,-1.08,33,616.7,56064.57638888889
18,69,-1.13,32,616.7,56064.57708333333
18,73,-1.17,32,616.7,56064.57777777778
17,72,-1.19,33,616.7,56064.57847222222
18,72,-1.21,32,616.7,56064.57916666667
18,67,-1.25,30,616.7,56064.57986111111
19,69,-1.27,30,616.7,56064.580555555556
19,67,-1.27,30,616.7,56064.58125
18,66,-1.28,30,616.7,56064.58194444444
18,79,-1.3,30,616.7,56064.58263888889
18,69,-1.33,29,616.8,56064.583333333336
18,67,-1.34,27,616.8,56064.584027777775
18,68,-1.35,28,616.8,56064.58472222222
17,69,-1.35,24,616.8,56064.58541666667
18,64,-1.36,21,616.8,56064.58611111111
18,70,-1.36,19,616.8,56064.586805555555
18,67,-1.33,18,616.8,56064.5875
17,70,-1.34,18,616.8,56064.58819444444
18,67,-1.35,19,616.8,56064.58888888889
18,76,-1.36,20,616.8,56064.589583333334
17,68,-1.36,17,616.8,56064.59027777778
17,69,-1.37,18,616.8,56064.59097222222
17,68,-1.39,20,616.8,56064.59166666667
18,68,-1.4,22,616.8,56064.592361111114
18,71,-1.41,23,616.8,56064.59305555555
18,71,-1.42,21,616.8,56064.59375
18,73,-1.42,26,616.7,56064.59444444445
17,72,-1.42,31,616.8,56064.595138888886
17,75,-1.41,32,616.8,56064.59583333333
16,74,-1.39,31,616.8,56064.59652777778
17,73,-1.38,31,616.8,56064.59722222222
18,70,-1.37,30,616.8,56064.597916666666
18,73,-1.37,31,616.8,56064.59861111111
19,69,-1.36,32,616.8,56064.59930555556
19,68,-1.36,31,616.8,56064.6
18,68,-1.36,31,616.8,56064.600694444445
18,67,-1.36,31,616.8,56064.60138888889
19,67,-1.33,32,616.8,56064.60208333333
19,71,-1.29,32,616.8,56064.60277777778
19,65,-1.27,31,616.8,56064.603472222225
20,68,-1.24,31,616.8,56064.604166666664
20,73,-1.23,29,616.8,56064.60486111111
19,63,-1.24,31,616.8,56064.60555555556
19,81,-1.24,32,616.8,56064.60625
18,70,-1.26,32,616.8,56064.606944444444
19,72,-1.27,31,616.8,56064.60763888889
19,70,-1.3,32,616.8,56064.60833333333
19,72,-1.34,33,616.8,56064.60902777778
19,69,-1.36,33,616.9,56064.60972222222
17,69,-1.37,33,616.9,56064.61041666667
18,68,-1.39,34,616.9,56064.61111111111
18,69,-1.4,35,616.9,56064.611805555556
18,73,-1.42,36,616.9,56064.6125
18,71,-1.43,37,616.9,56064.61319444444
16,73,-1.47,39,616.9,56064.61388888889
16,69,-1.51,39,616.9,56064.614583333336
16,69,-1.52,40,616.9,56064.615277777775
16,63,-1.54,40,616.9,56064.61597222222
17,64,-1.53,40,616.9,56064.61666666667
18,70,-1.54,39,616.9,56064.61736111111
18,73,-1.54,40,616.9,56064.618055555555
18,71,-1.55,42,616.9,56064.61875
18,72,-1.57,42,617.0,56064.61944444444
17,76,-1.58,41,617.0,56064.62013888889
18,76,-1.58,40,617.0,56064.620833333334
18,80,-1.6,41,617.0,56064.62152777778
17,71,-1.62,42,617.0,56064.62222222222
18,75,-1.64,42,617.0,56064.62291666667
16,79,-1.66,43,617.0,56064.623611111114
17,72,-1.69,43,617.0,56064.62430555555
16,74,-1.7,43,617.0,56064.625
17,77,-1.72,43,617.0,56064.62569444445
18,68,-1.73,42,617.0,56064.626388888886
18,72,-1.72,42,617.0,56064.62708333333
17,75,-1.7,42,617.0,56064.62777777778
18,57,-1.7,43,617.0,56064.62847222222
18,68,-1.7,43,617.0,56064.629166666666
18,70,-1.69,44,617.0,56064.62986111111
18,70,-1.68,45,617.0,56064.63055555556
17,76,-1.68,45,617.0,56064.63125
18,76,-1.7,44,617.0,56064.631944444445
16,73,-1.7,43,617.0,56064.63263888889
17,76,-1.69,43,617.0,56064.63333333333
19,76,-1.69,42,617.0,56064.63402777778
20,79,-1.67,42,617.0,56064.634722222225
21,73,-1.67,42,617.0,56064.635416666664
19,75,-1.67,43,617.0,56064.63611111111
18,80,-1.67,43,617.0,56064.63680555556
19,77,-1.66,42,617.0,56064.6375
19,74,-1.66,42,617.0,56064.638194444444
18,72,-1.64,42,617.0,56064.63888888889
17,78,-1.64,42,617.0,56064.63958333333
19,72,-1.64,42,617.0,56064.64027777778
19,76,-1.64,41,617.0,56064.64097222222
20,79,-1.66,41,617.0,56064.64166666667
22,78,-1.65,41,617.0,56064.64236111111
21,79,-1.64,41,617.0,56064.643055555556
20,78,-1.62,42,617.0,56064.64375
20,71,-1.6,42,617.0,56064.64444444444
19,75,-1.57,41,617.1,56064.64513888889
19,83,-1.54,40,617.1,56064.645833333336
20,78,-1.51,41,617.1,56064.646527777775
19,76,-1.51,41,617.1,56064.64722222222
20,85,-1.52,41,617.1,56064.64791666667
20,79,-1.52,41,617.1,56064.64861111111
19,83,-1.51,41,617.0,56064.649305555555
20,73,-1.52,41,617.0,56064.65
20,76,-1.53,41,617.0,56064.65069444444
21,78,-1.52,40,617.0,56064.65138888889
20,81,-1.52,41,617.0,56064.652083333334
20,80,-1.5,37,617.0,56064.65277777778
20,83,-1.47,37,617.0,56064.65347222222
19,74,-1.44,38,617.0,56064.65416666667
19,74,-1.43,40,617.0,56064.654861111114
20,77,-1.43,40,617.0,56064.65555555555
20,81,-1.43,40,617.0,56064.65625
20,75,-1.42,39,617.0,56064.65694444445
19,75,-1.42,41,617.0,56064.657638888886
20,72,-1.39,36,617.0,56064.65833333333
20,85,-1.3,31,617.0,56064.65902777778
19,82,-1.2,35,617.0,56064.65972222222
18,77,-1.16,37,617.0,56064.660416666666
19,81,-1.15,39,617.1,56064.66111111111
19,81,-1.15,39,617.1,56064.66180555556
19,74,-1.18,39,617.1,56064.6625
19,78,-1.18,38,617.1,56064.663194444445
19,77,-1.15,37,617.1,56064.66388888889
18,78,-1.15,38,617.1,56064.66458333333
19,74,-1.09,31,617.1,56064.66527777778
20,75,-0.97,29,617.1,56064.665972222225
21,73,-0.83,28,617.1,56064.666666666664
22,79,-0.66,27,617.1,56064.66736111111
21,76,-0.52,27,617.1,56064.66805555556
20,88,-0.4,29,617.2,56064.66875
20,74,-0.32,30,617.2,56064.669444444444
19,73,-0.27,30,617.2,56064.67013888889
19,81,-0.26,32,617.2,56064.67083333333
20,84,-0.3,33,617.1,56064.67152777778
20,80,-0.29,29,617.1,56064.67222222222
19,82,-0.26,29,617.1,56064.67291666667
18,81,-0.27,33,617.2,56064.67361111111
21,81,-0.25,28,617.2,56064.674305555556
20,81,-0.18,27,617.2,56064.675
19,78,-0.11,27,617.2,56064.67569444444
19,84,-0.06,29,617.2,56064.67638888889
19,87,-0.04,29,617.2,56064.677083333336
18,78,-0.01,28,617.3,56064.677777777775
18,88,0.03,29,617.3,56064.67847222222
17,84,0.05,31,617.2,56064.67916666667
17,96,0.07,28,617.2,56064.67986111111
16,83,0.07,31,617.2,56064.680555555555
17,79,0.06,29,617.3,56064.68125
17,77,0.09,30,617.3,56064.68194444444
17,84,0.11,29,617.3,56064.68263888889
17,84,0.13,29,617.3,56064.683333333334
17,87,0.18,29,617.3,56064.68402777778
18,79,0.15,32,617.3,56064.68472222222
18,85,0.16,31,617.4,56064.68541666667
17,84,0.11,34,617.3,56064.686111111114
16,88,0.05,34,617.4,56064.68680555555
16,85,-0.01,34,617.4,56064.6875
16,86,-0.05,33,617.4,56064.68819444445
16,86,-0.08,34,617.4,56064.688888888886
17,85,-0.12,34,617.4,56064.68958333333
16,81,-0.12,33,617.4,56064.69027777778
16,85,-0.14,34,617.4,56064.69097222222
17,86,-0.14,34,617.4,56064.691666666666
17,90,-0.15,34,617.4,56064.69236111111
17,84,-0.14,34,617.5,56064.69305555556
16,85,-0.14,34,617.5,56064.69375
16,90,-0.14,35,617.5,56064.694444444445
16,86,-0.14,32,617.5,56064.69513888889
17,90,-0.06,31,617.5,56064.69583333333
18,86,0.07,27,617.5,56064.69652777778
18,86,0.2,28,617.5,56064.697222222225
19,81,0.31,27,617.5,56064.697916666664
18,78,0.43,24,617.5,56064.69861111111
16,90,0.53,28,617.5,56064.69930555556
15,78,0.55,31,617.6,56064.7
15,86,0.55,31,617.6,56064.700694444444
16,82,0.54,30,617.6,56064.70138888889
16,90,0.56,29,617.6,56064.70208333333
17,68,0.64,28,617.6,56064.70277777778
17,91,0.71,26,617.6,56064.70347222222
17,82,0.78,26,617.6,56064.70416666667
17,82,0.87,24,617.6,56064.70486111111
17,88,0.98,28,617.6,56064.705555555556
19,85,1.06,24,617.6,56064.70625
17,87,1.17,23,617.7,56064.70694444444
18,86,1.26,25,617.7,56064.70763888889
18,77,1.35,23,617.7,56064.708333333336
16,81,1.41,24,617.7,56064.709027777775
18,84,1.49,23,617.7,56064.70972222222
19,86,1.59,22,617.7,56064.71041666667
17,91,1.68,22,617.8,56064.71111111111
17,85,1.71,23,617.7,56064.711805555555
19,91,1.75,22,617.8,56064.7125
16,87,1.76,22,617.8,56064.71319444444
17,84,1.78,23,617.8,56064.71388888889
17,79,1.78,24,617.8,56064.714583333334
19,77,1.84,21,617.8,56064.71527777778
19,85,1.93,21,617.8,56064.71597222222
20,56,2.03,21,617.8,56064.71666666667
20,78,2.15,21,617.8,56064.717361111114
22,85,2.25,19,617.8,56064.71805555555
20,83,2.33,20,617.8,56064.71875
20,91,2.41,19,617.8,56064.71944444445
21,80,2.51,20,617.8,56064.720138888886
20,77,2.54,21,617.8,56064.72083333333
21,71,2.6,22,617.8,56064.72152777778
15,91,2.58,21,617.8,56064.72222222222
21,77,2.62,20,617.8,56064.722916666666
23,86,2.7,22,617.8,56064.72361111111
22,80,2.77,21,617.8,56064.72430555556
22,73,2.82,20,617.8,56064.725
23,84,2.88,20,617.8,56064.725694444445
22,85,2.87,21,617.8,56064.72638888889
20,85,2.82,21,617.8,56064.72708333333
23,73,2.77,21,617.7,56064.72777777778
24,90,2.75,21,617.8,56064.728472222225
21,76,2.74,21,617.8,56064.729166666664
22,79,2.74,21,617.8,56064.72986111111
21,82,2.71,21,617.8,56064.73055555556
19,75,2.67,22,617.8,56064.73125
22,72,2.67,22,617.8,56064.731944444444
25,77,2.71,22,617.8,56064.73263888889
22,64,2.75,22,617.8,56064.73333333333
21,79,2.73,23,617.8,56064.73402777778
21,86,2.75,22,617.8,56064.73472222222
21,72,2.81,22,617.7,56064.73541666667
22,82,2.84,21,617.7,56064.73611111111
18,103,2.8,22,617.8,56064.736805555556
21,72,2.8,22,617.8,56064.7375
20,82,2.82,21,617.8,56064.73819444444
20,80,2.87,22,617.8,56064.73888888889
21,74,2.91,22,617.9,56064.739583333336
20,81,2.88,22,617.9,56064.740277777775
19,77,2.8,22,617.9,56064.74097222222
18,82,2.72,24,617.9,56064.74166666667
20,87,2.72,23,617.9,56064.74236111111
20,78,2.71,24,617.9,56064.743055555555
23,79,2.77,22,617.9,56064.74375
21,101,2.86,22,617.9,56064.74444444444
17,96,2.88,22,617.9,56064.74513888889
19,80,2.9,23,617.9,56064.745833333334
22,85,2.95,22,618.0,56064.74652777778
18,80,2.9,23,618.0,56064.74722222222
18,77,2.94,24,618.0,56064.74791666667
17,83,2.89,26,618.0,56064.748611111114
19,82,2.91,25,618.0,56064.74930555555
19,86,2.96,23,618.0,56064.75
20,81,3.02,23,618.0,56064.75069444445
21,91,3.07,21,618.0,56064.751388888886
15,80,3.05,24,617.9,56064.75208333333
16,88,3.05,24,618.0,56064.75277777778
16,89,3.01,26,617.9,56064.75347222222
20,76,3.03,24,618.0,56064.754166666666
20,83,3.0,24,618.0,56064.75486111111
16,90,2.9,26,618.0,56064.75555555556
14,73,2.81,28,618.0,56064.75625
16,96,2.72,26,618.0,56064.756944444445
16,94,2.69,25,617.9,56064.75763888889
16,77,2.66,27,618.0,56064.75833333333
17,90,2.65,25,618.0,56064.75902777778
16,59,2.67,25,618.0,56064.759722222225
18,76,2.71,27,618.0,56064.760416666664
17,102,2.66,26,618.0,56064.76111111111
16,84,2.64,28,618.0,56064.76180555556
17,81,2.67,25,617.9,56064.7625
17,77,2.72,25,617.9,56064.763194444444
19,80,2.73,23,617.9,56064.76388888889
20,84,2.74,25,618.0,56064.76458333333
19,85,2.8,25,617.9,56064.76527777778
18,73,2.79,28,617.9,56064.76597222222
18,80,2.75,27,617.9,56064.76666666667
17,86,2.72,27,617.9,56064.76736111111
16,113,2.65,28,617.9,56064.768055555556
16,88,2.62,28,617.9,56064.76875
17,80,2.61,28,617.9,56064.76944444444
18,91,2.64,27,617.9,56064.77013888889
19,90,2.63,26,617.9,56064.770833333336
18,80,2.69,25,617.9,56064.771527777775
19,88,2.76,22,617.9,56064.77222222222
17,72,2.83,22,617.9,56064.77291666667
18,98,2.84,22,617.9,56064.77361111111
19,80,2.87,21,617.9,56064.774305555555
18,86,2.9,22,617.9,56064.775
20,85,2.93,22,617.9,56064.77569444444
20,81,2.94,22,617.9,56064.77638888889
19,82,3.01,21,617.9,56064.777083333334
19,91,2.99,21,617.9,56064.77777777778
16,80,2.91,22,618.0,56064.77847222222
16,78,2.87,23,618.0,56064.77916666667
21,85,2.88,22,617.9,56064.779861111114
19,83,2.92,21,618.0,56064.78055555555
18,77,2.98,22,617.9,56064.78125
18,77,3.04,23,618.0,56064.78194444445
18,78,3.08,23,618.0,56064.782638888886
15,82,3.11,23,618.0,56064.78333333333
16,86,3.17,23,618.0,56064.78402777778
15,98,3.24,23,618.0,56064.78472222222
15,83,3.32,24,618.1,56064.785416666666
18,110,3.35,25,618.0,56064.78611111111
15,99,3.33,23,618.1,56064.78680555556
15,98,3.36,25,618.0,56064.7875
16,89,3.38,25,618.0,56064.788194444445
15,75,3.41,25,618.0,56064.78888888889
16,92,3.47,23,618.0,56064.78958333333
12,92,3.46,23,618.1,56064.79027777778
14,77,3.47,25,618.1,56064.790972222225
16,98,3.58,23,618.0,56064.791666666664
16,92,3.63,23,618.1,56064.79236111111
15,71,3.68,23,618.1,56064.79305555556
17,72,3.7,21,618.0,56064.79375
17,66,3.72,22,618.0,56064.794444444444
16,90,3.73,23,618.1,56064.79513888889
14,90,3.68,24,618.1,56064.79583333333
15,78,3.63,25,618.1,56064.79652777778
16,72,3.62,23,618.1,56064.79722222222
18,82,3.61,22,618.1,56064.79791666667
16,79,3.64,21,618.1,56064.79861111111
17,89,3.66,21,618.1,56064.799305555556
16,81,3.65,21,618.1,56064.8
16,80,3.66,23,618.1,56064.80069444444
15,84,3.67,23,618.1,56064.80138888889
15,64,3.63,23,618.2,56064.802083333336
17,77,3.64,22,618.2,56064.802777777775
16,78,3.63,20,618.2,56064.80347222222
16,71,3.7,20,618.2,56064.80416666667
16,80,3.77,19,618.2,56064.80486111111
15,79,3.79,20,618.2,56064.805555555555
15,82,3.77,22,618.2,56064.80625
17,83,3.81,21,618.2,56064.80694444444
19,80,3.86,19,618.2,56064.80763888889
18,74,3.9,20,618.2,56064.808333333334
17,90,3.99,18,618.2,56064.80902777778
16,70,4.08,18,618.2,56064.80972222222
15,68,4.13,20,618.2,56064.81041666667
13,86,4.08,22,618.2,56064.811111111114
15,78,4.09,21,618.2,56064.81180555555
16,82,4.1,22,618.2,56064.8125
16,77,4.16,21,618.2,56064.81319444445
17,81,4.23,21,618.2,56064.813888888886
18,71,4.31,21,618.2,56064.81458333333
21,72,4.44,16,618.2,56064.81527777778
18,76,4.5,17,618.2,56064.81597222222
15,82,4.48,20,618.3,56064.816666666666
15,95,4.53,21,618.3,56064.81736111111
15,99,4.51,20,618.3,56064.81805555556
15,81,4.49,20,618.3,56064.81875
17,72,4.55,19,618.2,56064.819444444445
17,79,4.7,19,618.3,56064.82013888889
17,70,4.68,18,618.3,56064.82083333333
16,87,4.68,20,618.3,56064.82152777778
15,101,4.63,21,618.3,56064.822222222225
17,90,4.56,23,618.3,56064.822916666664
13,74,4.42,24,618.3,56064.82361111111
13,65,4.35,23,618.3,56064.82430555556
11,78,4.26,23,618.3,56064.825
16,87,4.26,22,618.3,56064.825694444444
14,80,4.23,20,618.3,56064.82638888889
14,84,4.21,21,618.4,56064.82708333333
15,72,4.28,21,618.4,56064.82777777778
11,71,4.31,22,618.4,56064.82847222222
15,82,4.44,22,618.4,56064.82916666667
13,81,4.45,22,618.4,56064.82986111111
14,86,4.43,22,618.4,56064.830555555556
16,79,4.54,20,618.4,56064.83125
16,79,4.7,21,618.4,56064.83194444444
17,70,4.73,20,618.4,56064.83263888889
18,69,4.79,19,618.4,56064.833333333336
15,87,4.73,21,618.4,56064.834027777775
16,78,4.66,21,618.4,56064.83472222222
20,72,4.7,20,618.3,56064.83541666667
21,87,4.69,21,618.3,56064.83611111111
16,91,4.65,22,618.4,56064.836805555555
19,70,4.76,22,618.4,56064.8375
19,73,4.84,21,618.4,56064.83819444444
17,75,4.87,20,618.3,56064.83888888889
18,91,4.89,20,618.3,56064.839583333334
15,76,4.87,21,618.3,56064.84027777778
18,75,4.93,15,618.3,56064.84097222222
17,79,4.97,16,618.3,56064.84166666667
17,80,5.07,18,618.3,56064.842361111114
19,78,5.09,16,618.3,56064.84305555555
19,89,5.1,18,618.3,56064.84375
17,88,5.1,17,618.3,56064.84444444445
18,78,5.13,19,618.3,56064.845138888886
18,82,5.14,17,618.3,56064.84583333333
17,81,5.15,15,618.3,56064.84652777778
17,94,5.16,18,618.3,56064.84722222222
19,74,5.12,17,618.3,56064.847916666666
19,76,5.15,16,618.3,56064.84861111111
17,56,5.14,19,618.3,56064.84930555556
19,94,5.3,19,618.3,56064.85
19,81,5.52,17,618.3,56064.850694444445
14,74,5.49,18,618.3,56064.85138888889
19,74,5.53,17,618.3,56064.85208333333
18,70,5.58,16,618.3,56064.85277777778
17,76,5.53,20,618.3,56064.853472222225
20,84,5.59,20,618.3,56064.854166666664
16,89,5.48,20,618.3,56064.85486111111
15,68,5.41,20,618.3,56064.85555555556
19,85,5.35,20,618.3,56064.85625
19,73,5.31,20,618.3,56064.856944444444
19,73,5.24,21,618.3,56064.85763888889
19,81,5.18,20,618.3,56064.85833333333
19,85,5.16,18,618.3,56064.85902777778
17,80,5.1,22,618.3,56064.85972222222
17,88,5.12,22,618.3,56064.86041666667
19,84,5.15,21,618.3,56064.86111111111
19,82,5.14,22,618.3,56064.861805555556
17,56,5.06,25,618.3,56064.8625
19,90,5.18,23,618.3,56064.86319444444
19,80,5.26,22,618.3,56064.86388888889
20,94,5.3,22,618.3,56064.864583333336
19,78,5.29,22,618.3,56064.865277777775
18,70,5.21,24,618.3,56064.86597222222
19,72,5.14,23,618.3,56064.86666666667
17,82,5.07,21,618.3,56064.86736111111
19,76,5.09,19,618.3,56064.868055555555
17,96,5.02,20,618.3,56064.86875
16,80,5.03,21,618.3,56064.86944444444
20,63,5.1,20,618.3,56064.87013888889
18,65,5.14,20,618.3,56064.870833333334
20,72,5.3,19,618.3,56064.87152777778
20,64,5.3,20,618.3,56064.87222222222
18,79,5.33,20,618.3,56064.87291666667
19,81,5.3,21,618.3,56064.873611111114
20,74,5.32,18,618.3,56064.87430555555
19,96,5.38,19,618.3,56064.875
17,82,5.42,19,618.3,56064.87569444445
20,73,5.46,19,618.3,56064.876388888886
21,86,5.5,20,618.3,56064.87708333333
21,84,5.47,20,618.3,56064.87777777778
19,76,5.49,19,618.3,56064.87847222222
21,87,5.48,19,618.3,56064.879166666666
20,89,5.51,21,618.3,56064.87986111111
17,78,5.47,22,618.3,56064.88055555556
20,89,5.52,20,618.3,56064.88125
22,80,5.56,19,618.2,56064.881944444445
21,75,5.57,20,618.3,56064.88263888889
22,84,5.62,22,618.3,56064.88333333333
23,85,5.68,20,618.3,56064.88402777778
19,65,5.66,21,618.3,56064.884722222225
21,89,5.64,21,618.3,56064.885416666664
21,81,5.74,20,618.2,56064.88611111111
20,76,5.8,19,618.2,56064.88680555556
20,79,5.81,19,618.3,56064.8875
18,65,5.71,20,618.3,56064.888194444444
21,56,5.64,20,618.3,56064.88888888889
23,87,5.71,20,618.3,56064.88958333333
17,86,5.62,20,618.3,56064.89027777778
22,87,5.63,19,618.2,56064.89097222222
19,85,5.56,19,618.3,56064.89166666667
20,74,5.5,21,618.3,56064.89236111111
21,81,5.52,22,618.3,56064.893055555556
17,90,5.47,22,618.3,56064.89375
21,94,5.48,25,618.3,56064.89444444444
19,97,5.61,26,618.3,56064.89513888889
18,82,5.51,26,618.3,56064.895833333336
20,78,5.54,25,618.3,56064.896527777775
19,80,5.6,27,618.3,56064.89722222222
19,88,5.62,28,618.3,56064.89791666667
21,80,5.62,26,618.2,56064.89861111111
18,81,5.51,26,618.3,56064.899305555555
17,78,5.42,25,618.3,56064.9
20,69,5.38,24,618.2,56064.90069444444
18,83,5.36,23,618.2,56064.90138888889
21,66,5.48,24,618.2,56064.902083333334
18,82,5.5,24,618.3,56064.90277777778
21,83,5.52,25,618.3,56064.90347222222
20,72,5.53,25,618.3,56064.90416666667
19,80,5.41,27,618.3,56064.904861111114
17,71,5.33,26,618.3,56064.90555555555
22,55,5.35,27,618.2,56064.90625
22,75,5.37,24,618.2,56064.90694444445
20,87,5.41,25,618.2,56064.907638888886
20,78,5.51,22,618.3,56064.90833333333
17,92,5.48,22,618.3,56064.90902777778
19,72,5.56,23,618.3,56064.90972222222
16,89,5.51,23,618.3,56064.910416666666
20,88,5.66,23,618.3,56064.91111111111
17,80,5.7,22,618.3,56064.91180555556
12,88,5.66,23,618.3,56064.9125
18,95,5.74,21,618.3,56064.913194444445
18,67,5.71,22,618.3,56064.91388888889
19,73,5.77,22,618.3,56064.91458333333
19,89,5.82,21,618.3,56064.91527777778
18,63,5.92,17,618.3,56064.915972222225
14,75,5.89,19,618.3,56064.916666666664
20,90,5.95,21,618.2,56064.91736111111
18,83,5.89,20,618.3,56064.91805555556
16,92,5.8,20,618.3,56064.91875
15,81,5.68,21,618.3,56064.919444444444
16,79,5.63,22,618.3,56064.92013888889
16,71,5.57,21,618.3,56064.92083333333
16,64,5.53,20,618.3,56064.92152777778
18,60,5.65,19,618.3,56064.92222222222
16,70,5.77,16,618.3,56064.92291666667
16,60,5.88,15,618.3,56064.92361111111
17,78,5.93,16,618.3,56064.924305555556
20,83,5.98,16,618.3,56064.925
18,79,6.01,16,618.3,56064.92569444444
21,78,6.13,14,618.2,56064.92638888889
19,52,6.16,15,618.2,56064.927083333336
18,90,6.18,18,618.3,56064.927777777775
20,78,6.27,16,618.2,56064.92847222222
20,82,6.26,15,618.3,56064.92916666667
17,92,6.25,16,618.3,56064.92986111111
17,77,6.35,17,618.3,56064.930555555555
14,87,6.33,17,618.3,56064.93125
15,54,6.33,17,618.3,56064.93194444444
17,78,6.44,16,618.3,56064.93263888889
21,88,6.56,13,618.2,56064.933333333334
19,84,6.55,13,618.2,56064.93402777778
21,77,6.56,15,618.3,56064.93472222222
14,69,6.45,17,618.3,56064.93541666667
15,122,6.35,18,618.3,56064.936111111114
16,90,6.42,19,618.3,56064.93680555555
18,95,6.5,17,618.3,56064.9375
15,60,6.52,14,618.3,56064.93819444445
18,64,6.61,16,618.3,56064.938888888886
18,83,6.67,18,618.3,56064.93958333333
16,77,6.6,19,618.2,56064.94027777778
12,98,6.49,20,618.3,56064.94097222222
16,94,6.44,20,618.3,56064.941666666666
17,77,6.46,19,618.2,56064.94236111111
17,84,6.45,21,618.2,56064.94305555556
16,82,6.43,18,618.2,56064.94375
16,76,6.4,16,618.2,56064.944444444445
21,76,6.56,13,618.2,56064.94513888889
19,82,6.62,12,618.2,56064.94583333333
17,73,6.59,15,618.2,56064.94652777778
15,79,6.51,18,618.2,56064.947222222225
14,64,6.43,18,618.2,56064.947916666664
12,80,6.38,18,618.2,56064.94861111111
15,59,6.43,17,618.2,56064.94930555556
19,71,6.62,14,618.1,56064.95
15,65,6.73,15,618.1,56064.950694444444
21,68,6.82,16,618.1,56064.95138888889
18,74,6.94,15,618.1,56064.95208333333
16,68,6.99,14,618.2,56064.95277777778
15,54,7.08,14,618.1,56064.95347222222
13,65,7.14,14,618.1,56064.95416666667
16,86,7.24,16,618.1,56064.95486111111
17,85,7.44,16,618.1,56064.955555555556
14,76,7.36,16,618.1,56064.95625
20,65,7.38,15,618.1,56064.95694444444
19,78,7.33,15,618.0,56064.95763888889
19,74,7.38,15,618.0,56064.958333333336
20,77,7.35,17,618.0,56064.959027777775
19,79,7.23,15,618.0,56064.95972222222
13,117,7.03,15,618.1,56064.96041666667
13,91,6.95,16,618.1,56064.96111111111
17,82,7.11,19,618.0,56064.961805555555
19,97,7.19,18,617.9,56064.9625
20,86,7.18,19,618.0,56064.96319444444
17,94,7.15,19,618.0,56064.96388888889
14,62,7.04,18,618.0,56064.964583333334
14,106,6.92,17,618.0,56064.96527777778
17,63,6.86,15,618.0,56064.96597222222
16,95,6.77,18,618.0,56064.96666666667
19,91,6.73,16,617.9,56064.967361111114
19,70,6.76,15,617.9,56064.96805555555
14,92,6.62,16,618.0,56064.96875
18,76,6.58,15,618.0,56064.96944444445
14,89,6.57,13,618.0,56064.970138888886
18,112,6.62,14,618.0,56064.97083333333
20,76,6.68,15,617.9,56064.97152777778
14,81,6.65,14,618.0,56064.97222222222
16,70,6.66,14,617.9,56064.972916666666
17,97,6.65,14,617.9,56064.97361111111
16,107,6.63,14,617.9,56064.97430555556
15,115,6.68,14,617.9,56064.975
15,71,6.74,16,617.9,56064.975694444445
16,96,6.9,17,617.9,56064.97638888889
14,121,6.96,20,617.9,56064.97708333333
15,73,7.09,20,617.9,56064.97777777778
19,89,7.11,17,617.9,56064.978472222225
17,68,7.06,16,617.9,56064.979166666664
15,99,6.99,16,617.9,56064.97986111111
10,103,6.82,16,617.9,56064.98055555556
10,98,6.75,18,617.9,56064.98125
14,80,6.69,21,617.9,56064.981944444444
19,67,6.65,21,617.9,56064.98263888889
16,79,6.56,21,617.9,56064.98333333333
19,79,6.55,19,617.9,56064.98402777778
15,91,6.51,17,617.9,56064.98472222222
13,85,6.49,18,617.9,56064.98541666667
20,84,6.52,18,617.8,56064.98611111111
17,71,6.47,20,617.8,56064.986805555556
18,92,6.46,21,617.8,56064.9875
20,73,6.49,20,617.8,56064.98819444444
17,65,6.42,17,617.8,56064.98888888889
17,73,6.33,16,617.8,56064.989583333336
17,74,6.37,17,617.8,56064.990277777775
17,67,6.39,19,617.8,56064.99097222222
19,84,6.43,19,617.8,56064.99166666667
18,92,6.42,17,617.8,56064.99236111111
17,62,6.42,16,617.8,56064.993055555555
16,75,6.47,16,617.8,56064.99375
16,86,6.51,17,617.8,56064.99444444444
21,98,6.51,18,617.8,56064.99513888889
17,90,6.49,20,617.8,56064.995833333334
13,89,6.48,20,617.8,56064.99652777778
22,71,6.54,15,617.8,56064.99722222222
18,74,6.49,15,617.8,56064.99791666667
20,79,6.5,14,617.8,56064.998611111114
21,78,6.52,14,617.8,56064.99930555555
17,78,6.51,15,617.8,56065.0
18,65,6.44,16,617.8,56065.00069444445
21,83,6.44,15,617.7,56065.001388888886
21,88,6.45,17,617.7,56065.00208333333
15,91,6.36,18,617.8,56065.00277777778
15,81,6.3,22,617.8,56065.00347222222
15,69,6.2,20,617.7,56065.004166666666
20,46,6.24,16,617.7,56065.00486111111
17,77,6.28,16,617.7,56065.00555555556
17,96,6.34,18,617.7,56065.00625
14,77,6.35,18,617.7,56065.006944444445
20,75,6.45,16,617.7,56065.00763888889
20,67,6.53,15,617.7,56065.00833333333
19,84,6.6,15,617.7,56065.00902777778
20,59,6.67,15,617.7,56065.009722222225
22,76,6.82,15,617.6,56065.010416666664
24,80,6.96,15,617.6,56065.01111111111
22,75,7.02,15,617.6,56065.01180555556
18,67,6.93,15,617.7,56065.0125
17,76,6.87,15,617.7,56065.013194444444
20,82,6.78,13,617.7,56065.01388888889
19,51,6.78,13,617.6,56065.01458333333
19,77,6.83,13,617.6,56065.01527777778
24,77,6.82,14,617.6,56065.01597222222
21,83,6.82,15,617.6,56065.01666666667
17,84,6.75,14,617.6,56065.01736111111
18,79,6.68,16,617.6,56065.018055555556
19,84,6.83,17,617.6,56065.01875
23,79,6.9,16,617.5,56065.01944444444
21,77,6.89,14,617.6,56065.02013888889
16,58,6.88,14,617.6,56065.020833333336
16,94,6.91,15,617.6,56065.021527777775
21,100,6.98,15,617.5,56065.02222222222
19,70,7.03,15,617.5,56065.02291666667
21,84,7.1,15,617.5,56065.02361111111
20,73,7.09,14,617.5,56065.024305555555
21,60,7.0,15,617.5,56065.025
22,87,6.9,15,617.5,56065.02569444444
21,78,6.83,15,617.5,56065.02638888889
22,66,6.89,15,617.5,56065.027083333334
22,76,6.96,15,617.5,56065.02777777778
19,96,6.95,16,617.5,56065.02847222222
19,72,6.95,15,617.5,56065.02916666667
25,73,6.96,13,617.5,56065.029861111114
22,76,6.99,14,617.5,56065.03055555555
21,97,6.97,15,617.5,56065.03125
18,82,6.84,15,617.6,56065.03194444445
19,68,6.76,13,617.5,56065.032638888886
17,88,6.65,13,617.5,56065.03333333333
19,90,6.66,14,617.5,56065.03402777778
17,51,6.6,15,617.5,56065.03472222222
16,74,6.55,15,617.5,56065.035416666666
22,83,6.61,15,617.4,56065.03611111111
19,81,6.66,15,617.5,56065.03680555556
18,81,6.68,14,617.5,56065.0375
21,72,6.73,13,617.5,56065.038194444445
23,76,6.78,13,617.5,56065.03888888889
20,78,6.77,12,617.5,56065.03958333333
17,91,6.72,13,617.5,56065.04027777778
20,79,6.71,12,617.5,56065.040972222225
20,68,6.65,13,617.5,56065.041666666664
20,73,6.58,13,617.5,56065.04236111111
16,71,6.51,14,617.5,56065.04305555556
15,101,6.49,15,617.5,56065.04375
20,78,6.46,15,617.4,56065.044444444444
18,63,6.45,13,617.4,56065.04513888889
19,83,6.49,13,617.4,56065.04583333333
15,85,6.45,13,617.5,56065.04652777778
14,72,6.43,14,617.5,56065.04722222222
14,91,6.5,14,617.4,56065.04791666667
17,83,6.59,15,617.5,56065.04861111111
15,70,6.55,15,617.5,56065.049305555556
12,83,6.5,15,617.5,56065.05
17,70,6.49,12,617.5,56065.05069444444
15,94,6.48,13,617.5,56065.05138888889
15,64,6.46,14,617.5,56065.052083333336
15,71,6.49,15,617.5,56065.052777777775
20,110,6.58,15,617.5,56065.05347222222
19,75,6.63,13,617.5,56065.05416666667
16,81,6.6,13,617.5,56065.05486111111
15,91,6.52,13,617.5,56065.055555555555
16,95,6.51,14,617.5,56065.05625
14,83,6.45,14,617.5,56065.05694444444
13,80,6.4,14,617.5,56065.05763888889
13,77,6.42,14,617.5,56065.058333333334
12,65,6.37,16,617.5,56065.05902777778
13,90,6.37,17,617.5,56065.05972222222
14,93,6.4,17,617.4,56065.06041666667
14,84,6.35,17,617.4,56065.061111111114
12,71,6.28,15,617.4,56065.06180555555
15,95,6.25,14,617.4,56065.0625
16,94,6.19,14,617.4,56065.06319444445
16,84,6.18,15,617.4,56065.063888888886
13,76,6.14,16,617.4,56065.06458333333
16,72,6.13,15,617.4,56065.06527777778
16,74,6.13,14,617.4,56065.06597222222
15,80,6.08,13,617.4,56065.066666666666
12,100,6.01,13,617.5,56065.06736111111
11,101,5.98,15,617.5,56065.06805555556
13,94,6.03,15,617.5,56065.06875
17,90,6.04,13,617.4,56065.069444444445
13,86,5.97,14,617.4,56065.07013888889
13,68,5.92,14,617.4,56065.07083333333
12,100,5.87,14,617.4,56065.07152777778
14,89,5.86,14,617.4,56065.072222222225
12,78,5.85,13,617.4,56065.072916666664
16,71,5.83,14,617.4,56065.07361111111
13,82,5.82,14,617.5,56065.07430555556
16,77,5.82,15,617.4,56065.075
15,80,5.79,15,617.4,56065.075694444444
15,73,5.75,15,617.4,56065.07638888889
16,83,5.75,15,617.4,56065.07708333333
12,86,5.72,14,617.4,56065.07777777778
13,94,5.68,14,617.4,56065.07847222222
15,73,5.66,14,617.4,56065.07916666667
12,81,5.62,14,617.4,56065.07986111111
11,90,5.61,14,617.4,56065.080555555556
15,64,5.63,14,617.4,56065.08125
18,72,5.65,14,617.3,56065.08194444444
13,82,5.61,15,617.3,56065.08263888889
18,85,5.58,16,617.4,56065.083333333336
15,89,5.55,17,617.4,56065.084027777775
14,77,5.48,16,617.4,56065.08472222222
14,87,5.41,16,617.4,56065.08541666667
12,82,5.34,16,617.4,56065.08611111111
15,78,5.3,15,617.4,56065.086805555555
11,64,5.25,14,617.4,56065.0875
16,64,5.31,14,617.4,56065.08819444444
13,92,5.28,16,617.4,56065.08888888889
17,64,5.26,15,617.4,56065.089583333334
15,92,5.25,16,617.3,56065.09027777778
13,79,5.21,17,617.3,56065.09097222222
12,86,5.19,18,617.3,56065.09166666667
9,107,5.15,18,617.4,56065.092361111114
10,84,5.11,18,617.4,56065.09305555555
14,75,5.08,15,617.3,56065.09375
11,91,5.05,16,617.3,56065.09444444445
13,88,5.07,18,617.3,56065.095138888886
11,107,5.03,18,617.3,56065.09583333333
10,98,4.99,19,617.3,56065.09652777778
13,86,4.98,18,617.3,56065.09722222222
11,99,4.97,17,617.4,56065.097916666666
10,101,4.97,19,617.3,56065.09861111111
12,70,4.93,17,617.4,56065.09930555556
12,66,4.91,16,617.3,56065.1
15,92,4.9,16,617.3,56065.100694444445
12,84,4.9,15,617.3,56065.10138888889
12,75,4.86,16,617.4,56065.10208333333
16,80,4.89,14,617.3,56065.10277777778
14,86,4.9,15,617.3,56065.103472222225
16,82,4.88,15,617.3,56065.104166666664
16,79,4.81,16,617.3,56065.10486111111
18,83,4.76,16,617.3,56065.10555555556
18,84,4.72,14,617.3,56065.10625
13,96,4.69,15,617.3,56065.106944444444
13,89,4.65,15,617.3,56065.10763888889
13,89,4.65,16,617.3,56065.10833333333
12,72,4.67,15,617.3,56065.10902777778
14,88,4.68,15,617.2,56065.10972222222
14,70,4.64,16,617.3,56065.11041666667
11,83,4.57,16,617.3,56065.11111111111
11,100,4.5,17,617.3,56065.111805555556
14,89,4.47,18,617.3,56065.1125
13,97,4.44,18,617.3,56065.11319444444
14,92,4.39,17,617.3,56065.11388888889
12,88,4.33,17,617.3,56065.114583333336
10,85,4.28,18,617.3,56065.115277777775
12,65,4.26,19,617.3,56065.11597222222
12,81,4.21,16,617.3,56065.11666666667
11,85,4.16,19,617.3,56065.11736111111
11,98,4.1,20,617.3,56065.118055555555
12,89,4.05,17,617.3,56065.11875
12,86,4.03,18,617.3,56065.11944444444
11,89,3.99,18,617.3,56065.12013888889
12,84,3.97,19,617.3,56065.120833333334
11,101,3.94,18,617.2,56065.12152777778
9,86,3.94,19,617.2,56065.12222222222
11,104,3.92,17,617.2,56065.12291666667
11,81,3.91,16,617.2,56065.123611111114
11,112,3.89,15,617.2,56065.12430555555
12,74,3.85,17,617.2,56065.125
15,96,3.83,15,617.2,56065.12569444445
12,88,3.82,15,617.2,56065.126388888886
11,81,3.8,16,617.2,56065.12708333333
13,86,3.78,18,617.2,56065.12777777778
13,82,3.74,17,617.2,56065.12847222222
12,79,3.69,20,617.2,56065.129166666666
13,88,3.62,20,617.2,56065.12986111111
11,91,3.56,19,617.2,56065.13055555556
12,82,3.5,20,617.2,56065.13125
11,89,3.44,21,617.2,56065.131944444445
11,93,3.39,20,617.2,56065.13263888889
11,89,3.36,20,617.2,56065.13333333333
11,85,3.33,21,617.2,56065.13402777778
11,97,3.3,21,617.2,56065.134722222225
12,88,3.25,22,617.2,56065.135416666664
11,91,3.22,22,617.2,56065.13611111111
11,85,3.18,22,617.2,56065.13680555556
13,97,3.15,21,617.3,56065.1375
12,86,3.13,20,617.2,56065.138194444444
11,82,3.12,21,617.3,56065.13888888889
12,90,3.09,22,617.3,56065.13958333333
12,104,3.06,20,617.2,56065.14027777778
11,94,3.06,20,617.2,56065.14097222222
14,79,3.03,21,617.2,56065.14166666667
14,84,3.04,17,617.2,56065.14236111111
14,84,3.05,22,617.2,56065.143055555556
15,83,3.05,17,617.2,56065.14375
14,81,3.05,16,617.2,56065.14444444444
12,94,3.03,18,617.2,56065.14513888889
13,91,3.02,23,617.2,56065.145833333336
16,95,2.98,21,617.2,56065.146527777775
17,77,2.97,17,617.2,56065.14722222222
16,74,3.0,16,617.2,56065.14791666667
14,91,2.99,18,617.2,56065.14861111111
15,96,2.96,18,617.2,56065.149305555555
15,94,2.96,18,617.2,56065.15
17,81,2.95,18,617.2,56065.15069444444
18,86,2.93,18,617.2,56065.15138888889
16,80,2.93,16,617.2,56065.152083333334
20,25,2.95,14,617.2,56065.15277777778
16,81,3.0,15,617.2,56065.15347222222
17,73,3.0,17,617.2,56065.15416666667
20,63,3.0,16,617.2,56065.154861111114
17,80,3.01,16,617.2,56065.15555555555
22,102,3.05,14,617.2,56065.15625
16,73,3.03,18,617.2,56065.15694444445
23,73,3.04,14,617.2,56065.157638888886
23,66,3.06,14,617.2,56065.15833333333
15,93,3.06,16,617.2,56065.15902777778
20,84,3.03,16,617.2,56065.15972222222
16,104,3.05,14,617.3,56065.160416666666
15,84,3.02,17,617.2,56065.16111111111
14,86,2.97,18,617.2,56065.16180555556
21,51,2.99,13,617.2,56065.1625
17,74,3.01,16,617.3,56065.163194444445
25,77,3.02,13,617.2,56065.16388888889
19,85,3.02,15,617.2,56065.16458333333
19,75,2.99,16,617.2,56065.16527777778
22,86,2.96,15,617.2,56065.165972222225
15,86,2.92,17,617.3,56065.166666666664
24,70,2.89,14,617.2,56065.16736111111
17,57,2.9,15,617.3,56065.16805555556
20,82,2.88,16,617.3,56065.16875
20,68,2.91,15,617.3,56065.169444444444
18,81,2.88,16,617.3,56065.17013888889
15,61,2.85,19,617.3,56065.17083333333
18,74,2.77,19,617.3,56065.17152777778
20,88,2.75,18,617.3,56065.17222222222
13,88,2.68,22,617.4,56065.17291666667
18,93,2.64,17,617.4,56065.17361111111
14,96,2.62,17,617.4,56065.174305555556
13,82,2.59,17,617.4,56065.175
22,77,2.56,17,617.4,56065.17569444444
14,82,2.53,18,617.4,56065.17638888889
13,80,2.48,19,617.4,56065.177083333336
19,85,2.41,19,617.4,56065.177777777775
17,90,2.43,16,617.5,56065.17847222222
10,91,2.42,20,617.5,56065.17916666667
13,58,2.36,20,617.5,56065.17986111111
15,68,2.32,19,617.5,56065.180555555555
20,67,2.29,18,617.5,56065.18125
13,81,2.25,20,617.5,56065.18194444444
14,73,2.19,20,617.5,56065.18263888889
17,78,2.13,19,617.5,56065.183333333334
21,74,2.1,17,617.5,56065.18402777778
21,90,2.09,17,617.5,56065.18472222222
17,84,2.08,20,617.5,56065.18541666667
17,78,2.06,19,617.5,56065.186111111114
20,94,2.09,17,617.5,56065.18680555555
12,77,2.1,22,617.5,56065.1875
13,75,2.05,22,617.5,56065.18819444445
13,84,2.01,22,617.5,56065.188888888886
13,74,1.95,23,617.5,56065.18958333333
15,62,1.88,22,617.6,56065.19027777778
14,77,1.87,21,617.6,56065.19097222222
19,79,1.87,18,617.6,56065.191666666666
13,71,1.93,20,617.6,56065.19236111111
16,67,1.93,20,617.6,56065.19305555556
18,64,2.0,18,617.6,56065.19375
14,73,2.03,22,617.6,56065.194444444445
13,60,2.01,22,617.6,56065.19513888889
15,92,1.99,21,617.6,56065.19583333333
13,69,1.95,22,617.6,56065.19652777778
16,76,1.93,20,617.6,56065.197222222225
13,75,1.9,21,617.6,56065.197916666664
14,71,1.86,22,617.6,56065.19861111111
16,77,1.86,20,617.6,56065.19930555556
15,71,1.87,20,617.6,56065.2
16,71,1.88,18,617.6,56065.200694444444
15,83,1.88,20,617.6,56065.20138888889
15,64,1.89,19,617.6,56065.20208333333
17,74,1.92,17,617.6,56065.20277777778
16,66,1.92,20,617.6,56065.20347222222
16,86,1.87,21,617.6,56065.20416666667
16,75,1.83,22,617.6,56065.20486111111
16,69,1.78,21,617.6,56065.205555555556
15,71,1.73,22,617.6,56065.20625
13,68,1.66,22,617.6,56065.20694444444
15,79,1.6,21,617.6,56065.20763888889
16,61,1.56,19,617.6,56065.208333333336
16,59,1.57,18,617.6,56065.209027777775
14,71,1.59,19,617.6,56065.20972222222
20,70,1.57,19,617.6,56065.21041666667
18,68,1.63,18,617.6,56065.21111111111
15,71,1.65,21,617.7,56065.211805555555
13,57,1.66,20,617.7,56065.2125
11,76,1.65,21,617.7,56065.21319444444
17,80,1.6,20,617.7,56065.21388888889
15,70,1.53,22,617.7,56065.214583333334
17,77,1.45,21,617.7,56065.21527777778
16,86,1.46,19,617.8,56065.21597222222
14,77,1.45,20,617.8,56065.21666666667
20,63,1.47,17,617.7,56065.217361111114
17,68,1.5,20,617.8,56065.21805555555
14,72,1.46,23,617.8,56065.21875
13,80,1.42,23,617.8,56065.21944444445
11,81,1.38,22,617.8,56065.220138888886
20,57,1.31,20,617.8,56065.22083333333
15,83,1.32,19,617.9,56065.22152777778
13,73,1.31,21,617.9,56065.22222222222
18,77,1.27,21,617.9,56065.222916666666
17,72,1.23,22,617.9,56065.22361111111
15,76,1.19,22,617.9,56065.22430555556
16,74,1.12,22,617.9,56065.225
21,75,1.1,21,617.9,56065.225694444445
14,104,1.07,23,617.9,56065.22638888889
12,75,1.02,24,618.0,56065.22708333333
17,70,0.96,23,617.9,56065.22777777778
18,72,0.98,19,618.0,56065.228472222225
18,75,0.99,22,618.0,56065.229166666664
14,79,0.99,22,618.0,56065.22986111111
18,81,0.98,22,618.0,56065.23055555556
17,75,0.97,24,618.0,56065.23125
19,63,0.94,24,617.9,56065.231944444444
17,75,0.9,26,618.0,56065.23263888889
20,83,0.89,22,618.0,56065.23333333333
16,73,0.9,25,618.0,56065.23402777778
19,78,0.87,23,618.0,56065.23472222222
20,79,0.9,20,618.0,56065.23541666667
15,72,0.93,22,618.0,56065.23611111111
20,67,0.91,22,618.0,56065.236805555556
23,76,0.96,18,618.0,56065.2375
22,67,1.02,20,618.0,56065.23819444444
15,77,1.07,22,618.0,56065.23888888889
21,77,1.07,21,618.0,56065.239583333336
21,74,1.09,21,618.0,56065.240277777775
18,74,1.07,23,618.0,56065.24097222222
22,67,1.07,20,618.0,56065.24166666667
15,85,1.07,23,618.0,56065.24236111111
19,67,1.04,23,618.0,56065.243055555555
19,83,1.02,24,618.1,56065.24375
20,87,0.99,23,618.0,56065.24444444444
18,74,0.99,24,618.1,56065.24513888889
18,67,0.94,24,618.1,56065.245833333334
22,77,0.93,22,618.1,56065.24652777778
17,79,0.92,23,618.1,56065.24722222222
19,74,0.85,24,618.1,56065.24791666667
22,78,0.83,22,618.1,56065.248611111114
21,74,0.84,22,618.1,56065.24930555555
17,83,0.83,24,618.1,56065.25
23,76,0.85,20,618.1,56065.25069444445
16,81,0.89,23,618.2,56065.251388888886
21,76,0.91,20,618.2,56065.25208333333
16,85,0.98,21,618.2,56065.25277777778
14,81,0.97,23,618.2,56065.25347222222
20,71,0.94,23,618.2,56065.254166666666
17,72,0.91,25,618.2,56065.25486111111
16,84,0.85,25,618.2,56065.25555555556
19,83,0.8,24,618.2,56065.25625
18,77,0.77,25,618.2,56065.256944444445
20,81,0.71,25,618.2,56065.25763888889
18,73,0.68,25,618.2,56065.25833333333
16,75,0.65,26,618.2,56065.25902777778
17,70,0.6,27,618.2,56065.259722222225
17,81,0.57,27,618.2,56065.260416666664
15,73,0.52,29,618.3,56065.26111111111
16,77,0.48,27,618.2,56065.26180555556
19,75,0.45,26,618.2,56065.2625
16,78,0.43,28,618.2,56065.263194444444
17,85,0.41,27,618.2,56065.26388888889
19,88,0.44,24,618.2,56065.26458333333
18,75,0.46,26,618.2,56065.26527777778
21,68,0.49,23,618.2,56065.26597222222
14,86,0.56,23,618.3,56065.26666666667
16,82,0.57,27,618.3,56065.26736111111
18,74,0.57,25,618.3,56065.268055555556
16,94,0.59,26,618.3,56065.26875
15,79,0.58,27,618.3,56065.26944444444
18,77,0.56,25,618.3,56065.27013888889
22,70,0.58,22,618.3,56065.270833333336
18,82,0.64,24,618.4,56065.271527777775
20,73,0.65,25,618.3,56065.27222222222
20,76,0.68,24,618.4,56065.27291666667
19,82,0.71,25,618.4,56065.27361111111
22,76,0.73,24,618.3,56065.274305555555
19,75,0.73,27,618.4,56065.275
20,93,0.73,26,618.4,56065.27569444444
18,84,0.72,26,618.4,56065.27638888889
21,86,0.71,25,618.4,56065.277083333334
23,58,0.71,24,618.4,56065.27777777778
19,75,0.73,25,618.4,56065.27847222222
22,63,0.72,25,618.4,56065.27916666667
20,67,0.74,25,618.4,56065.279861111114
22,80,0.74,24,618.4,56065.28055555555
23,61,0.76,25,618.4,56065.28125
17,84,0.76,27,618.5,56065.28194444445
17,76,0.69,28,618.5,56065.282638888886
20,95,0.63,26,618.4,56065.28333333333
18,86,0.6,26,618.4,56065.28402777778
21,81,0.56,26,618.4,56065.28472222222
21,78,0.54,26,618.4,56065.285416666666
22,81,0.53,26,618.4,56065.28611111111
22,78,0.54,26,618.5,56065.28680555556
23,68,0.58,26,618.5,56065.2875
19,76,0.6,26,618.5,56065.288194444445
21,83,0.59,27,618.5,56065.28888888889
20,80,0.6,26,618.5,56065.28958333333
20,70,0.6,26,618.5,56065.29027777778
21,71,0.6,26,618.5,56065.290972222225
22,71,0.62,26,618.5,56065.291666666664
25,74,0.63,26,618.5,56065.29236111111
23,87,0.63,26,618.5,56065.29305555556
20,82,0.66,26,618.5,56065.29375
22,72,0.65,27,618.5,56065.294444444444
22,71,0.65,27,618.5,56065.29513888889
21,82,0.63,27,618.5,56065.29583333333
25,77,0.62,26,618.5,56065.29652777778
23,61,0.63,26,618.5,56065.29722222222
18,62,0.64,27,618.5,56065.29791666667
21,82,0.62,27,618.5,56065.29861111111
20,94,0.61,27,618.5,56065.299305555556
19,83,0.58,28,618.5,56065.3
23,81,0.53,27,618.5,56065.30069444444
22,72,0.51,28,618.6,56065.30138888889
18,86,0.48,29,618.6,56065.302083333336
20,66,0.43,30,618.6,56065.302777777775
18,77,0.36,31,618.6,56065.30347222222
18,89,0.27,32,618.6,56065.30416666667
21,75,0.2,31,618.6,56065.30486111111
23,81,0.17,28,618.6,56065.305555555555
21,75,0.19,28,618.6,56065.30625
22,73,0.21,28,618.6,56065.30694444444
21,92,0.25,28,618.6,56065.30763888889
19,79,0.25,29,618.5,56065.308333333334
19,81,0.23,30,618.6,56065.30902777778
23,75,0.25,27,618.6,56065.30972222222
22,70,0.29,26,618.6,56065.31041666667
25,73,0.31,24,618.6,56065.311111111114
23,77,0.38,24,618.6,56065.31180555555
24,81,0.44,24,618.5,56065.3125
24,77,0.48,26,618.5,56065.31319444445
26,84,0.5,27,618.5,56065.313888888886
22,69,0.52,27,618.6,56065.31458333333
21,75,0.5,29,618.6,56065.31527777778
22,83,0.46,28,618.6,56065.31597222222
23,89,0.44,28,618.6,56065.316666666666
24,72,0.42,27,618.6,56065.31736111111
23,79,0.41,28,618.6,56065.31805555556
22,82,0.4,27,618.7,56065.31875
22,75,0.39,28,618.7,56065.319444444445
25,78,0.4,26,618.6,56065.32013888889
27,79,0.41,25,618.6,56065.32083333333
26,75,0.44,26,618.5,56065.32152777778
27,82,0.44,26,618.6,56065.322222222225
25,72,0.44,27,618.6,56065.322916666664
26,85,0.44,26,618.5,56065.32361111111
27,83,0.44,27,618.5,56065.32430555556
26,69,0.44,26,618.5,56065.325
25,64,0.44,27,618.5,56065.325694444444
25,88,0.44,27,618.5,56065.32638888889
23,77,0.44,28,618.6,56065.32708333333
26,76,0.42,29,618.6,56065.32777777778
25,77,0.39,30,618.6,56065.32847222222
22,76,0.36,31,618.6,56065.32916666667
20,79,0.29,32,618.6,56065.32986111111
21,89,0.23,32,618.6,56065.330555555556
21,79,0.2,30,618.6,56065.33125
21,68,0.17,32,618.6,56065.33194444444
22,80,0.14,30,618.6,56065.33263888889
23,83,0.13,31,618.6,56065.333333333336
24,83,0.14,30,618.6,56065.334027777775
23,80,0.14,31,618.7,56065.33472222222
20,74,0.14,32,618.7,56065.33541666667
18,78,0.1,36,618.7,56065.33611111111
17,90,0.02,39,618.8,56065.336805555555
17,81,-0.05,37,618.8,56065.3375
17,86,-0.11,36,618.7,56065.33819444444
18,83,-0.16,37,618.7,56065.33888888889
18,84,-0.19,35,618.7,56065.339583333334
17,80,-0.25,37,618.7,56065.34027777778
18,95,-0.31,38,618.7,56065.34097222222
19,88,-0.36,37,618.7,56065.34166666667
20,76,-0.39,35,618.7,56065.342361111114
19,81,-0.4,36,618.7,56065.34305555555
19,75,-0.44,36,618.7,56065.34375
18,81,-0.45,37,618.7,56065.34444444445
19,80,-0.45,36,618.7,56065.345138888886
19,82,-0.45,36,618.7,56065.34583333333
19,85,-0.47,35,618.7,56065.34652777778
20,81,-0.45,35,618.7,56065.34722222222
18,80,-0.42,34,618.7,56065.347916666666
16,91,-0.42,37,618.7,56065.34861111111
18,89,-0.43,39,618.7,56065.34930555556
19,85,-0.46,39,618.7,56065.35
18,89,-0.49,39,618.7,56065.350694444445
18,84,-0.55,39,618.7,56065.35138888889
17,82,-0.58,39,618.8,56065.35208333333
16,93,-0.61,38,618.7,56065.35277777778
17,80,-0.64,40,618.7,56065.353472222225
17,75,-0.69,38,618.8,56065.354166666664
17,87,-0.71,39,618.8,56065.35486111111
17,85,-0.74,38,618.8,56065.35555555556
17,88,-0.76,38,618.8,56065.35625
18,88,-0.77,38,618.8,56065.356944444444
17,82,-0.77,38,618.7,56065.35763888889
18,90,-0.77,38,618.7,56065.35833333333
18,84,-0.75,39,618.7,56065.35902777778
17,80,-0.77,39,618.7,56065.35972222222
17,82,-0.78,38,618.7,56065.36041666667
17,85,-0.79,38,618.7,56065.36111111111
19,87,-0.81,38,618.7,56065.361805555556
20,83,-0.8,38,618.6,56065.3625
21,63,-0.79,37,618.6,56065.36319444444
21,89,-0.76,35,618.6,56065.36388888889
23,79,-0.7,32,618.6,56065.364583333336
21,77,-0.63,33,618.6,56065.365277777775
21,79,-0.58,35,618.6,56065.36597222222
20,86,-0.58,37,618.6,56065.36666666667
21,91,-0.6,37,618.5,56065.36736111111
20,88,-0.62,37,618.5,56065.368055555555
21,87,-0.66,37,618.6,56065.36875
20,87,-0.68,38,618.6,56065.36944444444
20,88,-0.72,37,618.6,56065.37013888889
21,81,-0.74,37,618.6,56065.370833333334
21,85,-0.75,36,618.6,56065.37152777778
21,91,-0.74,36,618.6,56065.37222222222
21,89,-0.75,36,618.6,56065.37291666667
21,87,-0.75,37,618.5,56065.373611111114
20,85,-0.76,37,618.6,56065.37430555555
21,85,-0.77,37,618.6,56065.375
21,81,-0.77,37,618.6,56065.37569444445
20,83,-0.76,36,618.6,56065.376388888886
20,84,-0.77,37,618.6,56065.37708333333
20,89,-0.78,36,618.6,56065.37777777778
20,84,-0.8,37,618.6,56065.37847222222
21,85,-0.81,37,618.6,56065.379166666666
20,88,-0.8,35,618.6,56065.37986111111
21,86,-0.78,35,618.6,56065.38055555556
21,77,-0.73,34,618.6,56065.38125
21,85,-0.68,33,618.6,56065.381944444445
20,89,-0.63,33,618.6,56065.38263888889
20,89,-0.57,33,618.6,56065.38333333333
17,83,-0.53,34,618.5,56065.38402777778
18,88,-0.52,34,618.5,56065.384722222225
17,88,-0.5,34,618.6,56065.385416666664
15,88,-0.5,34,618.6,56065.38611111111
17,100,-0.52,34,618.6,56065.38680555556
16,86,-0.54,34,618.6,56065.3875
17,89,-0.53,33,618.5,56065.388194444444
16,105,-0.51,33,618.6,56065.38888888889
15,84,-0.5,33,618.6,56065.38958333333
13,87,-0.5,34,618.6,56065.39027777778
13,77,-0.51,34,618.6,56065.39097222222
13,85,-0.52,33,618.6,56065.39166666667
15,91,-0.53,33,618.6,56065.39236111111
16,83,-0.53,33,618.6,56065.393055555556
16,88,-0.53,33,618.6,56065.39375
16,90,-0.52,33,618.6,56065.39444444444
16,89,-0.5,33,618.6,56065.39513888889
14,92,-0.48,33,618.6,56065.395833333336
14,92,-0.48,33,618.5,56065.396527777775
14,87,-0.48,33,618.5,56065.39722222222
16,87,-0.47,32,618.5,56065.39791666667
16,90,-0.45,31,618.5,56065.39861111111
17,92,-0.42,31,618.5,56065.399305555555
15,94,-0.4,31,618.5,56065.4
13,102,-0.4,32,618.5,56065.40069444444
14,92,-0.42,32,618.5,56065.40138888889
16,89,-0.42,31,618.5,56065.402083333334
16,77,-0.41,31,618.5,56065.40277777778
14,92,-0.41,32,618.5,56065.40347222222
13,92,-0.42,32,618.5,56065.40416666667
13,93,-0.42,32,618.5,56065.404861111114
14,83,-0.41,31,618.5,56065.40555555555
12,93,-0.38,31,618.5,56065.40625
15,88,-0.35,30,618.4,56065.40694444445
15,93,-0.31,30,618.4,56065.407638888886
13,82,-0.28,30,618.4,56065.40833333333
12,82,-0.29,30,618.4,56065.40902777778
14,90,-0.29,28,618.4,56065.40972222222
15,88,-0.26,28,618.4,56065.410416666666
15,86,-0.24,29,618.4,56065.41111111111
13,83,-0.25,29,618.4,56065.41180555556
13,98,-0.25,30,618.4,56065.4125
15,87,-0.26,30,618.4,56065.413194444445
16,81,-0.26,29,618.4,56065.41388888889
15,91,-0.23,28,618.3,56065.41458333333
14,87,-0.22,28,618.3,56065.41527777778
13,93,-0.21,29,618.3,56065.415972222225
