wind_speed,wind_direction,temperature,relative_humidity,pressure,mjd
6,204.0,5.16,7,618.5,57952.416666666664
7,213.0,5.07,8,618.5,57952.41736111111
6,216.0,4.99,9,618.5,57952.41805555556
5,218.0,4.92,10,618.5,57952.41875
3,216.0,4.87,12,618.5,57952.419444444444
1,206.0,4.81,12,618.5,57952.42013888889
0,192.0,4.77,12,618.5,57952.42083333333
0,156.0,4.72,9,618.5,57952.42152777778
0,188.0,4.71,9,618.5,57952.42222222222
0,198.0,4.69,9,618.5,57952.42291666667
0,201.0,4.68,8,618.5,57952.42361111111
0,196.0,4.68,8,618.5,57952.424305555556
1,188.0,4.72,9,618.5,57952.425
3,196.0,4.75,11,618.5,57952.42569444444
5,206.0,4.74,10,618.5,57952.42638888889
7,209.0,4.74,9,618.4,57952.427083333336
7,211.0,4.75,8,618.4,57952.427777777775
8,211.0,4.78,7,618.4,57952.42847222222
8,211.0,4.82,7,618.4,57952.42916666667
8,212.0,4.87,6,618.4,57952.42986111111
8,213.0,4.92,6,618.4,57952.430555555555
8,216.0,4.97,6,618.4,57952.43125
8,217.0,5.0,6,618.4,57952.43194444444
7,218.0,5.03,6,618.4,57952.43263888889
6,218.0,5.05,6,618.4,57952.433333333334
4,218.0,5.07,6,618.4,57952.43402777778
1,223.0,5.1,6,618.4,57952.43472222222
0,223.0,5.13,6,618.4,57952.43541666667
0,223.0,5.16,6,618.4,57952.436111111114
0,223.0,5.19,6,618.4,57952.43680555555
0,223.0,5.21,6,618.4,57952.4375
0,223.0,5.23,6,618.4,57952.43819444445
0,223.0,5.26,6,618.3,57952.438888888886
2,227.0,5.27,6,618.3,57952.43958333333
3,235.0,5.28,6,618.3,57952.44027777778
4,240.0,5.24,6,618.3,57952.44097222222
4,239.0,5.15,6,618.3,57952.441666666666
4,229.0,5.03,6,618.3,57952.44236111111
3,235.0,4.91,6,618.3,57952.44305555556
3,234.0,4.78,6,618.3,57952.44375
2,225.0,4.68,6,618.3,57952.444444444445
1,229.0,4.61,6,618.3,57952.44513888889
1,230.0,4.58,6,618.3,57952.44583333333
1,232.0,4.59,6,618.3,57952.44652777778
0,232.0,4.63,6,618.3,57952.447222222225
0,236.0,4.67,6,618.3,57952.447916666664
0,239.0,4.7,6,618.3,57952.44861111111
0,246.0,4.71,6,618.3,57952.44930555556
0,262.0,4.73,6,618.3,57952.45
1,263.0,4.77,6,618.3,57952.450694444444
3,258.0,4.83,6,618.2,57952.45138888889
3,272.0,4.88,6,618.2,57952.45208333333
4,270.0,4.92,6,618.2,57952.45277777778
3,263.0,4.92,6,618.2,57952.45347222222
1,268.0,4.92,6,618.1,57952.45416666667
0,326.0,4.9,6,618.1,57952.45486111111
0,0.0,4.88,6,618.1,57952.455555555556
0,16.0,4.84,6,618.2,57952.45625
0,17.0,4.79,6,618.1,57952.45694444444
0,344.0,4.76,7,618.1,57952.45763888889
0,34.0,4.74,7,618.1,57952.458333333336
0,16.0,4.7,7,618.1,57952.459027777775
0,25.0,4.67,8,618.1,57952.45972222222
0,231.0,4.62,9,618.1,57952.46041666667
0,231.0,4.57,9,618.1,57952.46111111111
0,231.0,4.54,10,618.1,57952.461805555555
0,231.0,4.51,11,618.1,57952.4625
0,232.0,4.47,11,618.0,57952.46319444444
0,239.0,4.43,11,618.0,57952.46388888889
0,321.0,4.41,11,618.0,57952.464583333334
0,324.0,4.38,12,618.0,57952.46527777778
0,0.0,4.34,12,618.0,57952.46597222222
0,0.0,4.29,11,618.0,57952.46666666667
0,0.0,4.26,11,618.0,57952.467361111114
0,0.0,4.23,10,618.0,57952.46805555555
0,21.0,4.21,10,618.0,57952.46875
1,22.0,4.17,10,618.0,57952.46944444445
1,50.0,4.1,10,618.0,57952.470138888886
0,56.0,4.02,10,618.0,57952.47083333333
0,54.0,3.93,9,618.0,57952.47152777778
0,108.0,3.84,9,618.0,57952.47222222222
0,90.0,3.76,9,618.0,57952.472916666666
0,105.0,3.72,9,617.9,57952.47361111111
0,111.0,3.72,8,617.9,57952.47430555556
0,111.0,3.78,8,617.9,57952.475
0,111.0,3.87,8,617.9,57952.475694444445
0,111.0,3.96,8,617.9,57952.47638888889
0,111.0,4.04,9,617.9,57952.47708333333
0,111.0,4.11,11,617.9,57952.47777777778
0,111.0,4.17,13,617.9,57952.478472222225
0,74.0,4.19,13,617.9,57952.479166666664
0,63.0,4.16,12,617.8,57952.47986111111
0,58.0,4.11,11,617.8,57952.48055555556
0,60.0,4.03,10,617.8,57952.48125
0,60.0,3.98,10,617.8,57952.481944444444
0,60.0,3.94,11,617.7,57952.48263888889
0,60.0,3.92,11,617.7,57952.48333333333
0,60.0,3.92,12,617.7,57952.48402777778
0,60.0,3.92,13,617.7,57952.48472222222
0,60.0,3.94,13,617.7,57952.48541666667
0,61.0,3.95,13,617.7,57952.48611111111
0,70.0,3.98,13,617.7,57952.486805555556
0,110.0,3.98,12,617.7,57952.4875
0,158.0,3.97,11,617.7,57952.48819444444
0,183.0,3.95,10,617.7,57952.48888888889
0,206.0,3.92,11,617.6,57952.489583333336
1,220.0,3.92,12,617.6,57952.490277777775
1,221.0,3.9,12,617.6,57952.49097222222
2,219.0,3.87,12,617.6,57952.49166666667
2,223.0,3.83,11,617.6,57952.49236111111
2,223.0,3.79,11,617.6,57952.493055555555
2,229.0,3.76,10,617.6,57952.49375
2,227.0,3.75,10,617.6,57952.49444444444
2,211.0,3.73,10,617.6,57952.49513888889
2,207.0,3.73,10,617.6,57952.495833333334
3,194.0,3.71,10,617.6,57952.49652777778
4,194.0,3.7,10,617.6,57952.49722222222
5,197.0,3.7,9,617.6,57952.49791666667
5,208.0,3.68,9,617.5,57952.498611111114
6,215.0,3.67,9,617.5,57952.49930555555
6,220.0,3.67,9,617.5,57952.5
6,222.0,3.69,9,617.5,57952.50069444445
5,229.0,3.72,9,617.5,57952.501388888886
3,237.0,3.77,9,617.5,57952.50208333333
1,241.0,3.81,9,617.6,57952.50277777778
0,241.0,3.84,9,617.6,57952.50347222222
0,241.0,3.87,9,617.6,57952.504166666666
0,241.0,3.89,9,617.6,57952.50486111111
0,241.0,3.91,8,617.6,57952.50555555556
0,240.0,3.95,8,617.6,57952.50625
0,248.0,4.0,8,617.6,57952.506944444445
0,242.0,4.06,8,617.6,57952.50763888889
2,236.0,4.13,8,617.6,57952.50833333333
6,230.0,4.23,8,617.6,57952.50902777778
8,239.0,4.33,8,617.5,57952.509722222225
9,232.0,4.43,7,617.5,57952.510416666664
9,235.0,4.53,7,617.5,57952.51111111111
9,239.0,4.63,7,617.5,57952.51180555556
10,230.0,4.7,7,617.5,57952.5125
10,238.0,4.77,7,617.5,57952.513194444444
9,241.0,4.82,7,617.5,57952.51388888889
9,229.0,4.86,7,617.5,57952.51458333333
9,230.0,4.9,7,617.5,57952.51527777778
8,236.0,4.92,7,617.5,57952.51597222222
6,243.0,4.92,7,617.5,57952.51666666667
5,239.0,4.92,7,617.5,57952.51736111111
3,238.0,4.89,7,617.5,57952.518055555556
1,242.0,4.86,7,617.5,57952.51875
0,244.0,4.82,7,617.5,57952.51944444444
0,246.0,4.78,7,617.5,57952.52013888889
0,249.0,4.72,7,617.5,57952.520833333336
0,251.0,4.67,7,617.5,57952.521527777775
0,251.0,4.65,7,617.5,57952.52222222222
0,251.0,4.65,7,617.5,57952.52291666667
0,251.0,4.65,7,617.5,57952.52361111111
0,17.0,4.65,7,617.5,57952.524305555555
0,36.0,4.65,8,617.5,57952.525
0,9.0,4.62,8,617.5,57952.52569444444
0,17.0,4.57,8,617.5,57952.52638888889
0,27.0,4.53,8,617.5,57952.527083333334
0,105.0,4.47,8,617.5,57952.52777777778
0,106.0,4.38,8,617.5,57952.52847222222
0,74.0,4.29,8,617.5,57952.52916666667
0,62.0,4.21,8,617.5,57952.529861111114
0,55.0,4.15,8,617.5,57952.53055555555
0,55.0,4.1,9,617.5,57952.53125
0,55.0,4.06,9,617.5,57952.53194444445
0,62.0,4.04,9,617.5,57952.532638888886
0,85.0,4.02,9,617.5,57952.53333333333
0,179.0,4.02,9,617.5,57952.53402777778
0,216.0,4.04,9,617.5,57952.53472222222
0,228.0,4.09,8,617.5,57952.535416666666
0,237.0,4.17,8,617.5,57952.53611111111
0,238.0,4.25,8,617.5,57952.53680555556
0,235.0,4.32,8,617.5,57952.5375
0,235.0,4.32,8,617.4,57952.538194444445
0,235.0,4.29,8,617.4,57952.53888888889
0,235.0,4.24,8,617.4,57952.53958333333
0,232.0,4.19,8,617.4,57952.54027777778
0,234.0,4.15,8,617.4,57952.540972222225
1,237.0,4.13,8,617.4,57952.541666666664
0,239.0,4.14,8,617.4,57952.54236111111
0,240.0,4.17,8,617.4,57952.54305555556
0,241.0,4.19,8,617.4,57952.54375
0,240.0,4.21,8,617.4,57952.544444444444
0,240.0,4.23,8,617.4,57952.54513888889
0,240.0,4.26,8,617.4,57952.54583333333
0,240.0,4.28,8,617.4,57952.54652777778
0,240.0,4.28,8,617.4,57952.54722222222
0,240.0,4.28,8,617.4,57952.54791666667
0,240.0,4.31,8,617.4,57952.54861111111
0,243.0,4.37,9,617.4,57952.549305555556
0,245.0,4.45,10,617.4,57952.55
0,247.0,4.54,10,617.4,57952.55069444444
0,249.0,4.64,11,617.4,57952.55138888889
0,251.0,4.75,11,617.4,57952.552083333336
0,265.0,4.85,11,617.4,57952.552777777775
0,265.0,4.93,12,617.4,57952.55347222222
0,264.0,5.01,12,617.4,57952.55416666667
0,264.0,5.05,12,617.4,57952.55486111111
0,264.0,5.08,12,617.4,57952.555555555555
0,250.0,5.07,11,617.4,57952.55625
0,230.0,5.04,11,617.4,57952.55694444444
0,230.0,4.96,11,617.4,57952.55763888889
0,229.0,4.86,11,617.4,57952.558333333334
0,229.0,4.76,10,617.4,57952.55902777778
0,229.0,4.68,10,617.4,57952.55972222222
0,229.0,4.62,10,617.4,57952.56041666667
0,229.0,4.57,10,617.4,57952.561111111114
0,229.0,4.52,10,617.4,57952.56180555555
0,229.0,4.49,10,617.4,57952.5625
0,229.0,4.48,10,617.3,57952.56319444445
0,229.0,4.49,10,617.3,57952.563888888886
0,228.0,4.49,10,617.3,57952.56458333333
0,228.0,4.51,9,617.3,57952.56527777778
0,228.0,4.53,9,617.3,57952.56597222222
0,228.0,4.56,9,617.4,57952.566666666666
0,228.0,4.61,10,617.4,57952.56736111111
0,228.0,4.67,11,617.4,57952.56805555556
0,226.0,4.72,11,617.4,57952.56875
0,226.0,4.79,11,617.4,57952.569444444445
0,227.0,4.84,11,617.4,57952.57013888889
0,227.0,4.88,11,617.4,57952.57083333333
0,227.0,4.91,11,617.4,57952.57152777778
0,227.0,4.94,11,617.4,57952.572222222225
0,227.0,4.97,12,617.4,57952.572916666664
0,227.0,5.01,12,617.4,57952.57361111111
0,226.0,5.03,11,617.4,57952.57430555556
0,225.0,5.07,12,617.4,57952.575
0,225.0,5.11,12,617.4,57952.575694444444
0,225.0,5.15,12,617.4,57952.57638888889
0,225.0,5.18,12,617.4,57952.57708333333
0,225.0,5.22,12,617.4,57952.57777777778
0,225.0,5.24,13,617.4,57952.57847222222
0,225.0,5.25,13,617.4,57952.57916666667
0,47.0,5.23,12,617.4,57952.57986111111
0,46.0,5.17,12,617.4,57952.580555555556
0,46.0,5.06,11,617.4,57952.58125
0,46.0,4.94,10,617.4,57952.58194444444
0,41.0,4.82,10,617.4,57952.58263888889
0,34.0,4.7,10,617.4,57952.583333333336
0,39.0,4.59,10,617.4,57952.584027777775
0,60.0,4.48,10,617.4,57952.58472222222
0,72.0,4.36,9,617.4,57952.58541666667
0,90.0,4.23,9,617.4,57952.58611111111
0,153.0,4.11,9,617.4,57952.586805555555
0,221.0,4.03,11,617.4,57952.5875
0,232.0,4.01,12,617.4,57952.58819444444
0,231.0,4.04,13,617.4,57952.58888888889
0,230.0,4.08,12,617.4,57952.589583333334
0,229.0,4.15,12,617.4,57952.59027777778
0,229.0,4.22,13,617.4,57952.59097222222
0,229.0,4.29,12,617.4,57952.59166666667
0,229.0,4.35,12,617.4,57952.592361111114
0,229.0,4.4,12,617.4,57952.59305555555
0,229.0,4.44,12,617.4,57952.59375
0,230.0,4.48,13,617.4,57952.59444444445
0,231.0,4.53,14,617.4,57952.595138888886
0,236.0,4.56,14,617.4,57952.59583333333
0,236.0,4.59,14,617.4,57952.59652777778
0,235.0,4.62,14,617.4,57952.59722222222
1,238.0,4.66,15,617.4,57952.597916666666
2,235.0,4.72,15,617.5,57952.59861111111
2,239.0,4.77,15,617.5,57952.59930555556
1,235.0,4.81,15,617.5,57952.6
1,236.0,4.84,15,617.5,57952.600694444445
0,229.0,4.87,15,617.5,57952.60138888889
0,227.0,4.89,15,617.5,57952.60208333333
0,221.0,4.92,15,617.5,57952.60277777778
0,222.0,4.94,15,617.5,57952.603472222225
0,224.0,4.96,15,617.5,57952.604166666664
0,225.0,4.99,15,617.5,57952.60486111111
0,225.0,5.01,15,617.5,57952.60555555556
0,224.0,5.04,16,617.5,57952.60625
0,224.0,5.05,17,617.5,57952.606944444444
0,224.0,5.07,17,617.5,57952.60763888889
0,226.0,5.07,17,617.5,57952.60833333333
0,193.0,5.04,17,617.5,57952.60902777778
1,186.0,4.99,15,617.5,57952.60972222222
4,209.0,4.93,14,617.5,57952.61041666667
6,223.0,4.86,14,617.5,57952.61111111111
6,210.0,4.81,15,617.5,57952.611805555556
6,222.0,4.76,15,617.5,57952.6125
5,221.0,4.72,14,617.5,57952.61319444444
4,215.0,4.68,14,617.5,57952.61388888889
4,222.0,4.64,13,617.5,57952.614583333336
2,230.0,4.62,13,617.5,57952.615277777775
2,233.0,4.62,14,617.5,57952.61597222222
1,239.0,4.62,14,617.5,57952.61666666667
1,240.0,4.62,14,617.5,57952.61736111111
2,244.0,4.61,13,617.5,57952.618055555555
1,248.0,4.57,13,617.5,57952.61875
1,242.0,4.5,12,617.5,57952.61944444444
1,245.0,4.41,12,617.5,57952.62013888889
0,263.0,4.31,12,617.5,57952.620833333334
2,261.0,4.21,14,617.6,57952.62152777778
8,266.0,4.15,21,617.6,57952.62222222222
8,250.0,4.13,22,617.6,57952.62291666667
7,247.0,4.13,20,617.6,57952.623611111114
4,245.0,4.14,19,617.6,57952.62430555555
2,264.0,4.13,17,617.5,57952.625
2,268.0,4.13,15,617.5,57952.62569444445
0,265.0,4.14,15,617.5,57952.626388888886
0,265.0,4.16,15,617.5,57952.62708333333
0,264.0,4.18,15,617.5,57952.62777777778
0,252.0,4.21,14,617.5,57952.62847222222
0,253.0,4.22,14,617.5,57952.629166666666
0,256.0,4.22,14,617.5,57952.62986111111
1,252.0,4.22,14,617.5,57952.63055555556
1,261.0,4.2,14,617.5,57952.63125
3,254.0,4.19,14,617.5,57952.631944444445
4,254.0,4.17,14,617.5,57952.63263888889
4,256.0,4.19,13,617.5,57952.63333333333
2,261.0,4.22,13,617.5,57952.63402777778
1,255.0,4.25,13,617.5,57952.634722222225
0,254.0,4.28,13,617.5,57952.635416666664
0,259.0,4.28,13,617.6,57952.63611111111
0,260.0,4.28,13,617.6,57952.63680555556
0,262.0,4.28,13,617.6,57952.6375
0,267.0,4.28,13,617.6,57952.638194444444
0,269.0,4.28,12,617.6,57952.63888888889
0,271.0,4.29,12,617.6,57952.63958333333
0,274.0,4.31,12,617.6,57952.64027777778
0,275.0,4.33,11,617.6,57952.64097222222
0,278.0,4.35,11,617.6,57952.64166666667
0,281.0,4.38,11,617.6,57952.64236111111
0,280.0,4.41,11,617.6,57952.643055555556
0,280.0,4.43,11,617.6,57952.64375
0,298.0,4.46,11,617.6,57952.64444444444
0,307.0,4.48,11,617.6,57952.64513888889
0,308.0,4.5,11,617.6,57952.645833333336
0,316.0,4.5,11,617.6,57952.646527777775
0,321.0,4.49,11,617.6,57952.64722222222
0,322.0,4.47,11,617.6,57952.64791666667
0,328.0,4.44,11,617.6,57952.64861111111
0,328.0,4.41,11,617.6,57952.649305555555
0,328.0,4.37,11,617.6,57952.65
0,328.0,4.34,11,617.6,57952.65069444444
0,328.0,4.33,11,617.6,57952.65138888889
0,328.0,4.31,11,617.6,57952.652083333334
0,328.0,4.29,11,617.7,57952.65277777778
0,328.0,4.26,11,617.7,57952.65347222222
0,328.0,4.24,11,617.7,57952.65416666667
0,328.0,4.21,11,617.7,57952.654861111114
0,328.0,4.19,11,617.7,57952.65555555555
0,326.0,4.16,11,617.7,57952.65625
0,319.0,4.13,11,617.7,57952.65694444445
0,310.0,4.14,11,617.7,57952.657638888886
0,307.0,4.16,11,617.7,57952.65833333333
0,301.0,4.19,11,617.7,57952.65902777778
0,299.0,4.21,12,617.7,57952.65972222222
0,296.0,4.23,12,617.7,57952.660416666666
0,295.0,4.23,12,617.7,57952.66111111111
0,293.0,4.22,12,617.7,57952.66180555556
0,293.0,4.23,12,617.7,57952.6625
0,293.0,4.24,12,617.7,57952.663194444445
0,290.0,4.25,12,617.7,57952.66388888889
0,290.0,4.26,12,617.7,57952.66458333333
0,289.0,4.28,12,617.7,57952.66527777778
0,269.0,4.24,12,617.7,57952.665972222225
0,246.0,4.2,12,617.7,57952.666666666664
1,230.0,4.15,13,617.7,57952.66736111111
1,245.0,4.07,13,617.7,57952.66805555556
0,244.0,4.02,13,617.7,57952.66875
0,235.0,3.97,13,617.7,57952.669444444444
0,238.0,3.95,13,617.7,57952.67013888889
0,238.0,3.95,13,617.7,57952.67083333333
0,237.0,3.95,13,617.7,57952.67152777778
0,233.0,3.97,13,617.8,57952.67222222222
0,237.0,3.99,13,617.8,57952.67291666667
0,239.0,4.02,13,617.8,57952.67361111111
0,240.0,4.04,13,617.8,57952.674305555556
0,242.0,4.04,13,617.8,57952.675
0,239.0,4.02,14,617.8,57952.67569444444
0,237.0,4.02,14,617.8,57952.67638888889
1,242.0,4.04,16,617.8,57952.677083333336
2,241.0,4.07,16,617.8,57952.677777777775
2,219.0,4.1,19,617.8,57952.67847222222
1,230.0,4.12,20,617.8,57952.67916666667
4,229.0,4.13,17,617.8,57952.67986111111
4,252.0,4.12,16,617.8,57952.680555555555
3,244.0,4.1,15,617.8,57952.68125
3,238.0,4.1,15,617.8,57952.68194444444
3,242.0,4.1,15,617.8,57952.68263888889
4,219.0,4.1,16,617.8,57952.683333333334
4,246.0,4.1,17,617.8,57952.68402777778
4,242.0,4.09,18,617.9,57952.68472222222
5,242.0,4.08,17,617.9,57952.68541666667
6,239.0,4.07,17,617.9,57952.686111111114
6,240.0,4.07,16,617.9,57952.68680555555
5,244.0,4.06,16,617.9,57952.6875
5,244.0,4.06,16,617.9,57952.68819444445
5,245.0,4.07,17,617.9,57952.688888888886
4,240.0,4.07,17,617.9,57952.68958333333
4,241.0,4.09,17,617.9,57952.69027777778
4,241.0,4.11,18,617.9,57952.69097222222
3,219.0,4.15,18,617.9,57952.691666666666
3,241.0,4.16,18,617.9,57952.69236111111
3,250.0,4.18,18,617.9,57952.69305555556
1,239.0,4.18,18,618.0,57952.69375
0,249.0,4.19,18,618.0,57952.694444444445
0,249.0,4.19,19,618.0,57952.69513888889
0,254.0,4.21,20,618.0,57952.69583333333
0,255.0,4.24,20,618.0,57952.69652777778
0,255.0,4.25,20,618.0,57952.697222222225
0,255.0,4.28,20,618.0,57952.697916666664
0,255.0,4.29,21,618.0,57952.69861111111
0,255.0,4.31,22,618.0,57952.69930555556
0,255.0,4.34,25,618.0,57952.7
0,255.0,4.37,25,618.0,57952.700694444444
0,255.0,4.4,24,618.0,57952.70138888889
0,255.0,4.44,23,618.0,57952.70208333333
0,255.0,4.49,22,618.0,57952.70277777778
0,255.0,4.54,22,618.0,57952.70347222222
0,257.0,4.58,21,618.0,57952.70416666667
0,258.0,4.61,20,618.0,57952.70486111111
0,258.0,4.62,20,618.0,57952.705555555556
0,258.0,4.62,20,618.1,57952.70625
0,258.0,4.6,21,618.1,57952.70694444444
0,258.0,4.59,21,618.1,57952.70763888889
0,258.0,4.58,22,618.1,57952.708333333336
0,274.0,4.58,22,618.1,57952.709027777775
0,311.0,4.59,21,618.1,57952.70972222222
0,308.0,4.61,20,618.1,57952.71041666667
0,308.0,4.64,20,618.1,57952.71111111111
0,303.0,4.68,20,618.1,57952.711805555555
0,303.0,4.71,20,618.1,57952.7125
0,302.0,4.73,19,618.1,57952.71319444444
0,302.0,4.74,18,618.1,57952.71388888889
0,302.0,4.77,19,618.1,57952.714583333334
0,302.0,4.77,18,618.1,57952.71527777778
0,302.0,4.77,18,618.1,57952.71597222222
0,302.0,4.77,18,618.1,57952.71666666667
0,302.0,4.78,20,618.2,57952.717361111114
0,302.0,4.8,22,618.2,57952.71805555555
0,302.0,4.83,24,618.2,57952.71875
0,295.0,4.84,24,618.2,57952.71944444445
0,293.0,4.85,22,618.2,57952.720138888886
0,293.0,4.86,19,618.2,57952.72083333333
0,291.0,4.88,20,618.2,57952.72152777778
0,291.0,4.89,19,618.2,57952.72222222222
0,291.0,4.89,19,618.2,57952.722916666666
0,77.0,4.89,19,618.2,57952.72361111111
0,73.0,4.9,18,618.2,57952.72430555556
0,74.0,4.95,18,618.2,57952.725
0,116.0,5.02,18,618.2,57952.725694444445
0,171.0,5.1,18,618.2,57952.72638888889
0,172.0,5.15,17,618.3,57952.72708333333
0,172.0,5.18,17,618.3,57952.72777777778
0,172.0,5.2,17,618.3,57952.728472222225
0,172.0,5.21,17,618.3,57952.729166666664
0,172.0,5.22,17,618.2,57952.72986111111
0,192.0,5.22,17,618.2,57952.73055555556
0,226.0,5.21,17,618.2,57952.73125
0,229.0,5.21,17,618.2,57952.731944444444
0,235.0,5.22,17,618.2,57952.73263888889
0,235.0,5.22,17,618.2,57952.73333333333
0,237.0,5.21,17,618.2,57952.73402777778
0,268.0,5.21,16,618.2,57952.73472222222
1,275.0,5.2,15,618.2,57952.73541666667
0,266.0,5.21,15,618.3,57952.73611111111
0,268.0,5.22,15,618.3,57952.736805555556
0,266.0,5.23,14,618.3,57952.7375
0,267.0,5.24,14,618.3,57952.73819444444
0,267.0,5.25,14,618.3,57952.73888888889
0,251.0,5.26,14,618.3,57952.739583333336
0,264.0,5.28,14,618.3,57952.740277777775
0,254.0,5.3,14,618.3,57952.74097222222
0,276.0,5.33,14,618.3,57952.74166666667
0,248.0,5.35,14,618.3,57952.74236111111
1,266.0,5.38,14,618.3,57952.743055555555
3,265.0,5.39,14,618.3,57952.74375
2,259.0,5.41,14,618.3,57952.74444444444
4,282.0,5.41,14,618.3,57952.74513888889
4,264.0,5.41,14,618.3,57952.745833333334
3,226.0,5.41,14,618.3,57952.74652777778
3,226.0,5.43,14,618.4,57952.74722222222
3,218.0,5.44,14,618.4,57952.74791666667
1,221.0,5.46,13,618.4,57952.748611111114
0,223.0,5.47,13,618.4,57952.74930555555
1,229.0,5.5,13,618.4,57952.75
0,228.0,5.52,13,618.4,57952.75069444445
0,230.0,5.55,13,618.4,57952.751388888886
0,229.0,5.57,12,618.4,57952.75208333333
0,234.0,5.6,12,618.4,57952.75277777778
0,229.0,5.64,13,618.4,57952.75347222222
1,211.0,5.68,13,618.4,57952.754166666666
0,216.0,5.72,12,618.4,57952.75486111111
2,229.0,5.77,12,618.4,57952.75555555556
2,214.0,5.82,11,618.4,57952.75625
3,230.0,5.87,11,618.4,57952.756944444445
3,219.0,5.92,11,618.5,57952.75763888889
3,226.0,5.97,11,618.5,57952.75833333333
1,234.0,6.01,11,618.5,57952.75902777778
0,224.0,6.06,11,618.5,57952.759722222225
0,231.0,6.11,11,618.5,57952.760416666664
0,222.0,6.16,10,618.5,57952.76111111111
0,202.0,6.22,10,618.5,57952.76180555556
0,210.0,6.29,10,618.5,57952.7625
0,236.0,6.36,10,618.5,57952.763194444444
0,31.0,6.42,11,618.5,57952.76388888889
4,38.0,6.55,15,618.5,57952.76458333333
4,37.0,6.73,15,618.5,57952.76527777778
2,34.0,6.92,15,618.5,57952.76597222222
2,18.0,7.09,15,618.5,57952.76666666667
0,16.0,7.23,14,618.5,57952.76736111111
0,39.0,7.33,13,618.5,57952.768055555556
1,19.0,7.39,14,618.5,57952.76875
1,0.0,7.44,13,618.5,57952.76944444444
0,276.0,7.46,13,618.6,57952.77013888889
0,40.0,7.45,12,618.6,57952.770833333336
0,37.0,7.44,12,618.6,57952.771527777775
0,42.0,7.42,12,618.6,57952.77222222222
3,34.0,7.42,13,618.6,57952.77291666667
7,63.0,7.47,12,618.5,57952.77361111111
6,26.0,7.51,12,618.6,57952.774305555555
7,35.0,7.53,12,618.5,57952.775
7,47.0,7.56,12,618.6,57952.77569444444
3,69.0,7.56,13,618.5,57952.77638888889
1,86.0,7.51,13,618.6,57952.777083333334
1,16.0,7.49,14,618.6,57952.77777777778
2,318.0,7.53,14,618.6,57952.77847222222
0,16.0,7.59,14,618.6,57952.77916666667
0,49.0,7.62,13,618.6,57952.779861111114
1,7.0,7.65,13,618.6,57952.78055555555
4,23.0,7.67,13,618.6,57952.78125
4,32.0,7.67,13,618.6,57952.78194444445
1,351.0,7.67,13,618.6,57952.782638888886
0,6.0,7.64,12,618.6,57952.78333333333
0,204.0,7.58,13,618.6,57952.78402777778
0,200.0,7.5,13,618.6,57952.78472222222
0,221.0,7.42,13,618.6,57952.785416666666
0,109.0,7.37,13,618.6,57952.78611111111
0,263.0,7.34,12,618.7,57952.78680555556
0,291.0,7.33,12,618.7,57952.7875
1,255.0,7.31,12,618.7,57952.788194444445
2,269.0,7.29,13,618.7,57952.78888888889
1,236.0,7.27,14,618.7,57952.78958333333
1,246.0,7.29,13,618.7,57952.79027777778
1,252.0,7.34,13,618.7,57952.790972222225
0,255.0,7.37,13,618.6,57952.791666666664
0,213.0,7.41,13,618.7,57952.79236111111
0,253.0,7.43,13,618.7,57952.79305555556
0,257.0,7.46,13,618.7,57952.79375
0,256.0,7.5,13,618.7,57952.794444444444
0,54.0,7.53,14,618.7,57952.79513888889
0,54.0,7.57,16,618.7,57952.79583333333
1,28.0,7.61,18,618.7,57952.79652777778
2,31.0,7.64,18,618.7,57952.79722222222
1,32.0,7.65,18,618.7,57952.79791666667
1,68.0,7.7,18,618.7,57952.79861111111
1,73.0,7.77,18,618.8,57952.799305555556
0,73.0,7.79,17,618.8,57952.8
1,8.0,7.8,15,618.8,57952.80069444444
1,336.0,7.83,16,618.8,57952.80138888889
0,287.0,7.9,15,618.8,57952.802083333336
0,332.0,7.98,14,618.8,57952.802777777775
0,110.0,8.02,14,618.8,57952.80347222222
0,297.0,8.04,14,618.8,57952.80416666667
0,312.0,8.02,14,618.8,57952.80486111111
0,13.0,7.97,14,618.8,57952.805555555555
0,44.0,7.9,15,618.8,57952.80625
1,34.0,7.89,23,618.8,57952.80694444444
2,45.0,7.93,27,618.8,57952.80763888889
6,31.0,7.99,31,618.8,57952.808333333334
6,62.0,8.11,35,618.8,57952.80902777778
7,69.0,8.25,34,618.8,57952.80972222222
4,56.0,8.37,32,618.8,57952.81041666667
0,330.0,8.44,33,618.8,57952.811111111114
0,17.0,8.46,31,618.9,57952.81180555555
2,46.0,8.46,33,618.9,57952.8125
4,18.0,8.45,36,618.9,57952.81319444445
3,333.0,8.38,35,618.9,57952.813888888886
1,35.0,8.27,34,618.9,57952.81458333333
0,315.0,8.13,35,618.9,57952.81527777778
0,20.0,8.04,33,618.9,57952.81597222222
4,25.0,7.98,31,618.9,57952.816666666666
6,64.0,8.01,33,618.9,57952.81736111111
7,63.0,8.11,42,618.9,57952.81805555556
6,61.0,8.22,42,618.9,57952.81875
3,86.0,8.27,37,618.9,57952.819444444445
3,64.0,8.25,36,618.9,57952.82013888889
7,61.0,8.25,35,618.9,57952.82083333333
3,7.0,8.25,35,618.9,57952.82152777778
3,137.0,8.25,40,618.9,57952.822222222225
9,61.0,8.31,42,618.9,57952.822916666664
6,251.0,8.43,41,618.9,57952.82361111111
1,220.0,8.51,29,618.9,57952.82430555556
0,341.0,8.58,29,618.9,57952.825
8,90.0,8.72,38,618.9,57952.825694444444
3,94.0,8.86,42,618.9,57952.82638888889
0,110.0,8.91,39,618.9,57952.82708333333
1,60.0,8.96,37,619.0,57952.82777777778
1,24.0,9.05,37,619.0,57952.82847222222
0,58.0,9.14,38,619.0,57952.82916666667
0,42.0,9.19,39,619.0,57952.82986111111
0,15.0,9.22,41,619.0,57952.830555555556
3,14.0,9.23,41,619.0,57952.83125
5,17.0,9.25,41,619.0,57952.83194444444
6,22.0,9.28,40,619.0,57952.83263888889
3,26.0,9.28,39,619.0,57952.833333333336
7,49.0,9.24,41,619.0,57952.834027777775
14,54.0,9.18,42,619.0,57952.83472222222
15,56.0,9.16,41,618.9,57952.83541666667
13,49.0,9.16,41,618.9,57952.83611111111
11,40.0,9.12,41,619.0,57952.836805555555
15,35.0,9.06,44,618.9,57952.8375
15,41.0,9.03,45,619.0,57952.83819444444
16,57.0,8.99,49,619.0,57952.83888888889
16,24.0,8.92,50,618.9,57952.839583333334
15,37.0,8.91,49,619.0,57952.84027777778
11,18.0,8.89,50,619.0,57952.84097222222
8,346.0,8.89,50,619.0,57952.84166666667
8,54.0,8.89,48,619.0,57952.842361111114
10,65.0,8.92,48,619.0,57952.84305555555
7,59.0,8.99,49,619.0,57952.84375
9,65.0,9.05,50,619.0,57952.84444444445
8,48.0,9.04,48,619.0,57952.845138888886
8,58.0,8.97,48,619.0,57952.84583333333
13,23.0,8.92,52,619.0,57952.84652777778
20,53.0,8.95,59,618.9,57952.84722222222
21,50.0,9.03,60,618.9,57952.847916666666
21,35.0,9.07,59,619.0,57952.84861111111
18,54.0,9.07,57,619.0,57952.84930555556
14,51.0,9.0,56,619.0,57952.85
12,65.0,8.88,55,619.0,57952.850694444445
12,38.0,8.78,55,619.0,57952.85138888889
17,48.0,8.66,55,619.0,57952.85208333333
14,38.0,8.5,54,619.0,57952.85277777778
14,39.0,8.33,45,619.0,57952.853472222225
10,51.0,8.24,43,619.1,57952.854166666664
12,46.0,8.17,41,619.1,57952.85486111111
11,50.0,8.11,41,619.0,57952.85555555556
9,43.0,8.05,45,619.0,57952.85625
15,39.0,7.96,34,619.0,57952.856944444444
20,64.0,7.93,31,619.0,57952.85763888889
16,61.0,7.99,32,619.0,57952.85833333333
15,71.0,8.08,34,619.0,57952.85902777778
17,54.0,8.17,33,619.0,57952.85972222222
14,67.0,8.21,31,619.0,57952.86041666667
11,41.0,8.18,31,619.1,57952.86111111111
15,30.0,8.16,32,619.1,57952.861805555556
12,59.0,8.18,31,619.1,57952.8625
17,77.0,8.21,27,619.0,57952.86319444444
17,61.0,8.27,25,619.0,57952.86388888889
17,50.0,8.35,25,619.0,57952.864583333336
17,19.0,8.42,25,619.0,57952.865277777775
19,52.0,8.45,27,619.0,57952.86597222222
13,82.0,8.46,27,619.0,57952.86666666667
12,27.0,8.49,27,619.0,57952.86736111111
17,40.0,8.51,23,619.0,57952.868055555555
17,54.0,8.55,21,619.0,57952.86875
17,17.0,8.61,20,619.0,57952.86944444444
20,59.0,8.67,19,619.0,57952.87013888889
19,71.0,8.74,19,618.9,57952.870833333334
17,67.0,8.8,21,618.9,57952.87152777778
14,58.0,8.83,23,618.9,57952.87222222222
9,78.0,8.78,24,619.0,57952.87291666667
12,36.0,8.67,24,619.0,57952.873611111114
8,303.0,8.52,23,619.0,57952.87430555555
13,41.0,8.4,24,618.9,57952.875
17,65.0,8.4,26,618.9,57952.87569444445
17,108.0,8.45,28,618.9,57952.876388888886
12,41.0,8.46,30,618.9,57952.87708333333
18,43.0,8.46,29,618.9,57952.87777777778
15,43.0,8.47,31,618.9,57952.87847222222
17,32.0,8.47,34,618.9,57952.879166666666
16,51.0,8.52,42,618.9,57952.87986111111
14,342.0,8.54,45,618.9,57952.88055555556
16,40.0,8.52,43,618.9,57952.88125
12,77.0,8.49,43,618.9,57952.881944444445
7,53.0,8.44,42,619.0,57952.88263888889
13,85.0,8.37,48,618.9,57952.88333333333
18,53.0,8.32,46,618.9,57952.88402777778
16,38.0,8.27,44,618.9,57952.884722222225
16,73.0,8.23,49,618.9,57952.885416666664
16,61.0,8.14,46,619.0,57952.88611111111
13,86.0,8.04,39,619.0,57952.88680555556
14,60.0,7.95,45,618.9,57952.8875
17,53.0,7.86,45,618.9,57952.888194444444
15,57.0,7.82,42,619.0,57952.88888888889
14,58.0,7.85,48,619.0,57952.88958333333
16,46.0,7.84,45,618.9,57952.89027777778
16,90.0,7.81,41,618.9,57952.89097222222
16,62.0,7.81,39,619.0,57952.89166666667
15,74.0,7.82,38,619.0,57952.89236111111
11,75.0,7.79,32,619.0,57952.893055555556
8,72.0,7.73,31,619.0,57952.89375
12,72.0,7.66,27,619.1,57952.89444444444
12,56.0,7.64,27,619.0,57952.89513888889
9,72.0,7.64,30,619.1,57952.895833333336
7,108.0,7.57,28,619.0,57952.896527777775
8,32.0,7.5,29,619.0,57952.89722222222
9,81.0,7.48,31,619.0,57952.89791666667
6,50.0,7.49,31,619.0,57952.89861111111
13,70.0,7.53,30,619.0,57952.899305555555
12,75.0,7.61,28,619.0,57952.9
13,76.0,7.72,28,619.0,57952.90069444444
7,69.0,7.84,28,619.1,57952.90138888889
4,70.0,7.92,29,619.1,57952.902083333334
5,47.0,8.0,27,619.1,57952.90277777778
6,39.0,8.08,26,619.1,57952.90347222222
7,84.0,8.16,25,619.1,57952.90416666667
6,55.0,8.2,26,619.1,57952.904861111114
10,42.0,8.27,26,619.1,57952.90555555555
9,52.0,8.32,26,619.1,57952.90625
10,91.0,8.35,26,619.1,57952.90694444445
8,86.0,8.41,25,619.0,57952.907638888886
6,95.0,8.54,25,619.0,57952.90833333333
9,105.0,8.67,26,619.0,57952.90902777778
8,148.0,8.78,25,619.0,57952.90972222222
7,72.0,8.8,27,619.0,57952.910416666666
12,93.0,8.82,29,618.9,57952.91111111111
8,145.0,8.83,28,619.0,57952.91180555556
3,20.0,8.84,29,619.0,57952.9125
1,197.0,8.91,32,619.0,57952.913194444445
1,212.0,9.09,40,619.0,57952.91388888889
0,294.0,9.31,43,619.0,57952.91458333333
2,9.0,9.47,33,619.0,57952.91527777778
3,347.0,9.57,28,619.0,57952.915972222225
4,252.0,9.64,32,619.0,57952.916666666664
6,32.0,9.81,44,619.0,57952.91736111111
8,6.0,10.04,45,618.9,57952.91805555556
13,52.0,10.24,46,618.9,57952.91875
9,26.0,10.43,46,618.9,57952.919444444444
16,42.0,10.58,43,618.9,57952.92013888889
7,0.0,10.67,45,619.0,57952.92083333333
2,274.0,10.66,40,619.0,57952.92152777778
1,72.0,10.58,39,618.9,57952.92222222222
1,40.0,10.59,40,619.0,57952.92291666667
8,65.0,10.62,43,619.0,57952.92361111111
8,164.0,10.66,44,618.9,57952.924305555556
8,145.0,10.66,43,618.7,57952.925
12,41.0,10.69,46,618.7,57952.92569444444
17,103.0,10.77,46,618.5,57952.92638888889
9,60.0,10.87,46,618.6,57952.927083333336
8,88.0,10.98,46,618.8,57952.927777777775
6,68.0,11.05,45,618.8,57952.92847222222
8,76.0,11.02,44,618.8,57952.92916666667
6,171.0,10.88,45,618.8,57952.92986111111
2,118.0,10.74,49,618.9,57952.930555555555
5,55.0,10.63,48,618.8,57952.93125
4,55.0,10.51,47,618.8,57952.93194444444
6,45.0,10.35,47,618.8,57952.93263888889
12,81.0,10.17,47,618.8,57952.933333333334
9,44.0,10.0,47,618.8,57952.93402777778
7,67.0,9.81,47,618.8,57952.93472222222
13,74.0,9.68,46,618.8,57952.93541666667
5,114.0,9.63,50,618.8,57952.936111111114
9,37.0,9.64,46,618.8,57952.93680555555
8,30.0,9.68,47,618.9,57952.9375
8,38.0,9.72,48,618.9,57952.93819444445
3,74.0,9.81,45,618.9,57952.938888888886
1,172.0,9.88,48,618.8,57952.93958333333
2,32.0,9.93,46,618.9,57952.94027777778
9,74.0,9.92,44,618.8,57952.94097222222
12,66.0,9.93,43,618.8,57952.941666666666
11,54.0,9.95,45,618.8,57952.94236111111
8,64.0,10.0,43,618.8,57952.94305555556
12,46.0,10.05,43,618.8,57952.94375
10,33.0,10.17,40,618.8,57952.944444444445
12,43.0,10.33,42,618.8,57952.94513888889
11,26.0,10.49,46,618.8,57952.94583333333
11,352.0,10.65,47,618.8,57952.94652777778
14,48.0,10.78,41,618.8,57952.947222222225
17,34.0,10.84,41,618.8,57952.947916666664
16,26.0,10.87,39,618.7,57952.94861111111
12,45.0,10.84,41,618.7,57952.94930555556
14,32.0,10.76,41,618.7,57952.95
12,16.0,10.7,42,618.8,57952.950694444444
9,41.0,10.61,42,618.7,57952.95138888889
15,35.0,10.51,48,618.7,57952.95208333333
15,50.0,10.38,49,618.7,57952.95277777778
19,46.0,10.22,49,618.6,57952.95347222222
18,42.0,10.09,51,618.7,57952.95416666667
16,14.0,9.95,51,618.7,57952.95486111111
17,28.0,9.79,51,618.7,57952.955555555556
19,14.0,9.69,50,618.7,57952.95625
15,52.0,9.6,51,618.7,57952.95694444444
12,4.0,9.54,49,618.7,57952.95763888889
7,346.0,9.48,48,618.7,57952.958333333336
6,42.0,9.36,47,618.7,57952.959027777775
12,40.0,9.22,43,618.7,57952.95972222222
9,46.0,9.14,42,618.7,57952.96041666667
7,57.0,9.04,43,618.7,57952.96111111111
7,111.0,8.96,43,618.7,57952.961805555555
5,96.0,8.89,43,618.7,57952.9625
4,34.0,8.83,44,618.7,57952.96319444444
9,54.0,8.87,45,618.8,57952.96388888889
5,109.0,8.96,44,618.8,57952.964583333334
0,5.0,8.98,44,618.8,57952.96527777778
0,285.0,9.03,57,618.8,57952.96597222222
0,10.0,9.09,66,618.8,57952.96666666667
2,61.0,9.06,53,618.8,57952.967361111114
2,34.0,9.04,47,618.8,57952.96805555555
2,39.0,9.05,49,618.7,57952.96875
4,75.0,9.1,47,618.7,57952.96944444445
12,55.0,9.2,44,618.6,57952.970138888886
11,33.0,9.29,44,618.6,57952.97083333333
11,43.0,9.38,45,618.6,57952.97152777778
11,47.0,9.53,49,618.6,57952.97222222222
12,33.0,9.7,53,618.6,57952.972916666666
15,43.0,9.83,51,618.7,57952.97361111111
10,39.0,9.92,50,618.7,57952.97430555556
5,28.0,9.91,50,618.7,57952.975
4,48.0,9.81,50,618.8,57952.975694444445
1,57.0,9.69,49,618.8,57952.97638888889
1,37.0,9.61,56,618.7,57952.97708333333
2,87.0,9.57,54,618.7,57952.97777777778
3,85.0,9.6,51,618.7,57952.978472222225
6,39.0,9.64,51,618.7,57952.979166666664
13,34.0,9.74,52,618.6,57952.97986111111
14,19.0,9.92,52,618.6,57952.98055555556
8,39.0,10.14,53,618.6,57952.98125
9,47.0,10.29,51,618.6,57952.981944444444
11,42.0,10.31,50,618.6,57952.98263888889
13,30.0,10.21,50,618.6,57952.98333333333
11,4.0,10.06,51,618.6,57952.98402777778
4,35.0,9.83,52,618.7,57952.98472222222
5,20.0,9.6,51,618.7,57952.98541666667
4,278.0,9.41,56,618.6,57952.98611111111
4,272.0,9.29,60,618.6,57952.986805555556
9,0.0,9.18,58,618.6,57952.9875
6,15.0,9.14,56,618.6,57952.98819444444
7,42.0,9.17,57,618.6,57952.98888888889
7,25.0,9.21,59,618.6,57952.989583333336
14,16.0,9.3,58,618.6,57952.990277777775
13,0.0,9.38,58,618.6,57952.99097222222
12,30.0,9.36,56,618.6,57952.99166666667
15,31.0,9.27,57,618.5,57952.99236111111
14,61.0,9.22,58,618.6,57952.993055555555
11,330.0,9.23,58,618.6,57952.99375
12,36.0,9.26,58,618.6,57952.99444444444
12,339.0,9.34,59,618.6,57952.99513888889
7,338.0,9.44,58,618.5,57952.995833333334
8,4.0,9.51,58,618.5,57952.99652777778
10,16.0,9.61,57,618.5,57952.99722222222
7,77.0,9.65,58,618.5,57952.99791666667
5,6.0,9.64,58,618.5,57952.998611111114
10,48.0,9.66,57,618.5,57952.99930555555
6,24.0,9.76,57,618.5,57953.0
4,0.0,9.85,57,618.6,57953.00069444445
6,28.0,9.85,57,618.5,57953.001388888886
10,28.0,9.82,58,618.5,57953.00208333333
10,20.0,9.76,58,618.5,57953.00277777778
13,23.0,9.67,56,618.5,57953.00347222222
10,57.0,9.64,55,618.5,57953.004166666666
16,47.0,9.65,55,618.5,57953.00486111111
20,103.0,9.67,55,618.4,57953.00555555556
19,50.0,9.66,54,618.4,57953.00625
20,50.0,9.6,54,618.4,57953.006944444445
16,42.0,9.47,55,618.5,57953.00763888889
14,53.0,9.3,56,618.5,57953.00833333333
9,55.0,9.11,58,618.5,57953.00902777778
9,37.0,8.91,59,618.5,57953.009722222225
6,74.0,8.74,60,618.5,57953.010416666664
3,83.0,8.61,60,618.5,57953.01111111111
3,35.0,8.55,60,618.5,57953.01180555556
8,53.0,8.57,60,618.5,57953.0125
15,79.0,8.67,60,618.4,57953.013194444444
11,48.0,8.75,59,618.4,57953.01388888889
13,31.0,8.8,59,618.5,57953.01458333333
11,33.0,8.8,59,618.5,57953.01527777778
9,36.0,8.81,59,618.5,57953.01597222222
8,36.0,8.83,60,618.5,57953.01666666667
10,47.0,8.83,62,618.5,57953.01736111111
14,32.0,8.84,61,618.5,57953.018055555556
14,32.0,8.89,61,618.5,57953.01875
11,18.0,8.97,61,618.5,57953.01944444444
12,33.0,9.02,64,618.5,57953.02013888889
8,40.0,9.0,63,618.5,57953.020833333336
11,55.0,8.93,62,618.5,57953.021527777775
10,41.0,8.9,60,618.5,57953.02222222222
9,48.0,8.92,60,618.5,57953.02291666667
15,46.0,8.95,59,618.4,57953.02361111111
10,39.0,8.98,60,618.4,57953.024305555555
10,35.0,8.98,59,618.4,57953.025
11,43.0,8.98,59,618.5,57953.02569444444
7,79.0,8.94,59,618.5,57953.02638888889
2,58.0,8.86,60,618.5,57953.027083333334
1,75.0,8.75,60,618.5,57953.02777777778
1,51.0,8.65,59,618.4,57953.02847222222
7,65.0,8.63,57,618.4,57953.02916666667
8,82.0,8.71,57,618.4,57953.029861111114
5,93.0,8.78,58,618.4,57953.03055555555
6,35.0,8.87,59,618.4,57953.03125
15,49.0,8.98,61,618.4,57953.03194444445
11,24.0,9.08,61,618.4,57953.032638888886
6,14.0,9.09,61,618.4,57953.03333333333
6,45.0,9.02,61,618.4,57953.03402777778
8,28.0,8.92,61,618.4,57953.03472222222
10,354.0,8.82,62,618.5,57953.035416666666
7,21.0,8.67,60,618.5,57953.03611111111
13,41.0,8.53,53,618.5,57953.03680555556
12,41.0,8.44,50,618.5,57953.0375
14,76.0,8.36,50,618.5,57953.038194444445
13,78.0,8.3,47,618.5,57953.03888888889
9,99.0,8.26,49,618.5,57953.03958333333
6,73.0,8.2,48,618.5,57953.04027777778
7,82.0,8.13,49,618.5,57953.040972222225
7,22.0,8.04,51,618.5,57953.041666666664
8,344.0,7.95,53,618.5,57953.04236111111
5,45.0,7.86,54,618.5,57953.04305555556
3,62.0,7.78,55,618.5,57953.04375
2,80.0,7.71,50,618.5,57953.044444444444
4,64.0,7.63,47,618.5,57953.04513888889
5,76.0,7.55,47,618.5,57953.04583333333
3,89.0,7.46,49,618.5,57953.04652777778
5,44.0,7.37,49,618.4,57953.04722222222
12,94.0,7.3,48,618.4,57953.04791666667
11,70.0,7.27,48,618.4,57953.04861111111
11,54.0,7.27,47,618.4,57953.049305555556
9,95.0,7.24,47,618.4,57953.05
9,84.0,7.23,47,618.4,57953.05069444444
9,68.0,7.21,50,618.4,57953.05138888889
6,51.0,7.17,50,618.4,57953.052083333336
5,69.0,7.11,50,618.4,57953.052777777775
2,63.0,7.05,51,618.4,57953.05347222222
0,64.0,7.02,52,618.4,57953.05416666667
0,175.0,7.0,53,618.4,57953.05486111111
0,174.0,7.02,54,618.4,57953.055555555555
0,41.0,7.07,55,618.4,57953.05625
4,64.0,7.19,53,618.4,57953.05694444444
11,65.0,7.38,45,618.4,57953.05763888889
9,91.0,7.59,42,618.4,57953.058333333334
7,50.0,7.76,42,618.3,57953.05902777778
10,66.0,7.88,37,618.3,57953.05972222222
10,86.0,8.02,33,618.3,57953.06041666667
7,56.0,8.13,33,618.3,57953.061111111114
10,41.0,8.22,32,618.3,57953.06180555555
11,67.0,8.29,31,618.3,57953.0625
11,84.0,8.39,34,618.3,57953.06319444445
13,44.0,8.47,41,618.3,57953.063888888886
10,5.0,8.5,40,618.3,57953.06458333333
16,39.0,8.53,41,618.3,57953.06527777778
13,64.0,8.59,42,618.3,57953.06597222222
16,22.0,8.66,43,618.3,57953.066666666666
18,37.0,8.69,46,618.3,57953.06736111111
14,35.0,8.7,47,618.3,57953.06805555556
12,54.0,8.64,49,618.3,57953.06875
15,52.0,8.54,51,618.3,57953.069444444445
12,43.0,8.4,51,618.3,57953.07013888889
12,67.0,8.25,50,618.3,57953.07083333333
15,57.0,8.14,48,618.3,57953.07152777778
13,45.0,8.02,44,618.3,57953.072222222225
10,81.0,7.92,44,618.3,57953.072916666664
9,90.0,7.83,43,618.3,57953.07361111111
8,58.0,7.76,44,618.3,57953.07430555556
12,47.0,7.68,40,618.3,57953.075
11,51.0,7.62,39,618.3,57953.075694444444
7,56.0,7.57,42,618.3,57953.07638888889
8,67.0,7.5,36,618.3,57953.07708333333
11,79.0,7.46,34,618.3,57953.07777777778
11,93.0,7.46,36,618.2,57953.07847222222
10,80.0,7.43,32,618.2,57953.07916666667
9,84.0,7.38,32,618.3,57953.07986111111
10,98.0,7.36,32,618.2,57953.080555555556
5,39.0,7.36,32,618.3,57953.08125
8,58.0,7.34,31,618.3,57953.08194444444
10,73.0,7.33,30,618.3,57953.08263888889
11,16.0,7.33,31,618.3,57953.083333333336
12,78.0,7.36,29,618.2,57953.084027777775
10,56.0,7.41,30,618.2,57953.08472222222
11,80.0,7.46,25,618.2,57953.08541666667
11,80.0,7.5,19,618.2,57953.08611111111
9,72.0,7.55,19,618.2,57953.086805555555
8,67.0,7.61,22,618.3,57953.0875
11,74.0,7.65,28,618.3,57953.08819444444
8,97.0,7.65,31,618.2,57953.08888888889
10,94.0,7.63,30,618.2,57953.089583333334
9,92.0,7.6,30,618.2,57953.09027777778
8,46.0,7.58,29,618.2,57953.09097222222
11,62.0,7.55,28,618.3,57953.09166666667
11,74.0,7.55,26,618.2,57953.092361111114
9,86.0,7.57,26,618.3,57953.09305555555
8,48.0,7.58,25,618.3,57953.09375
9,74.0,7.58,24,618.3,57953.09444444445
11,67.0,7.58,22,618.2,57953.095138888886
10,121.0,7.59,22,618.2,57953.09583333333
9,52.0,7.65,24,618.2,57953.09652777778
11,74.0,7.75,24,618.2,57953.09722222222
11,80.0,7.81,24,618.2,57953.097916666666
10,79.0,7.82,24,618.2,57953.09861111111
9,91.0,7.79,24,618.2,57953.09930555556
10,100.0,7.74,23,618.2,57953.1
8,62.0,7.69,21,618.2,57953.100694444445
10,90.0,7.65,21,618.2,57953.10138888889
9,86.0,7.62,21,618.2,57953.10208333333
8,74.0,7.56,21,618.2,57953.10277777778
10,83.0,7.48,22,618.2,57953.103472222225
9,85.0,7.42,23,618.3,57953.104166666664
7,55.0,7.33,24,618.3,57953.10486111111
8,120.0,7.27,21,618.3,57953.10555555556
7,92.0,7.24,20,618.3,57953.10625
7,44.0,7.22,20,618.3,57953.106944444444
6,97.0,7.19,19,618.3,57953.10763888889
5,67.0,7.17,16,618.3,57953.10833333333
7,87.0,7.16,15,618.2,57953.10902777778
5,95.0,7.16,14,618.3,57953.10972222222
5,103.0,7.18,13,618.3,57953.11041666667
4,98.0,7.21,13,618.3,57953.11111111111
4,65.0,7.22,13,618.3,57953.111805555556
5,41.0,7.24,13,618.3,57953.1125
6,55.0,7.24,12,618.3,57953.11319444444
9,38.0,7.27,12,618.3,57953.11388888889
8,63.0,7.31,12,618.3,57953.114583333336
7,83.0,7.35,13,618.4,57953.115277777775
4,105.0,7.36,14,618.4,57953.11597222222
1,65.0,7.34,14,618.4,57953.11666666667
0,109.0,7.31,14,618.4,57953.11736111111
0,103.0,7.29,15,618.4,57953.118055555555
0,203.0,7.28,15,618.4,57953.11875
0,173.0,7.32,23,618.3,57953.11944444444
0,97.0,7.4,29,618.3,57953.12013888889
0,150.0,7.45,26,618.3,57953.120833333334
0,223.0,7.5,26,618.3,57953.12152777778
3,232.0,7.6,26,618.3,57953.12222222222
5,214.0,7.71,24,618.4,57953.12291666667
1,105.0,7.83,21,618.4,57953.123611111114
0,127.0,7.99,18,618.4,57953.12430555555
2,60.0,8.13,18,618.4,57953.125
3,222.0,8.24,20,618.4,57953.12569444445
4,70.0,8.33,21,618.4,57953.126388888886
2,96.0,8.42,21,618.4,57953.12708333333
3,160.0,8.52,26,618.4,57953.12777777778
1,174.0,8.63,26,618.4,57953.12847222222
0,142.0,8.72,26,618.4,57953.129166666666
1,298.0,8.8,28,618.4,57953.12986111111
2,214.0,8.87,28,618.4,57953.13055555556
0,220.0,8.94,27,618.4,57953.13125
1,87.0,9.0,29,618.4,57953.131944444445
1,90.0,9.02,23,618.4,57953.13263888889
5,68.0,8.99,20,618.3,57953.13333333333
7,104.0,8.92,18,618.3,57953.13402777778
7,99.0,8.8,16,618.3,57953.134722222225
5,138.0,8.68,18,618.2,57953.135416666664
3,158.0,8.59,19,618.3,57953.13611111111
1,91.0,8.49,16,618.3,57953.13680555556
3,86.0,8.37,13,618.3,57953.1375
6,93.0,8.22,12,618.3,57953.138194444444
6,89.0,8.04,11,618.3,57953.13888888889
5,121.0,7.84,11,618.3,57953.13958333333
2,168.0,7.66,11,618.3,57953.14027777778
3,220.0,7.55,11,618.3,57953.14097222222
2,155.0,7.51,12,618.3,57953.14166666667
0,93.0,7.47,11,618.3,57953.14236111111
0,101.0,7.39,11,618.4,57953.143055555556
1,97.0,7.32,11,618.4,57953.14375
3,116.0,7.24,11,618.4,57953.14444444444
2,97.0,7.17,11,618.4,57953.14513888889
1,169.0,7.11,11,618.4,57953.145833333336
0,92.0,7.1,11,618.3,57953.146527777775
2,114.0,7.12,11,618.3,57953.14722222222
0,104.0,7.15,11,618.3,57953.14791666667
0,82.0,7.13,11,618.3,57953.14861111111
0,102.0,7.09,11,618.3,57953.149305555555
0,118.0,7.04,12,618.4,57953.15
0,93.0,6.98,12,618.4,57953.15069444444
0,90.0,6.88,11,618.4,57953.15138888889
0,90.0,6.75,11,618.4,57953.152083333334
0,54.0,6.64,11,618.4,57953.15277777778
0,71.0,6.55,10,618.4,57953.15347222222
0,11.0,6.46,11,618.4,57953.15416666667
0,100.0,6.39,11,618.4,57953.154861111114
0,88.0,6.34,11,618.4,57953.15555555555
0,82.0,6.31,11,618.4,57953.15625
0,94.0,6.3,11,618.4,57953.15694444445
0,124.0,6.3,11,618.4,57953.157638888886
0,152.0,6.3,11,618.4,57953.15833333333
0,145.0,6.33,11,618.4,57953.15902777778
0,133.0,6.4,12,618.4,57953.15972222222
0,198.0,6.5,13,618.4,57953.160416666666
0,212.0,6.65,18,618.4,57953.16111111111
0,245.0,6.84,20,618.4,57953.16180555556
0,262.0,7.02,22,618.4,57953.1625
0,316.0,7.17,20,618.4,57953.163194444445
0,253.0,7.32,19,618.4,57953.16388888889
0,147.0,7.48,20,618.5,57953.16458333333
0,184.0,7.62,14,618.5,57953.16527777778
0,200.0,7.71,13,618.5,57953.165972222225
0,220.0,7.77,13,618.5,57953.166666666664
0,22.0,7.82,13,618.5,57953.16736111111
0,65.0,7.88,12,618.5,57953.16805555556
0,144.0,7.88,10,618.5,57953.16875
0,189.0,7.85,12,618.5,57953.169444444444
0,143.0,7.81,10,618.5,57953.17013888889
0,102.0,7.77,9,618.5,57953.17083333333
0,123.0,7.73,9,618.5,57953.17152777778
0,106.0,7.71,9,618.5,57953.17222222222
0,115.0,7.66,9,618.5,57953.17291666667
0,101.0,7.57,9,618.5,57953.17361111111
1,97.0,7.45,8,618.5,57953.174305555556
0,101.0,7.3,9,618.5,57953.175
0,83.0,7.13,9,618.6,57953.17569444444
0,86.0,6.94,9,618.6,57953.17638888889
0,78.0,6.74,9,618.6,57953.177083333336
0,79.0,6.56,9,618.6,57953.177777777775
0,82.0,6.39,9,618.6,57953.17847222222
0,88.0,6.25,9,618.6,57953.17916666667
0,87.0,6.12,9,618.6,57953.17986111111
0,97.0,6.0,9,618.6,57953.180555555555
0,107.0,5.89,9,618.6,57953.18125
0,105.0,5.79,9,618.6,57953.18194444444
0,112.0,5.71,8,618.6,57953.18263888889
0,104.0,5.67,8,618.7,57953.183333333334
0,125.0,5.67,8,618.7,57953.18402777778
0,106.0,5.7,8,618.7,57953.18472222222
0,108.0,5.74,8,618.7,57953.18541666667
0,106.0,5.75,8,618.7,57953.186111111114
0,106.0,5.75,7,618.7,57953.18680555555
0,99.0,5.75,7,618.7,57953.1875
0,102.0,5.72,7,618.7,57953.18819444445
0,103.0,5.71,7,618.8,57953.188888888886
0,101.0,5.68,7,618.8,57953.18958333333
0,101.0,5.65,7,618.8,57953.19027777778
0,100.0,5.63,7,618.8,57953.19097222222
0,104.0,5.6,7,618.8,57953.191666666666
0,102.0,5.57,7,618.8,57953.19236111111
0,102.0,5.54,7,618.8,57953.19305555556
0,103.0,5.52,7,618.8,57953.19375
0,107.0,5.5,7,618.8,57953.194444444445
0,108.0,5.48,7,618.8,57953.19513888889
0,104.0,5.47,7,618.8,57953.19583333333
0,103.0,5.46,7,618.8,57953.19652777778
0,106.0,5.44,7,618.8,57953.197222222225
0,111.0,5.42,7,618.8,57953.197916666664
0,109.0,5.4,7,618.8,57953.19861111111
0,107.0,5.37,8,618.8,57953.19930555556
0,110.0,5.33,8,618.8,57953.2
0,111.0,5.3,8,618.8,57953.200694444444
0,109.0,5.28,8,618.8,57953.20138888889
0,109.0,5.26,8,618.8,57953.20208333333
0,107.0,5.26,8,618.8,57953.20277777778
0,88.0,5.28,8,618.8,57953.20347222222
0,89.0,5.3,8,618.8,57953.20416666667
0,85.0,5.32,8,618.8,57953.20486111111
0,93.0,5.35,8,618.8,57953.205555555556
0,88.0,5.38,8,618.8,57953.20625
0,91.0,5.38,8,618.8,57953.20694444444
0,94.0,5.38,8,618.8,57953.20763888889
0,90.0,5.37,8,618.8,57953.208333333336
0,92.0,5.34,8,618.9,57953.209027777775
0,93.0,5.31,8,618.9,57953.20972222222
0,92.0,5.27,8,618.9,57953.21041666667
0,95.0,5.25,8,618.9,57953.21111111111
0,105.0,5.22,8,618.9,57953.211805555555
0,102.0,5.21,8,618.9,57953.2125
0,98.0,5.22,8,618.9,57953.21319444444
0,97.0,5.24,8,618.9,57953.21388888889
0,100.0,5.26,8,618.9,57953.214583333334
0,101.0,5.28,9,619.0,57953.21527777778
0,110.0,5.29,9,619.0,57953.21597222222
0,108.0,5.31,9,619.0,57953.21666666667
0,109.0,5.32,9,619.0,57953.217361111114
0,104.0,5.33,9,618.9,57953.21805555555
0,89.0,5.35,9,618.9,57953.21875
0,84.0,5.37,9,618.9,57953.21944444445
0,83.0,5.39,9,618.9,57953.220138888886
0,80.0,5.41,9,619.0,57953.22083333333
0,83.0,5.41,9,619.0,57953.22152777778
0,90.0,5.41,10,619.0,57953.22222222222
0,96.0,5.38,11,619.0,57953.222916666666
0,90.0,5.33,10,619.0,57953.22361111111
0,90.0,5.28,12,619.0,57953.22430555556
0,91.0,5.24,13,619.0,57953.225
0,93.0,5.21,13,619.0,57953.225694444445
0,110.0,5.2,13,619.0,57953.22638888889
0,116.0,5.2,13,619.0,57953.22708333333
0,116.0,5.22,11,619.0,57953.22777777778
0,115.0,5.23,10,619.0,57953.228472222225
0,99.0,5.27,10,619.0,57953.229166666664
1,101.0,5.32,10,619.0,57953.22986111111
1,104.0,5.32,11,619.0,57953.23055555556
2,105.0,5.32,12,619.0,57953.23125
2,110.0,5.28,12,619.0,57953.231944444444
2,100.0,5.24,13,619.0,57953.23263888889
1,100.0,5.2,13,619.0,57953.23333333333
0,96.0,5.17,13,619.0,57953.23402777778
1,95.0,5.15,14,619.0,57953.23472222222
1,93.0,5.14,14,619.0,57953.23541666667
2,92.0,5.14,14,619.0,57953.23611111111
2,97.0,5.12,13,619.0,57953.236805555556
2,98.0,5.11,13,619.0,57953.2375
3,102.0,5.09,13,619.0,57953.23819444444
2,102.0,5.08,13,619.0,57953.23888888889
1,111.0,5.07,14,619.1,57953.239583333336
0,112.0,5.08,14,619.1,57953.240277777775
0,107.0,5.08,13,619.1,57953.24097222222
1,105.0,5.08,12,619.1,57953.24166666667
2,99.0,5.12,11,619.1,57953.24236111111
3,96.0,5.15,11,619.1,57953.243055555555
4,95.0,5.16,11,619.1,57953.24375
3,94.0,5.13,11,619.1,57953.24444444444
2,91.0,5.11,10,619.1,57953.24513888889
2,91.0,5.1,10,619.1,57953.245833333334
1,94.0,5.1,10,619.1,57953.24652777778
0,98.0,5.11,10,619.1,57953.24722222222
0,99.0,5.13,10,619.1,57953.24791666667
0,102.0,5.15,10,619.1,57953.248611111114
0,102.0,5.19,10,619.1,57953.24930555555
0,102.0,5.22,10,619.1,57953.25
0,101.0,5.23,10,619.1,57953.25069444445
1,104.0,5.24,10,619.1,57953.251388888886
1,108.0,5.26,10,619.1,57953.25208333333
1,103.0,5.26,10,619.1,57953.25277777778
1,103.0,5.26,11,619.1,57953.25347222222
0,102.0,5.29,11,619.1,57953.254166666666
0,101.0,5.3,10,619.1,57953.25486111111
0,102.0,5.32,10,619.2,57953.25555555556
0,103.0,5.35,10,619.2,57953.25625
0,104.0,5.38,9,619.2,57953.256944444445
0,105.0,5.42,9,619.2,57953.25763888889
0,104.0,5.45,9,619.2,57953.25833333333
0,104.0,5.49,9,619.2,57953.25902777778
0,106.0,5.51,9,619.2,57953.259722222225
0,107.0,5.52,10,619.2,57953.260416666664
0,119.0,5.52,10,619.2,57953.26111111111
1,112.0,5.51,11,619.2,57953.26180555556
1,106.0,5.5,11,619.2,57953.2625
1,114.0,5.48,10,619.2,57953.263194444444
1,107.0,5.47,10,619.2,57953.26388888889
1,115.0,5.46,10,619.2,57953.26458333333
1,118.0,5.46,10,619.2,57953.26527777778
1,115.0,5.45,11,619.3,57953.26597222222
1,117.0,5.46,13,619.3,57953.26666666667
1,116.0,5.44,13,619.3,57953.26736111111
1,118.0,5.43,13,619.3,57953.268055555556
1,118.0,5.41,13,619.3,57953.26875
0,126.0,5.41,14,619.3,57953.26944444444
0,135.0,5.41,14,619.3,57953.27013888889
0,126.0,5.4,15,619.3,57953.270833333336
0,116.0,5.38,14,619.3,57953.271527777775
0,141.0,5.38,15,619.3,57953.27222222222
0,123.0,5.37,15,619.3,57953.27291666667
0,131.0,5.36,15,619.3,57953.27361111111
0,128.0,5.35,14,619.3,57953.274305555555
0,137.0,5.35,14,619.4,57953.275
0,132.0,5.35,14,619.4,57953.27569444444
0,132.0,5.36,15,619.4,57953.27638888889
0,132.0,5.38,16,619.4,57953.277083333334
0,125.0,5.38,15,619.4,57953.27777777778
0,120.0,5.38,16,619.4,57953.27847222222
0,124.0,5.38,17,619.4,57953.27916666667
0,115.0,5.38,17,619.4,57953.279861111114
0,108.0,5.35,17,619.4,57953.28055555555
1,113.0,5.32,14,619.4,57953.28125
1,114.0,5.32,15,619.4,57953.28194444445
2,122.0,5.31,16,619.4,57953.282638888886
1,131.0,5.29,16,619.4,57953.28333333333
0,133.0,5.29,17,619.4,57953.28402777778
0,138.0,5.26,16,619.4,57953.28472222222
0,139.0,5.25,14,619.4,57953.285416666666
0,169.0,5.25,14,619.4,57953.28611111111
0,170.0,5.27,14,619.4,57953.28680555556
0,185.0,5.29,16,619.4,57953.2875
0,144.0,5.31,18,619.4,57953.288194444445
0,139.0,5.31,20,619.4,57953.28888888889
0,168.0,5.29,19,619.4,57953.28958333333
1,126.0,5.26,22,619.4,57953.29027777778
0,134.0,5.23,23,619.4,57953.290972222225
0,132.0,5.18,23,619.4,57953.291666666664
0,109.0,5.14,23,619.5,57953.29236111111
0,123.0,5.1,20,619.5,57953.29305555556
0,125.0,5.06,16,619.5,57953.29375
0,132.0,5.05,15,619.5,57953.294444444444
0,146.0,5.05,15,619.5,57953.29513888889
0,231.0,5.07,15,619.5,57953.29583333333
0,139.0,5.08,15,619.5,57953.29652777778
0,129.0,5.11,15,619.5,57953.29722222222
0,137.0,5.13,15,619.5,57953.29791666667
0,123.0,5.15,16,619.5,57953.29861111111
0,133.0,5.17,16,619.5,57953.299305555556
0,134.0,5.19,17,619.5,57953.3
0,139.0,5.2,18,619.5,57953.30069444444
0,132.0,5.2,19,619.6,57953.30138888889
0,139.0,5.2,16,619.6,57953.302083333336
0,128.0,5.2,15,619.6,57953.302777777775
0,133.0,5.21,14,619.6,57953.30347222222
0,131.0,5.23,13,619.6,57953.30416666667
0,131.0,5.26,13,619.6,57953.30486111111
0,106.0,5.31,14,619.6,57953.305555555555
0,98.0,5.37,15,619.6,57953.30625
0,88.0,5.42,15,619.6,57953.30694444444
0,85.0,5.48,15,619.6,57953.30763888889
0,85.0,5.51,15,619.6,57953.308333333334
0,82.0,5.53,13,619.6,57953.30902777778
0,82.0,5.53,13,619.6,57953.30972222222
0,84.0,5.53,12,619.7,57953.31041666667
0,82.0,5.54,13,619.7,57953.311111111114
0,84.0,5.56,15,619.7,57953.31180555555
0,84.0,5.58,14,619.7,57953.3125
0,86.0,5.61,16,619.7,57953.31319444445
0,90.0,5.63,16,619.7,57953.313888888886
0,90.0,5.63,15,619.7,57953.31458333333
0,96.0,5.62,16,619.7,57953.31527777778
0,100.0,5.6,15,619.7,57953.31597222222
0,103.0,5.58,13,619.7,57953.316666666666
0,112.0,5.57,13,619.7,57953.31736111111
0,119.0,5.57,12,619.7,57953.31805555556
0,120.0,5.57,13,619.7,57953.31875
0,122.0,5.56,14,619.7,57953.319444444445
0,128.0,5.56,16,619.7,57953.32013888889
0,135.0,5.54,18,619.6,57953.32083333333
0,190.0,5.5,23,619.6,57953.32152777778
0,134.0,5.42,21,619.6,57953.322222222225
0,141.0,5.35,19,619.6,57953.322916666664
0,120.0,5.29,17,619.6,57953.32361111111
0,137.0,5.26,20,619.6,57953.32430555556
0,138.0,5.25,22,619.6,57953.325
0,134.0,5.2,20,619.6,57953.325694444444
1,136.0,5.19,24,619.6,57953.32638888889
1,164.0,5.16,25,619.6,57953.32708333333
1,196.0,5.12,23,619.6,57953.32777777778
0,161.0,5.07,23,619.6,57953.32847222222
0,194.0,5.03,22,619.6,57953.32916666667
0,186.0,5.01,20,619.6,57953.32986111111
0,181.0,4.99,19,619.6,57953.330555555556
0,176.0,5.01,22,619.6,57953.33125
0,182.0,5.01,22,619.6,57953.33194444444
1,188.0,5.01,22,619.7,57953.33263888889
2,179.0,5.02,23,619.7,57953.333333333336
2,189.0,5.01,24,619.7,57953.334027777775
2,176.0,5.0,23,619.7,57953.33472222222
2,188.0,4.98,22,619.7,57953.33541666667
3,190.0,4.96,22,619.7,57953.33611111111
2,184.0,4.93,22,619.7,57953.336805555555
3,187.0,4.92,21,619.7,57953.3375
3,185.0,4.9,20,619.7,57953.33819444444
4,192.0,4.89,20,619.6,57953.33888888889
3,191.0,4.89,21,619.6,57953.339583333334
3,188.0,4.89,21,619.6,57953.34027777778
4,186.0,4.87,21,619.6,57953.34097222222
4,184.0,4.85,21,619.6,57953.34166666667
4,180.0,4.82,21,619.6,57953.342361111114
3,186.0,4.8,21,619.6,57953.34305555555
3,180.0,4.8,21,619.6,57953.34375
3,186.0,4.81,21,619.6,57953.34444444445
3,184.0,4.83,21,619.6,57953.345138888886
2,178.0,4.86,21,619.6,57953.34583333333
1,183.0,4.9,21,619.6,57953.34652777778
0,184.0,4.92,21,619.6,57953.34722222222
1,189.0,4.95,21,619.7,57953.347916666666
1,182.0,4.96,20,619.7,57953.34861111111
1,192.0,4.96,20,619.7,57953.34930555556
0,190.0,4.98,20,619.7,57953.35
0,187.0,4.98,21,619.7,57953.350694444445
0,185.0,4.98,21,619.7,57953.35138888889
0,181.0,4.99,21,619.7,57953.35208333333
1,182.0,4.99,20,619.7,57953.35277777778
1,177.0,5.01,20,619.7,57953.353472222225
1,184.0,5.02,20,619.7,57953.354166666664
1,173.0,5.03,20,619.7,57953.35486111111
1,190.0,5.04,20,619.6,57953.35555555556
2,184.0,5.05,20,619.6,57953.35625
1,175.0,5.04,19,619.6,57953.356944444444
1,175.0,5.04,19,619.6,57953.35763888889
2,166.0,5.03,21,619.6,57953.35833333333
2,176.0,5.02,20,619.6,57953.35902777778
1,202.0,5.01,21,619.6,57953.35972222222
1,182.0,5.01,21,619.6,57953.36041666667
1,181.0,5.01,21,619.6,57953.36111111111
1,172.0,5.01,21,619.6,57953.361805555556
1,177.0,5.01,22,619.6,57953.3625
2,185.0,5.0,21,619.6,57953.36319444444
3,162.0,4.99,19,619.6,57953.36388888889
3,182.0,4.98,17,619.6,57953.364583333336
4,175.0,4.97,16,619.6,57953.365277777775
4,178.0,4.96,17,619.6,57953.36597222222
3,176.0,4.96,16,619.6,57953.36666666667
3,199.0,4.97,18,619.6,57953.36736111111
4,190.0,4.98,18,619.6,57953.368055555555
4,192.0,4.98,19,619.6,57953.36875
2,182.0,4.99,19,619.6,57953.36944444444
1,200.0,4.98,19,619.6,57953.37013888889
1,193.0,4.99,18,619.6,57953.370833333334
1,165.0,5.0,20,619.6,57953.37152777778
1,174.0,5.0,18,619.6,57953.37222222222
1,166.0,5.0,19,619.6,57953.37291666667
1,178.0,5.01,21,619.6,57953.373611111114
1,184.0,5.02,24,619.6,57953.37430555555
3,165.0,5.01,25,619.6,57953.375
3,174.0,5.02,24,619.6,57953.37569444445
3,147.0,5.01,22,619.6,57953.376388888886
2,182.0,5.01,23,619.6,57953.37708333333
3,182.0,5.0,23,619.6,57953.37777777778
4,181.0,4.98,22,619.6,57953.37847222222
4,187.0,4.98,21,619.6,57953.379166666666
3,183.0,4.98,23,619.6,57953.37986111111
3,190.0,4.99,25,619.6,57953.38055555556
2,193.0,4.99,23,619.6,57953.38125
3,204.0,4.99,23,619.6,57953.381944444445
4,199.0,4.99,20,619.6,57953.38263888889
3,207.0,5.0,21,619.6,57953.38333333333
2,198.0,5.01,19,619.6,57953.38402777778
3,186.0,5.01,20,619.6,57953.384722222225
2,171.0,5.02,17,619.6,57953.385416666664
2,195.0,5.01,16,619.6,57953.38611111111
2,180.0,5.02,15,619.6,57953.38680555556
3,188.0,5.02,15,619.6,57953.3875
3,189.0,5.04,16,619.6,57953.388194444444
2,183.0,5.03,14,619.6,57953.38888888889
2,183.0,5.03,16,619.6,57953.38958333333
3,179.0,5.05,17,619.6,57953.39027777778
3,189.0,5.05,18,619.6,57953.39097222222
3,198.0,5.05,20,619.6,57953.39166666667
3,194.0,5.07,20,619.6,57953.39236111111
5,210.0,5.07,18,619.6,57953.393055555556
4,189.0,5.07,17,619.6,57953.39375
4,186.0,5.07,14,619.6,57953.39444444444
4,200.0,5.06,12,619.6,57953.39513888889
3,186.0,5.05,11,619.6,57953.395833333336
2,187.0,5.05,11,619.6,57953.396527777775
1,184.0,5.05,11,619.6,57953.39722222222
1,198.0,5.04,11,619.6,57953.39791666667
1,188.0,5.04,11,619.6,57953.39861111111
2,191.0,5.03,11,619.6,57953.399305555555
3,182.0,5.04,12,619.6,57953.4
3,185.0,5.05,12,619.5,57953.40069444444
4,200.0,5.05,12,619.5,57953.40138888889
4,191.0,5.07,12,619.5,57953.402083333334
5,190.0,5.08,12,619.5,57953.40277777778
6,195.0,5.1,12,619.5,57953.40347222222
6,176.0,5.11,11,619.5,57953.40416666667
5,177.0,5.13,12,619.5,57953.404861111114
4,208.0,5.13,12,619.5,57953.40555555555
2,182.0,5.11,12,619.5,57953.40625
2,189.0,5.11,11,619.5,57953.40694444445
1,178.0,5.1,11,619.5,57953.407638888886
2,187.0,5.1,11,619.5,57953.40833333333
2,192.0,5.1,12,619.5,57953.40902777778
1,203.0,5.1,11,619.5,57953.40972222222
1,189.0,5.09,11,619.5,57953.410416666666
2,187.0,5.08,11,619.5,57953.41111111111
3,189.0,5.08,11,619.5,57953.41180555556
4,189.0,5.08,11,619.5,57953.4125
3,182.0,5.09,11,619.5,57953.413194444445
4,189.0,5.11,12,619.5,57953.41388888889
3,179.0,5.12,14,619.5,57953.41458333333
4,190.0,5.13,15,619.5,57953.41527777778
3,186.0,5.11,15,619.5,57953.415972222225
