wind_speed,wind_direction,temperature,relative_humidity,pressure,mjd
19,57.0,1.6,46,620.0,57988.416666666664
19,54.0,1.58,46,620.0,57988.41736111111
19,60.0,1.55,44,620.0,57988.41805555556
21,56.0,1.52,40,619.9,57988.41875
20,56.0,1.51,39,619.9,57988.419444444444
22,59.0,1.49,38,619.9,57988.42013888889
21,64.0,1.48,36,619.9,57988.42083333333
22,50.0,1.47,34,619.9,57988.42152777778
20,74.0,1.47,36,619.9,57988.42222222222
21,60.0,1.48,34,619.9,57988.42291666667
21,57.0,1.48,32,619.9,57988.42361111111
23,54.0,1.49,31,619.8,57988.424305555556
20,61.0,1.5,31,619.8,57988.425
21,60.0,1.51,31,619.8,57988.42569444444
21,53.0,1.51,31,619.8,57988.42638888889
21,64.0,1.5,30,619.8,57988.427083333336
22,55.0,1.49,30,619.9,57988.427777777775
20,65.0,1.48,29,619.9,57988.42847222222
20,55.0,1.48,29,619.9,57988.42916666667
20,56.0,1.47,29,619.9,57988.42986111111
20,48.0,1.47,29,619.8,57988.430555555555
20,56.0,1.47,29,619.8,57988.43125
20,56.0,1.47,28,619.8,57988.43194444444
19,52.0,1.45,28,619.8,57988.43263888889
19,59.0,1.45,28,619.8,57988.433333333334
20,39.0,1.44,28,619.8,57988.43402777778
21,56.0,1.44,28,619.8,57988.43472222222
22,62.0,1.44,28,619.8,57988.43541666667
20,60.0,1.42,28,619.8,57988.436111111114
20,39.0,1.41,28,619.8,57988.43680555555
18,63.0,1.39,28,619.8,57988.4375
18,55.0,1.37,28,619.8,57988.43819444445
18,50.0,1.35,27,619.8,57988.438888888886
17,50.0,1.35,27,619.8,57988.43958333333
19,56.0,1.35,27,619.8,57988.44027777778
18,62.0,1.34,27,619.8,57988.44097222222
20,56.0,1.33,27,619.8,57988.441666666666
18,63.0,1.32,27,619.8,57988.44236111111
19,67.0,1.32,27,619.8,57988.44305555556
20,51.0,1.31,27,619.8,57988.44375
21,56.0,1.31,26,619.8,57988.444444444445
20,53.0,1.32,27,619.8,57988.44513888889
20,54.0,1.32,26,619.8,57988.44583333333
20,60.0,1.32,26,619.8,57988.44652777778
20,62.0,1.33,26,619.8,57988.447222222225
20,58.0,1.34,26,619.8,57988.447916666664
20,54.0,1.35,26,619.7,57988.44861111111
20,60.0,1.35,26,619.7,57988.44930555556
20,56.0,1.35,27,619.7,57988.45
22,59.0,1.35,27,619.7,57988.450694444444
21,47.0,1.33,26,619.7,57988.45138888889
22,55.0,1.32,26,619.7,57988.45208333333
21,48.0,1.32,26,619.7,57988.45277777778
20,53.0,1.34,26,619.7,57988.45347222222
19,62.0,1.35,26,619.7,57988.45416666667
18,53.0,1.35,26,619.8,57988.45486111111
18,63.0,1.35,26,619.7,57988.455555555556
19,55.0,1.35,26,619.7,57988.45625
20,59.0,1.35,26,619.7,57988.45694444444
20,64.0,1.35,26,619.7,57988.45763888889
18,56.0,1.36,26,619.7,57988.458333333336
18,53.0,1.37,26,619.7,57988.459027777775
18,55.0,1.38,26,619.7,57988.45972222222
19,57.0,1.38,26,619.7,57988.46041666667
18,36.0,1.39,26,619.6,57988.46111111111
18,55.0,1.41,26,619.6,57988.461805555555
19,66.0,1.42,26,619.6,57988.4625
17,54.0,1.41,26,619.6,57988.46319444444
18,46.0,1.41,26,619.6,57988.46388888889
18,56.0,1.41,26,619.6,57988.464583333334
18,55.0,1.41,26,619.6,57988.46527777778
18,47.0,1.4,26,619.6,57988.46597222222
16,55.0,1.39,26,619.6,57988.46666666667
17,65.0,1.41,26,619.6,57988.467361111114
17,51.0,1.41,28,619.6,57988.46805555555
17,63.0,1.41,27,619.6,57988.46875
18,53.0,1.42,26,619.5,57988.46944444445
16,60.0,1.43,26,619.5,57988.470138888886
17,53.0,1.43,28,619.5,57988.47083333333
17,50.0,1.43,28,619.5,57988.47152777778
17,56.0,1.42,27,619.5,57988.47222222222
17,49.0,1.44,27,619.5,57988.472916666666
17,52.0,1.44,26,619.5,57988.47361111111
19,58.0,1.46,29,619.5,57988.47430555556
18,43.0,1.49,32,619.5,57988.475
18,48.0,1.5,33,619.5,57988.475694444445
17,48.0,1.53,34,619.5,57988.47638888889
17,34.0,1.56,37,619.5,57988.47708333333
17,47.0,1.58,38,619.5,57988.47777777778
17,51.0,1.6,38,619.5,57988.478472222225
16,52.0,1.6,39,619.5,57988.479166666664
17,50.0,1.62,40,619.5,57988.47986111111
16,32.0,1.63,40,619.5,57988.48055555556
16,53.0,1.63,38,619.5,57988.48125
15,48.0,1.63,40,619.5,57988.481944444444
15,52.0,1.64,41,619.4,57988.48263888889
16,29.0,1.66,42,619.4,57988.48333333333
16,48.0,1.68,43,619.4,57988.48402777778
16,61.0,1.69,43,619.4,57988.48472222222
15,54.0,1.68,42,619.4,57988.48541666667
16,63.0,1.66,42,619.4,57988.48611111111
16,50.0,1.66,43,619.4,57988.486805555556
15,51.0,1.66,43,619.4,57988.4875
15,50.0,1.65,43,619.4,57988.48819444444
16,55.0,1.64,44,619.4,57988.48888888889
16,55.0,1.64,45,619.4,57988.489583333336
15,43.0,1.64,42,619.4,57988.490277777775
15,52.0,1.64,43,619.3,57988.49097222222
16,40.0,1.65,44,619.3,57988.49166666667
19,65.0,1.64,44,619.3,57988.49236111111
16,44.0,1.65,45,619.3,57988.493055555555
16,50.0,1.66,45,619.3,57988.49375
16,52.0,1.66,45,619.3,57988.49444444444
16,39.0,1.66,45,619.3,57988.49513888889
17,39.0,1.66,45,619.3,57988.495833333334
18,45.0,1.68,45,619.3,57988.49652777778
18,40.0,1.69,44,619.3,57988.49722222222
18,46.0,1.69,44,619.3,57988.49791666667
19,64.0,1.69,43,619.3,57988.498611111114
18,43.0,1.69,44,619.2,57988.49930555555
18,39.0,1.68,42,619.2,57988.5
18,45.0,1.66,42,619.2,57988.50069444445
17,50.0,1.65,40,619.2,57988.501388888886
18,64.0,1.63,39,619.2,57988.50208333333
19,42.0,1.62,42,619.2,57988.50277777778
17,43.0,1.6,40,619.2,57988.50347222222
18,51.0,1.6,40,619.2,57988.504166666666
18,33.0,1.6,43,619.2,57988.50486111111
18,42.0,1.61,44,619.2,57988.50555555556
18,48.0,1.61,45,619.1,57988.50625
20,48.0,1.6,42,619.1,57988.506944444445
20,44.0,1.59,43,619.1,57988.50763888889
19,41.0,1.58,44,619.1,57988.50833333333
19,34.0,1.58,42,619.1,57988.50902777778
21,42.0,1.57,41,619.1,57988.509722222225
23,45.0,1.57,40,619.1,57988.510416666664
23,36.0,1.58,41,619.1,57988.51111111111
22,50.0,1.59,40,619.1,57988.51180555556
21,43.0,1.6,41,619.0,57988.5125
22,43.0,1.62,43,619.0,57988.513194444444
19,47.0,1.63,40,619.0,57988.51388888889
20,36.0,1.63,39,619.0,57988.51458333333
20,44.0,1.64,40,619.0,57988.51527777778
22,42.0,1.65,41,619.0,57988.51597222222
21,43.0,1.64,41,619.0,57988.51666666667
21,40.0,1.63,40,619.0,57988.51736111111
19,43.0,1.63,38,619.0,57988.518055555556
22,62.0,1.63,38,619.0,57988.51875
20,44.0,1.62,36,619.0,57988.51944444444
22,44.0,1.59,30,618.9,57988.52013888889
20,48.0,1.57,28,618.9,57988.520833333336
20,37.0,1.57,27,618.9,57988.521527777775
21,37.0,1.57,30,619.0,57988.52222222222
20,48.0,1.57,29,618.9,57988.52291666667
21,48.0,1.56,27,619.0,57988.52361111111
22,41.0,1.55,27,619.0,57988.524305555555
20,46.0,1.56,28,619.0,57988.525
20,38.0,1.56,29,619.0,57988.52569444444
21,59.0,1.56,34,619.0,57988.52638888889
22,41.0,1.57,37,618.9,57988.527083333334
21,39.0,1.57,40,618.9,57988.52777777778
20,69.0,1.59,39,618.9,57988.52847222222
19,46.0,1.6,39,618.9,57988.52916666667
19,42.0,1.62,40,618.9,57988.529861111114
19,34.0,1.63,40,619.0,57988.53055555555
20,37.0,1.63,38,619.0,57988.53125
21,42.0,1.63,38,619.0,57988.53194444445
20,46.0,1.62,35,618.9,57988.532638888886
20,51.0,1.61,34,618.9,57988.53333333333
19,44.0,1.62,34,619.0,57988.53402777778
19,45.0,1.62,33,619.0,57988.53472222222
19,47.0,1.62,35,619.0,57988.535416666666
18,35.0,1.62,35,619.0,57988.53611111111
18,38.0,1.62,34,619.0,57988.53680555556
19,41.0,1.62,33,619.0,57988.5375
19,52.0,1.62,33,619.0,57988.538194444445
18,47.0,1.63,32,619.0,57988.53888888889
19,54.0,1.63,32,619.0,57988.53958333333
19,45.0,1.64,32,619.0,57988.54027777778
20,45.0,1.65,32,619.0,57988.540972222225
21,39.0,1.66,31,619.0,57988.541666666664
20,40.0,1.65,29,618.9,57988.54236111111
19,36.0,1.66,27,619.0,57988.54305555556
18,40.0,1.67,27,619.0,57988.54375
17,44.0,1.69,28,619.0,57988.544444444444
17,28.0,1.69,28,619.0,57988.54513888889
17,43.0,1.71,29,619.0,57988.54583333333
18,52.0,1.72,29,619.0,57988.54652777778
16,33.0,1.72,28,619.0,57988.54722222222
16,45.0,1.74,29,618.9,57988.54791666667
17,57.0,1.76,29,618.9,57988.54861111111
17,53.0,1.78,29,619.0,57988.549305555556
19,46.0,1.79,29,619.0,57988.55
18,45.0,1.8,28,619.0,57988.55069444444
20,42.0,1.8,28,619.0,57988.55138888889
19,46.0,1.78,27,619.0,57988.552083333336
19,46.0,1.78,26,618.9,57988.552777777775
19,44.0,1.75,25,618.9,57988.55347222222
21,47.0,1.75,25,618.9,57988.55416666667
20,40.0,1.75,25,618.9,57988.55486111111
20,47.0,1.75,25,618.9,57988.555555555555
20,41.0,1.75,25,618.9,57988.55625
19,53.0,1.75,26,618.9,57988.55694444444
21,39.0,1.75,26,618.9,57988.55763888889
21,40.0,1.75,27,618.9,57988.558333333334
22,40.0,1.75,26,618.9,57988.55902777778
21,48.0,1.76,26,618.9,57988.55972222222
20,38.0,1.78,25,618.9,57988.56041666667
18,45.0,1.78,25,618.9,57988.561111111114
18,46.0,1.78,25,618.9,57988.56180555555
18,33.0,1.78,24,618.8,57988.5625
20,28.0,1.78,24,618.8,57988.56319444445
20,39.0,1.78,24,618.8,57988.563888888886
20,56.0,1.75,24,618.8,57988.56458333333
19,35.0,1.75,24,618.8,57988.56527777778
19,38.0,1.75,25,618.8,57988.56597222222
19,34.0,1.75,24,618.9,57988.566666666666
18,40.0,1.74,24,618.8,57988.56736111111
18,43.0,1.72,25,618.8,57988.56805555556
20,44.0,1.71,25,618.8,57988.56875
20,37.0,1.69,25,618.8,57988.569444444445
19,39.0,1.67,25,618.8,57988.57013888889
18,42.0,1.65,25,618.8,57988.57083333333
20,47.0,1.62,25,618.8,57988.57152777778
22,43.0,1.6,25,618.8,57988.572222222225
22,35.0,1.58,25,618.8,57988.572916666664
21,43.0,1.56,25,618.8,57988.57361111111
21,38.0,1.55,25,618.8,57988.57430555556
20,43.0,1.54,25,618.8,57988.575
22,40.0,1.54,25,618.8,57988.575694444444
20,42.0,1.54,25,618.8,57988.57638888889
21,46.0,1.53,25,618.8,57988.57708333333
21,56.0,1.52,25,618.8,57988.57777777778
22,44.0,1.52,25,618.8,57988.57847222222
22,48.0,1.54,25,618.8,57988.57916666667
23,45.0,1.54,25,618.8,57988.57986111111
24,41.0,1.55,25,618.8,57988.580555555556
23,40.0,1.55,25,618.8,57988.58125
23,38.0,1.54,25,618.7,57988.58194444444
25,38.0,1.53,25,618.7,57988.58263888889
25,36.0,1.51,25,618.7,57988.583333333336
25,53.0,1.51,25,618.7,57988.584027777775
23,37.0,1.5,25,618.7,57988.58472222222
24,45.0,1.5,25,618.7,57988.58541666667
24,45.0,1.5,25,618.7,57988.58611111111
24,37.0,1.5,25,618.7,57988.586805555555
23,36.0,1.51,25,618.7,57988.5875
24,40.0,1.51,25,618.7,57988.58819444444
24,45.0,1.5,25,618.7,57988.58888888889
23,34.0,1.51,25,618.7,57988.589583333334
23,46.0,1.5,26,618.7,57988.59027777778
26,53.0,1.51,26,618.7,57988.59097222222
25,38.0,1.5,26,618.7,57988.59166666667
23,35.0,1.51,26,618.7,57988.592361111114
23,43.0,1.51,26,618.7,57988.59305555555
21,35.0,1.51,26,618.8,57988.59375
20,42.0,1.53,26,618.8,57988.59444444445
22,39.0,1.54,26,618.7,57988.595138888886
24,46.0,1.54,26,618.8,57988.59583333333
23,54.0,1.54,26,618.8,57988.59652777778
22,52.0,1.53,27,618.8,57988.59722222222
21,49.0,1.53,27,618.8,57988.597916666666
20,42.0,1.51,26,618.8,57988.59861111111
19,41.0,1.51,26,618.8,57988.59930555556
22,45.0,1.51,26,618.8,57988.6
22,47.0,1.52,25,618.8,57988.600694444445
21,48.0,1.53,25,618.8,57988.60138888889
20,34.0,1.53,25,618.8,57988.60208333333
19,40.0,1.52,25,618.8,57988.60277777778
19,36.0,1.52,25,618.8,57988.603472222225
20,45.0,1.51,25,618.8,57988.604166666664
20,39.0,1.49,26,618.9,57988.60486111111
20,46.0,1.48,26,618.8,57988.60555555556
21,49.0,1.47,27,618.9,57988.60625
20,47.0,1.47,27,618.9,57988.606944444444
20,47.0,1.47,26,618.9,57988.60763888889
20,48.0,1.47,26,618.9,57988.60833333333
19,27.0,1.47,26,618.9,57988.60902777778
20,55.0,1.47,26,618.9,57988.60972222222
20,33.0,1.48,25,618.9,57988.61041666667
19,50.0,1.48,26,618.9,57988.61111111111
19,48.0,1.48,27,618.9,57988.611805555556
19,50.0,1.48,26,618.9,57988.6125
19,34.0,1.47,26,618.9,57988.61319444444
18,33.0,1.45,25,618.9,57988.61388888889
19,44.0,1.44,26,618.9,57988.614583333336
18,40.0,1.43,26,618.9,57988.615277777775
20,43.0,1.41,26,618.9,57988.61597222222
19,51.0,1.41,25,618.9,57988.61666666667
19,37.0,1.4,27,619.0,57988.61736111111
19,45.0,1.4,29,619.0,57988.618055555555
18,45.0,1.4,30,619.0,57988.61875
18,54.0,1.41,31,619.0,57988.61944444444
19,50.0,1.42,32,618.9,57988.62013888889
20,45.0,1.44,33,618.9,57988.620833333334
19,46.0,1.47,34,618.9,57988.62152777778
19,50.0,1.49,35,618.9,57988.62222222222
19,41.0,1.53,34,618.9,57988.62291666667
19,36.0,1.56,34,618.9,57988.623611111114
19,53.0,1.59,33,618.9,57988.62430555555
17,58.0,1.62,33,619.0,57988.625
18,49.0,1.66,33,619.0,57988.62569444445
19,44.0,1.69,33,619.0,57988.626388888886
20,49.0,1.72,33,619.0,57988.62708333333
22,46.0,1.74,34,618.9,57988.62777777778
23,49.0,1.78,34,619.0,57988.62847222222
22,46.0,1.81,34,618.9,57988.629166666666
21,58.0,1.85,34,619.0,57988.62986111111
20,27.0,1.88,33,619.0,57988.63055555556
19,44.0,1.9,33,619.0,57988.63125
20,35.0,1.9,33,618.9,57988.631944444445
20,50.0,1.9,33,619.0,57988.63263888889
22,41.0,1.91,34,619.0,57988.63333333333
19,40.0,1.93,34,619.0,57988.63402777778
19,50.0,1.94,34,619.0,57988.634722222225
21,44.0,1.96,34,619.0,57988.635416666664
19,51.0,1.98,34,619.0,57988.63611111111
17,46.0,1.99,34,619.0,57988.63680555556
19,38.0,1.99,34,619.0,57988.6375
19,31.0,1.99,34,619.0,57988.638194444444
20,43.0,2.0,34,619.0,57988.63888888889
19,48.0,2.02,34,619.0,57988.63958333333
19,45.0,2.02,34,619.0,57988.64027777778
18,44.0,2.02,34,619.0,57988.64097222222
18,42.0,2.02,34,619.0,57988.64166666667
19,40.0,2.02,34,619.0,57988.64236111111
20,49.0,2.0,34,619.0,57988.643055555556
19,45.0,1.99,34,619.0,57988.64375
19,47.0,1.98,34,619.1,57988.64444444444
19,49.0,1.96,34,619.1,57988.64513888889
18,26.0,1.96,34,619.1,57988.645833333336
17,61.0,1.94,34,619.1,57988.646527777775
19,45.0,1.93,34,619.1,57988.64722222222
20,47.0,1.93,34,619.1,57988.64791666667
19,55.0,1.93,34,619.1,57988.64861111111
18,63.0,1.94,34,619.1,57988.649305555555
18,37.0,1.96,34,619.1,57988.65
18,53.0,1.96,34,619.1,57988.65069444444
17,58.0,1.96,34,619.1,57988.65138888889
17,54.0,1.96,34,619.1,57988.652083333334
17,53.0,1.96,35,619.1,57988.65277777778
18,36.0,1.95,35,619.1,57988.65347222222
19,64.0,1.93,34,619.1,57988.65416666667
17,58.0,1.91,35,619.1,57988.654861111114
18,53.0,1.9,35,619.1,57988.65555555555
18,50.0,1.89,35,619.1,57988.65625
16,51.0,1.88,35,619.1,57988.65694444445
16,48.0,1.87,35,619.1,57988.657638888886
17,49.0,1.87,35,619.1,57988.65833333333
18,54.0,1.86,35,619.1,57988.65902777778
18,48.0,1.85,35,619.1,57988.65972222222
20,50.0,1.85,34,619.1,57988.660416666666
19,62.0,1.86,34,619.1,57988.66111111111
17,52.0,1.87,34,619.1,57988.66180555556
17,54.0,1.87,35,619.1,57988.6625
18,55.0,1.87,35,619.1,57988.663194444445
17,50.0,1.85,35,619.1,57988.66388888889
17,44.0,1.84,35,619.1,57988.66458333333
18,57.0,1.81,35,619.1,57988.66527777778
18,51.0,1.78,35,619.2,57988.665972222225
16,47.0,1.78,35,619.2,57988.666666666664
16,50.0,1.76,35,619.2,57988.66736111111
15,53.0,1.75,35,619.2,57988.66805555556
14,50.0,1.73,35,619.2,57988.66875
14,53.0,1.72,35,619.2,57988.669444444444
15,52.0,1.72,35,619.2,57988.67013888889
15,50.0,1.72,35,619.2,57988.67083333333
14,47.0,1.73,35,619.2,57988.67152777778
14,44.0,1.74,35,619.2,57988.67222222222
15,48.0,1.75,35,619.2,57988.67291666667
14,57.0,1.76,35,619.2,57988.67361111111
15,46.0,1.78,35,619.2,57988.674305555556
15,54.0,1.79,35,619.2,57988.675
16,47.0,1.81,35,619.2,57988.67569444444
15,56.0,1.83,35,619.2,57988.67638888889
16,49.0,1.85,35,619.2,57988.677083333336
15,53.0,1.87,35,619.2,57988.677777777775
16,52.0,1.89,35,619.3,57988.67847222222
15,53.0,1.91,35,619.3,57988.67916666667
15,53.0,1.93,34,619.3,57988.67986111111
15,56.0,1.96,35,619.3,57988.680555555555
15,49.0,1.98,35,619.3,57988.68125
16,51.0,2.0,35,619.3,57988.68194444444
17,45.0,2.04,35,619.3,57988.68263888889
17,50.0,2.07,35,619.3,57988.683333333334
15,56.0,2.11,35,619.3,57988.68402777778
17,46.0,2.14,35,619.3,57988.68472222222
15,34.0,2.18,35,619.3,57988.68541666667
16,47.0,2.2,34,619.4,57988.686111111114
15,51.0,2.23,34,619.4,57988.68680555555
16,45.0,2.25,34,619.3,57988.6875
17,55.0,2.27,35,619.3,57988.68819444445
17,50.0,2.28,34,619.3,57988.688888888886
16,55.0,2.3,35,619.3,57988.68958333333
16,46.0,2.32,34,619.3,57988.69027777778
15,52.0,2.33,35,619.4,57988.69097222222
16,49.0,2.36,34,619.4,57988.691666666666
17,45.0,2.37,33,619.4,57988.69236111111
17,53.0,2.39,33,619.4,57988.69305555556
17,84.0,2.41,33,619.4,57988.69375
16,42.0,2.43,33,619.5,57988.694444444445
16,48.0,2.45,32,619.5,57988.69513888889
16,55.0,2.48,32,619.5,57988.69583333333
15,54.0,2.5,33,619.5,57988.69652777778
15,46.0,2.53,32,619.5,57988.697222222225
15,56.0,2.55,33,619.5,57988.697916666664
14,55.0,2.59,34,619.5,57988.69861111111
14,52.0,2.62,33,619.5,57988.69930555556
16,50.0,2.65,32,619.5,57988.7
16,47.0,2.68,32,619.5,57988.700694444444
15,50.0,2.7,31,619.5,57988.70138888889
17,58.0,2.72,31,619.5,57988.70208333333
16,50.0,2.73,31,619.5,57988.70277777778
16,68.0,2.76,31,619.6,57988.70347222222
16,46.0,2.78,31,619.6,57988.70416666667
15,39.0,2.8,31,619.5,57988.70486111111
16,45.0,2.82,31,619.5,57988.705555555556
16,56.0,2.84,31,619.5,57988.70625
17,50.0,2.86,32,619.6,57988.70694444444
16,52.0,2.88,32,619.6,57988.70763888889
18,52.0,2.88,31,619.6,57988.708333333336
16,52.0,2.88,31,619.6,57988.709027777775
15,44.0,2.89,32,619.7,57988.70972222222
16,45.0,2.89,31,619.7,57988.71041666667
17,54.0,2.91,32,619.7,57988.71111111111
17,49.0,2.93,32,619.7,57988.711805555555
15,54.0,2.95,32,619.7,57988.7125
13,50.0,2.97,32,619.7,57988.71319444444
16,42.0,3.0,32,619.6,57988.71388888889
16,59.0,3.03,32,619.6,57988.714583333334
16,48.0,3.06,32,619.6,57988.71527777778
16,58.0,3.09,32,619.6,57988.71597222222
17,42.0,3.12,32,619.6,57988.71666666667
18,52.0,3.14,32,619.6,57988.717361111114
18,58.0,3.16,33,619.7,57988.71805555555
16,45.0,3.19,32,619.7,57988.71875
17,54.0,3.19,31,619.6,57988.71944444445
17,47.0,3.2,31,619.6,57988.720138888886
17,56.0,3.2,31,619.6,57988.72083333333
18,57.0,3.21,32,619.7,57988.72152777778
18,46.0,3.21,31,619.7,57988.72222222222
17,50.0,3.21,32,619.7,57988.722916666666
16,37.0,3.21,32,619.7,57988.72361111111
18,49.0,3.22,32,619.7,57988.72430555556
18,46.0,3.24,32,619.7,57988.725
17,59.0,3.27,32,619.8,57988.725694444445
16,40.0,3.28,33,619.8,57988.72638888889
17,61.0,3.31,33,619.7,57988.72708333333
17,53.0,3.34,33,619.8,57988.72777777778
16,42.0,3.36,32,619.8,57988.728472222225
18,46.0,3.4,33,619.8,57988.729166666664
17,56.0,3.43,33,619.8,57988.72986111111
17,56.0,3.46,33,619.8,57988.73055555556
18,55.0,3.5,33,619.8,57988.73125
16,47.0,3.52,32,619.8,57988.731944444444
17,55.0,3.54,32,619.7,57988.73263888889
17,53.0,3.55,33,619.8,57988.73333333333
18,58.0,3.55,33,619.8,57988.73402777778
19,50.0,3.55,34,619.8,57988.73472222222
17,56.0,3.57,34,619.8,57988.73541666667
18,62.0,3.58,34,619.8,57988.73611111111
19,48.0,3.61,33,619.8,57988.736805555556
17,47.0,3.64,34,619.8,57988.7375
19,34.0,3.67,33,619.8,57988.73819444444
18,33.0,3.71,34,619.8,57988.73888888889
19,41.0,3.75,33,619.8,57988.739583333336
19,51.0,3.79,32,619.8,57988.740277777775
18,42.0,3.82,31,619.8,57988.74097222222
19,54.0,3.85,31,619.8,57988.74166666667
22,43.0,3.88,32,619.8,57988.74236111111
20,47.0,3.91,31,619.9,57988.743055555555
19,46.0,3.94,33,619.9,57988.74375
19,55.0,3.97,32,619.9,57988.74444444444
17,56.0,3.97,32,619.9,57988.74513888889
18,48.0,3.97,32,619.9,57988.745833333334
18,50.0,3.95,32,619.9,57988.74652777778
19,48.0,3.97,34,619.9,57988.74722222222
18,39.0,3.97,34,619.9,57988.74791666667
18,56.0,3.98,34,619.9,57988.748611111114
17,54.0,3.98,33,619.9,57988.74930555555
19,52.0,3.98,33,619.9,57988.75
18,45.0,3.96,33,619.9,57988.75069444445
18,34.0,3.95,32,619.9,57988.751388888886
21,40.0,3.95,32,620.0,57988.75208333333
21,59.0,3.97,31,619.9,57988.75277777778
16,52.0,3.99,32,619.9,57988.75347222222
18,51.0,4.03,31,619.9,57988.754166666666
19,51.0,4.05,30,619.9,57988.75486111111
16,46.0,4.06,30,620.0,57988.75555555556
15,51.0,4.07,31,620.0,57988.75625
15,56.0,4.07,32,620.0,57988.756944444445
16,54.0,4.1,32,620.0,57988.75763888889
20,53.0,4.15,32,620.0,57988.75833333333
19,46.0,4.22,32,620.0,57988.75902777778
17,61.0,4.27,31,620.0,57988.759722222225
15,60.0,4.31,31,620.0,57988.760416666664
19,55.0,4.34,33,620.0,57988.76111111111
20,49.0,4.38,33,620.0,57988.76180555556
20,34.0,4.45,33,620.1,57988.7625
20,53.0,4.54,33,620.1,57988.763194444444
20,52.0,4.64,31,620.1,57988.76388888889
18,40.0,4.7,30,620.1,57988.76458333333
17,57.0,4.72,30,620.1,57988.76527777778
17,31.0,4.7,31,620.1,57988.76597222222
18,53.0,4.66,32,620.1,57988.76666666667
19,45.0,4.63,32,620.1,57988.76736111111
22,46.0,4.61,30,620.1,57988.768055555556
22,46.0,4.6,31,620.1,57988.76875
22,40.0,4.61,30,620.1,57988.76944444444
20,38.0,4.62,30,620.1,57988.77013888889
17,34.0,4.63,32,620.2,57988.770833333336
19,64.0,4.64,31,620.1,57988.771527777775
19,38.0,4.65,31,620.1,57988.77222222222
24,38.0,4.67,31,620.1,57988.77291666667
23,53.0,4.71,31,620.1,57988.77361111111
21,40.0,4.75,31,620.1,57988.774305555555
22,51.0,4.78,30,620.1,57988.775
22,44.0,4.81,31,620.1,57988.77569444444
22,45.0,4.85,29,620.1,57988.77638888889
21,42.0,4.87,29,620.1,57988.777083333334
20,56.0,4.88,29,620.1,57988.77777777778
20,64.0,4.89,29,620.1,57988.77847222222
21,33.0,4.89,29,620.1,57988.77916666667
21,49.0,4.92,30,620.1,57988.779861111114
17,65.0,4.97,30,620.1,57988.78055555555
21,59.0,4.99,27,620.2,57988.78125
21,27.0,5.01,27,620.1,57988.78194444445
20,54.0,5.04,29,620.1,57988.782638888886
20,47.0,5.06,31,620.2,57988.78333333333
19,45.0,5.06,29,620.2,57988.78402777778
19,54.0,5.07,28,620.2,57988.78472222222
18,57.0,5.08,30,620.2,57988.785416666666
18,62.0,5.1,29,620.2,57988.78611111111
18,61.0,5.13,29,620.2,57988.78680555556
18,71.0,5.17,30,620.2,57988.7875
19,47.0,5.23,30,620.2,57988.788194444445
18,70.0,5.28,28,620.2,57988.78888888889
19,57.0,5.32,29,620.2,57988.78958333333
19,54.0,5.35,29,620.2,57988.79027777778
19,58.0,5.35,28,620.2,57988.790972222225
20,44.0,5.35,28,620.2,57988.791666666664
22,29.0,5.35,28,620.2,57988.79236111111
21,60.0,5.35,29,620.2,57988.79305555556
16,57.0,5.36,30,620.3,57988.79375
18,48.0,5.36,31,620.2,57988.794444444444
21,58.0,5.39,30,620.2,57988.79513888889
20,40.0,5.43,28,620.2,57988.79583333333
19,52.0,5.47,29,620.2,57988.79652777778
22,45.0,5.49,28,620.2,57988.79722222222
20,54.0,5.5,26,620.3,57988.79791666667
20,53.0,5.51,28,620.3,57988.79861111111
19,57.0,5.52,28,620.3,57988.799305555556
21,47.0,5.54,27,620.3,57988.8
20,41.0,5.57,26,620.3,57988.80069444444
20,39.0,5.59,27,620.3,57988.80138888889
20,56.0,5.63,27,620.3,57988.802083333336
18,44.0,5.69,27,620.3,57988.802777777775
20,38.0,5.76,27,620.3,57988.80347222222
18,59.0,5.8,29,620.3,57988.80416666667
19,58.0,5.86,30,620.3,57988.80486111111
22,58.0,5.92,30,620.3,57988.805555555555
21,54.0,5.97,29,620.3,57988.80625
22,52.0,6.02,30,620.3,57988.80694444444
19,57.0,6.05,30,620.4,57988.80763888889
20,46.0,6.08,31,620.4,57988.808333333334
20,39.0,6.1,30,620.4,57988.80902777778
20,59.0,6.11,29,620.4,57988.80972222222
19,46.0,6.1,27,620.4,57988.81041666667
19,41.0,6.08,25,620.4,57988.811111111114
17,65.0,6.05,26,620.4,57988.81180555555
16,22.0,6.03,28,620.4,57988.8125
21,47.0,6.05,26,620.4,57988.81319444445
21,51.0,6.06,26,620.4,57988.813888888886
20,48.0,6.08,26,620.4,57988.81458333333
20,52.0,6.09,26,620.4,57988.81527777778
20,40.0,6.12,28,620.4,57988.81597222222
19,45.0,6.14,29,620.4,57988.816666666666
17,53.0,6.15,30,620.4,57988.81736111111
18,39.0,6.15,31,620.4,57988.81805555556
19,62.0,6.2,32,620.4,57988.81875
20,62.0,6.26,32,620.4,57988.819444444445
19,53.0,6.27,31,620.4,57988.82013888889
18,38.0,6.26,31,620.4,57988.82083333333
19,44.0,6.26,31,620.4,57988.82152777778
21,38.0,6.26,29,620.4,57988.822222222225
17,45.0,6.29,30,620.4,57988.822916666664
21,36.0,6.35,32,620.4,57988.82361111111
21,48.0,6.41,32,620.4,57988.82430555556
19,55.0,6.47,30,620.4,57988.825
19,52.0,6.51,31,620.4,57988.825694444444
16,61.0,6.51,30,620.4,57988.82638888889
16,65.0,6.48,29,620.4,57988.82708333333
19,41.0,6.44,27,620.4,57988.82777777778
19,58.0,6.42,28,620.4,57988.82847222222
18,39.0,6.4,26,620.4,57988.82916666667
18,52.0,6.39,27,620.4,57988.82986111111
17,37.0,6.37,23,620.4,57988.830555555556
19,55.0,6.36,25,620.4,57988.83125
18,46.0,6.36,25,620.4,57988.83194444444
19,45.0,6.36,24,620.4,57988.83263888889
18,47.0,6.35,24,620.4,57988.833333333336
18,64.0,6.37,27,620.4,57988.834027777775
18,64.0,6.43,28,620.4,57988.83472222222
17,32.0,6.47,27,620.4,57988.83541666667
22,40.0,6.48,28,620.4,57988.83611111111
18,54.0,6.48,29,620.4,57988.836805555555
21,49.0,6.45,28,620.4,57988.8375
20,66.0,6.42,26,620.4,57988.83819444444
17,48.0,6.42,29,620.4,57988.83888888889
17,44.0,6.45,30,620.5,57988.839583333334
13,60.0,6.43,31,620.5,57988.84027777778
14,39.0,6.42,31,620.5,57988.84097222222
18,59.0,6.42,24,620.5,57988.84166666667
18,43.0,6.44,24,620.5,57988.842361111114
17,35.0,6.47,26,620.5,57988.84305555555
18,59.0,6.52,28,620.4,57988.84375
19,42.0,6.57,24,620.4,57988.84444444445
17,43.0,6.6,25,620.5,57988.845138888886
17,34.0,6.58,26,620.5,57988.84583333333
17,50.0,6.54,28,620.4,57988.84652777778
18,34.0,6.52,28,620.4,57988.84722222222
16,36.0,6.52,27,620.5,57988.847916666666
19,40.0,6.53,27,620.4,57988.84861111111
16,60.0,6.56,25,620.5,57988.84930555556
17,69.0,6.6,23,620.5,57988.85
17,41.0,6.67,26,620.5,57988.850694444445
16,49.0,6.74,27,620.5,57988.85138888889
14,65.0,6.77,27,620.5,57988.85208333333
13,59.0,6.76,29,620.5,57988.85277777778
15,24.0,6.72,28,620.5,57988.853472222225
16,44.0,6.69,29,620.5,57988.854166666664
14,48.0,6.69,29,620.5,57988.85486111111
13,89.0,6.67,29,620.5,57988.85555555556
15,55.0,6.66,27,620.5,57988.85625
17,52.0,6.69,25,620.5,57988.856944444444
14,61.0,6.73,26,620.5,57988.85763888889
11,77.0,6.74,26,620.6,57988.85833333333
11,55.0,6.72,27,620.5,57988.85902777778
9,35.0,6.72,26,620.6,57988.85972222222
14,66.0,6.73,26,620.5,57988.86041666667
15,24.0,6.76,27,620.5,57988.86111111111
14,59.0,6.84,27,620.5,57988.861805555556
17,41.0,6.93,26,620.5,57988.8625
14,51.0,6.99,27,620.5,57988.86319444444
13,46.0,7.01,27,620.6,57988.86388888889
10,50.0,6.99,23,620.6,57988.864583333336
14,58.0,7.0,25,620.5,57988.865277777775
15,58.0,7.04,26,620.6,57988.86597222222
11,57.0,7.05,24,620.6,57988.86666666667
10,54.0,7.03,24,620.6,57988.86736111111
17,56.0,7.03,24,620.6,57988.868055555555
14,46.0,7.05,23,620.6,57988.86875
11,53.0,7.05,26,620.6,57988.86944444444
12,49.0,7.03,24,620.6,57988.87013888889
11,39.0,7.03,23,620.6,57988.870833333334
11,54.0,7.01,24,620.6,57988.87152777778
14,41.0,7.03,26,620.6,57988.87222222222
10,52.0,7.06,25,620.6,57988.87291666667
11,60.0,7.08,22,620.6,57988.873611111114
16,43.0,7.06,22,620.5,57988.87430555555
15,59.0,7.07,23,620.6,57988.875
14,55.0,7.09,25,620.6,57988.87569444445
13,55.0,7.11,26,620.6,57988.876388888886
10,86.0,7.12,26,620.6,57988.87708333333
11,46.0,7.14,28,620.6,57988.87777777778
11,73.0,7.21,26,620.6,57988.87847222222
3,62.0,7.27,25,620.6,57988.879166666666
6,53.0,7.32,28,620.6,57988.87986111111
12,55.0,7.4,31,620.6,57988.88055555556
9,15.0,7.45,31,620.6,57988.88125
11,52.0,7.47,29,620.6,57988.881944444445
6,37.0,7.44,26,620.6,57988.88263888889
12,56.0,7.38,28,620.5,57988.88333333333
13,54.0,7.34,29,620.5,57988.88402777778
11,62.0,7.35,26,620.6,57988.884722222225
8,36.0,7.32,25,620.6,57988.885416666664
11,51.0,7.31,28,620.6,57988.88611111111
9,47.0,7.29,29,620.6,57988.88680555556
9,62.0,7.25,26,620.6,57988.8875
8,65.0,7.22,31,620.6,57988.888194444444
11,49.0,7.18,31,620.6,57988.88888888889
8,41.0,7.12,29,620.6,57988.88958333333
17,53.0,7.09,31,620.5,57988.89027777778
14,75.0,7.12,30,620.6,57988.89097222222
12,39.0,7.22,31,620.6,57988.89166666667
16,42.0,7.36,28,620.5,57988.89236111111
15,55.0,7.46,27,620.6,57988.893055555556
10,57.0,7.49,26,620.6,57988.89375
12,36.0,7.49,27,620.6,57988.89444444444
12,47.0,7.47,26,620.6,57988.89513888889
10,47.0,7.42,26,620.6,57988.895833333336
11,63.0,7.36,26,620.6,57988.896527777775
13,34.0,7.32,25,620.6,57988.89722222222
12,30.0,7.27,22,620.6,57988.89791666667
11,56.0,7.22,22,620.5,57988.89861111111
10,56.0,7.2,26,620.6,57988.899305555555
9,63.0,7.19,28,620.5,57988.9
9,69.0,7.2,25,620.5,57988.90069444444
16,78.0,7.23,24,620.5,57988.90138888889
13,66.0,7.29,22,620.5,57988.902083333334
11,69.0,7.38,20,620.5,57988.90277777778
13,40.0,7.46,20,620.5,57988.90347222222
12,35.0,7.52,20,620.5,57988.90416666667
15,47.0,7.59,20,620.5,57988.904861111114
14,48.0,7.65,19,620.5,57988.90555555555
12,30.0,7.69,18,620.5,57988.90625
12,35.0,7.71,21,620.5,57988.90694444445
11,61.0,7.72,21,620.5,57988.907638888886
13,51.0,7.73,20,620.5,57988.90833333333
13,47.0,7.77,20,620.5,57988.90902777778
16,47.0,7.83,21,620.5,57988.90972222222
15,57.0,7.9,22,620.5,57988.910416666666
8,15.0,7.9,22,620.5,57988.91111111111
10,40.0,7.85,23,620.5,57988.91180555556
12,59.0,7.86,23,620.5,57988.9125
17,45.0,7.94,22,620.4,57988.913194444445
18,43.0,8.09,23,620.4,57988.91388888889
18,59.0,8.22,22,620.5,57988.91458333333
14,50.0,8.29,23,620.5,57988.91527777778
9,48.0,8.32,23,620.5,57988.915972222225
11,32.0,8.31,26,620.5,57988.916666666664
16,61.0,8.33,26,620.5,57988.91736111111
12,63.0,8.37,26,620.5,57988.91805555556
13,32.0,8.39,26,620.5,57988.91875
13,45.0,8.37,26,620.5,57988.919444444444
17,43.0,8.37,25,620.4,57988.92013888889
12,49.0,8.33,22,620.4,57988.92083333333
17,51.0,8.29,23,620.5,57988.92152777778
18,52.0,8.32,23,620.4,57988.92222222222
12,48.0,8.33,20,620.4,57988.92291666667
9,57.0,8.3,22,620.4,57988.92361111111
16,73.0,8.28,25,620.4,57988.924305555556
15,53.0,8.29,23,620.4,57988.925
17,34.0,8.32,24,620.3,57988.92569444444
16,50.0,8.34,25,620.4,57988.92638888889
16,37.0,8.34,28,620.3,57988.927083333336
16,55.0,8.31,28,620.3,57988.927777777775
17,24.0,8.28,29,620.3,57988.92847222222
19,41.0,8.31,26,620.3,57988.92916666667
19,57.0,8.36,25,620.3,57988.92986111111
19,57.0,8.41,26,620.3,57988.930555555555
15,36.0,8.46,24,620.3,57988.93125
15,59.0,8.5,24,620.3,57988.93194444444
12,38.0,8.51,21,620.3,57988.93263888889
18,67.0,8.49,27,620.3,57988.933333333334
15,67.0,8.43,27,620.3,57988.93402777778
18,51.0,8.38,26,620.3,57988.93472222222
17,78.0,8.35,28,620.3,57988.93541666667
14,91.0,8.31,31,620.3,57988.936111111114
16,41.0,8.23,31,620.2,57988.93680555555
20,51.0,8.2,31,620.3,57988.9375
15,64.0,8.16,28,620.3,57988.93819444445
12,56.0,8.1,29,620.3,57988.938888888886
12,52.0,8.03,28,620.3,57988.93958333333
15,70.0,7.96,31,620.3,57988.94027777778
17,25.0,7.94,31,620.3,57988.94097222222
15,62.0,7.94,27,620.2,57988.941666666666
20,25.0,7.95,28,620.2,57988.94236111111
16,51.0,7.93,24,620.3,57988.94305555556
12,39.0,7.89,25,620.3,57988.94375
12,46.0,7.83,27,620.3,57988.944444444445
11,64.0,7.78,28,620.3,57988.94513888889
13,38.0,7.75,31,620.2,57988.94583333333
15,33.0,7.71,32,620.2,57988.94652777778
16,11.0,7.74,32,620.2,57988.947222222225
14,33.0,7.81,30,620.2,57988.947916666664
18,44.0,7.94,32,620.1,57988.94861111111
16,73.0,8.1,29,620.1,57988.94930555556
21,41.0,8.24,29,620.1,57988.95
17,22.0,8.36,25,620.1,57988.950694444444
15,55.0,8.42,26,620.1,57988.95138888889
18,54.0,8.46,25,620.1,57988.95208333333
12,40.0,8.42,20,620.1,57988.95277777778
14,39.0,8.35,19,620.1,57988.95347222222
11,40.0,8.24,16,620.1,57988.95416666667
10,18.0,8.12,19,620.1,57988.95486111111
20,47.0,8.07,26,620.1,57988.955555555556
15,39.0,8.04,24,620.1,57988.95625
18,28.0,8.05,25,620.1,57988.95694444444
15,40.0,8.08,23,620.1,57988.95763888889
11,39.0,8.11,20,620.1,57988.958333333336
10,30.0,8.13,21,620.1,57988.959027777775
14,43.0,8.15,25,620.0,57988.95972222222
14,42.0,8.16,25,620.0,57988.96041666667
11,18.0,8.15,25,620.0,57988.96111111111
17,57.0,8.14,27,620.0,57988.961805555555
17,50.0,8.18,26,620.0,57988.9625
16,43.0,8.2,23,620.0,57988.96319444444
13,45.0,8.22,21,620.0,57988.96388888889
12,61.0,8.22,19,620.0,57988.964583333334
10,55.0,8.22,20,620.0,57988.96527777778
16,33.0,8.24,26,620.0,57988.96597222222
15,75.0,8.29,23,620.0,57988.96666666667
18,53.0,8.38,23,620.0,57988.967361111114
13,69.0,8.46,21,620.0,57988.96805555555
10,55.0,8.48,19,620.0,57988.96875
16,30.0,8.46,22,620.0,57988.96944444445
17,49.0,8.45,24,619.9,57988.970138888886
18,69.0,8.43,23,619.9,57988.97083333333
14,50.0,8.41,19,620.0,57988.97152777778
18,36.0,8.4,21,619.9,57988.97222222222
14,51.0,8.37,23,619.9,57988.972916666666
12,98.0,8.3,20,619.9,57988.97361111111
16,62.0,8.23,20,619.9,57988.97430555556
12,48.0,8.21,19,619.9,57988.975
10,53.0,8.19,20,619.9,57988.975694444445
15,50.0,8.17,25,619.9,57988.97638888889
11,63.0,8.14,26,619.9,57988.97708333333
19,44.0,8.11,26,619.9,57988.97777777778
15,43.0,8.1,23,619.9,57988.978472222225
12,50.0,8.07,21,619.9,57988.979166666664
11,51.0,8.03,21,619.9,57988.97986111111
9,64.0,8.0,18,619.9,57988.98055555556
10,71.0,7.97,20,619.8,57988.98125
13,72.0,7.97,22,619.8,57988.981944444444
13,73.0,7.99,22,619.8,57988.98263888889
18,37.0,8.02,23,619.7,57988.98333333333
17,52.0,8.1,20,619.8,57988.98402777778
16,31.0,8.18,19,619.8,57988.98472222222
16,61.0,8.25,19,619.8,57988.98541666667
11,40.0,8.29,20,619.8,57988.98611111111
18,61.0,8.33,23,619.8,57988.986805555556
11,50.0,8.33,23,619.7,57988.9875
13,56.0,8.29,23,619.7,57988.98819444444
18,49.0,8.3,21,619.7,57988.98888888889
16,47.0,8.29,19,619.7,57988.989583333336
19,37.0,8.29,22,619.6,57988.990277777775
20,56.0,8.37,25,619.6,57988.99097222222
18,51.0,8.47,23,619.6,57988.99166666667
17,55.0,8.55,22,619.6,57988.99236111111
15,65.0,8.57,20,619.6,57988.993055555555
12,36.0,8.54,18,619.6,57988.99375
18,35.0,8.49,22,619.6,57988.99444444444
19,58.0,8.5,22,619.6,57988.99513888889
19,39.0,8.52,21,619.6,57988.995833333334
16,53.0,8.53,23,619.6,57988.99652777778
21,50.0,8.62,24,619.6,57988.99722222222
19,46.0,8.66,21,619.6,57988.99791666667
15,40.0,8.63,21,619.6,57988.998611111114
17,34.0,8.56,21,619.6,57988.99930555555
18,39.0,8.46,21,619.6,57989.0
17,65.0,8.38,22,619.5,57989.00069444445
18,53.0,8.31,22,619.5,57989.001388888886
18,44.0,8.25,22,619.5,57989.00208333333
17,46.0,8.17,22,619.5,57989.00277777778
22,33.0,8.16,22,619.4,57989.00347222222
19,41.0,8.21,22,619.5,57989.004166666666
25,44.0,8.28,23,619.4,57989.00486111111
23,48.0,8.33,26,619.5,57989.00555555556
19,52.0,8.33,26,619.5,57989.00625
15,49.0,8.31,26,619.5,57989.006944444445
14,46.0,8.26,25,619.5,57989.00763888889
17,46.0,8.2,24,619.5,57989.00833333333
16,40.0,8.15,22,619.5,57989.00902777778
18,39.0,8.13,22,619.5,57989.009722222225
15,49.0,8.13,20,619.5,57989.010416666664
21,35.0,8.21,22,619.4,57989.01111111111
20,48.0,8.33,22,619.4,57989.01180555556
15,57.0,8.41,21,619.4,57989.0125
15,44.0,8.45,23,619.4,57989.013194444444
19,31.0,8.48,24,619.4,57989.01388888889
21,40.0,8.58,23,619.4,57989.01458333333
19,60.0,8.71,22,619.4,57989.01527777778
20,41.0,8.84,24,619.4,57989.01597222222
21,51.0,8.9,23,619.4,57989.01666666667
23,42.0,8.9,22,619.4,57989.01736111111
19,39.0,8.9,24,619.4,57989.018055555556
13,53.0,8.85,23,619.4,57989.01875
21,38.0,8.77,23,619.4,57989.01944444444
16,52.0,8.68,22,619.4,57989.02013888889
18,41.0,8.57,23,619.4,57989.020833333336
20,30.0,8.46,24,619.4,57989.021527777775
15,35.0,8.36,25,619.4,57989.02222222222
17,51.0,8.26,26,619.4,57989.02291666667
14,55.0,8.17,26,619.4,57989.02361111111
22,47.0,8.05,24,619.4,57989.024305555555
18,33.0,7.96,22,619.4,57989.025
19,44.0,7.9,23,619.4,57989.02569444444
22,45.0,7.89,24,619.4,57989.02638888889
17,22.0,7.89,24,619.4,57989.027083333334
10,70.0,7.86,24,619.4,57989.02777777778
13,60.0,7.85,27,619.3,57989.02847222222
15,40.0,7.86,29,619.3,57989.02916666667
18,37.0,7.86,27,619.3,57989.029861111114
21,38.0,7.92,24,619.3,57989.03055555555
22,48.0,8.02,22,619.2,57989.03125
19,41.0,8.08,21,619.3,57989.03194444445
20,46.0,8.14,22,619.3,57989.032638888886
16,38.0,8.2,24,619.3,57989.03333333333
23,72.0,8.25,27,619.2,57989.03402777778
18,60.0,8.27,26,619.2,57989.03472222222
19,61.0,8.25,25,619.2,57989.035416666666
22,41.0,8.25,28,619.2,57989.03611111111
21,53.0,8.24,27,619.2,57989.03680555556
18,62.0,8.18,25,619.2,57989.0375
18,42.0,8.08,25,619.2,57989.038194444445
14,52.0,7.98,25,619.3,57989.03888888889
18,43.0,7.9,26,619.2,57989.03958333333
23,40.0,7.89,27,619.2,57989.04027777778
17,56.0,7.89,23,619.2,57989.040972222225
13,49.0,7.87,25,619.2,57989.041666666664
18,38.0,7.83,30,619.2,57989.04236111111
20,30.0,7.82,30,619.2,57989.04305555556
20,69.0,7.86,29,619.2,57989.04375
16,44.0,7.91,29,619.2,57989.044444444444
17,33.0,7.9,27,619.2,57989.04513888889
17,34.0,7.87,25,619.2,57989.04583333333
15,33.0,7.83,26,619.2,57989.04652777778
16,39.0,7.82,27,619.1,57989.04722222222
17,34.0,7.79,24,619.1,57989.04791666667
19,21.0,7.77,25,619.1,57989.04861111111
18,55.0,7.83,27,619.1,57989.049305555556
23,42.0,7.91,28,619.1,57989.05
19,48.0,7.97,26,619.1,57989.05069444444
20,43.0,8.0,26,619.1,57989.05138888889
18,30.0,8.0,25,619.1,57989.052083333336
18,33.0,7.96,24,619.1,57989.052777777775
16,57.0,7.92,23,619.1,57989.05347222222
17,50.0,7.88,25,619.1,57989.05416666667
17,46.0,7.82,25,619.1,57989.05486111111
17,45.0,7.75,26,619.1,57989.055555555555
17,34.0,7.71,24,619.1,57989.05625
20,39.0,7.71,23,619.1,57989.05694444444
16,52.0,7.73,24,619.1,57989.05763888889
18,51.0,7.71,24,619.1,57989.058333333334
16,24.0,7.64,23,619.1,57989.05902777778
18,43.0,7.57,26,619.1,57989.05972222222
16,48.0,7.47,27,619.1,57989.06041666667
15,26.0,7.34,27,619.1,57989.061111111114
19,33.0,7.23,26,619.1,57989.06180555555
18,39.0,7.16,25,619.2,57989.0625
16,47.0,7.12,26,619.2,57989.06319444445
17,46.0,7.1,27,619.1,57989.063888888886
17,41.0,7.1,27,619.1,57989.06458333333
18,67.0,7.14,27,619.1,57989.06527777778
20,31.0,7.19,26,619.1,57989.06597222222
19,40.0,7.23,25,619.1,57989.066666666666
17,30.0,7.23,24,619.1,57989.06736111111
15,30.0,7.16,25,619.1,57989.06805555556
13,31.0,7.09,26,619.0,57989.06875
16,70.0,7.02,27,619.0,57989.069444444445
18,64.0,6.97,26,619.0,57989.07013888889
17,53.0,6.94,25,619.0,57989.07083333333
17,47.0,6.92,25,619.0,57989.07152777778
17,75.0,6.9,24,619.0,57989.072222222225
15,36.0,6.84,25,619.0,57989.072916666664
16,41.0,6.8,25,619.0,57989.07361111111
15,51.0,6.77,24,619.0,57989.07430555556
19,42.0,6.75,25,619.0,57989.075
19,41.0,6.76,24,619.0,57989.075694444444
17,53.0,6.77,23,619.0,57989.07638888889
16,45.0,6.77,25,619.0,57989.07708333333
13,46.0,6.78,25,619.0,57989.07777777778
18,42.0,6.77,25,618.9,57989.07847222222
16,60.0,6.78,24,618.9,57989.07916666667
18,40.0,6.8,26,618.9,57989.07986111111
20,45.0,6.85,26,618.9,57989.080555555556
20,33.0,6.89,25,618.9,57989.08125
17,37.0,6.93,24,618.9,57989.08194444444
23,34.0,6.94,26,618.9,57989.08263888889
19,41.0,6.94,25,618.9,57989.083333333336
16,38.0,6.91,25,618.9,57989.084027777775
16,44.0,6.83,26,619.0,57989.08472222222
16,32.0,6.74,27,619.0,57989.08541666667
19,51.0,6.67,27,618.9,57989.08611111111
19,37.0,6.65,26,618.9,57989.086805555555
15,48.0,6.64,26,618.9,57989.0875
16,64.0,6.62,26,618.9,57989.08819444444
15,47.0,6.59,25,618.9,57989.08888888889
18,35.0,6.54,25,618.9,57989.089583333334
18,44.0,6.5,24,618.9,57989.09027777778
13,40.0,6.45,23,618.9,57989.09097222222
16,44.0,6.39,24,618.9,57989.09166666667
17,41.0,6.35,25,618.9,57989.092361111114
16,44.0,6.35,23,618.9,57989.09305555555
15,42.0,6.36,23,618.9,57989.09375
18,48.0,6.37,24,618.9,57989.09444444445
14,64.0,6.37,23,619.0,57989.095138888886
15,54.0,6.33,22,619.0,57989.09583333333
15,34.0,6.29,23,619.0,57989.09652777778
15,52.0,6.29,23,619.0,57989.09722222222
16,40.0,6.28,22,618.9,57989.097916666666
16,50.0,6.25,22,618.9,57989.09861111111
16,40.0,6.19,22,618.9,57989.09930555556
17,29.0,6.16,23,618.9,57989.1
19,39.0,6.14,22,618.9,57989.100694444445
17,51.0,6.15,23,618.9,57989.10138888889
16,33.0,6.18,24,618.9,57989.10208333333
14,43.0,6.19,23,618.9,57989.10277777778
15,51.0,6.18,23,618.9,57989.103472222225
16,41.0,6.16,23,618.9,57989.104166666664
16,41.0,6.14,22,618.9,57989.10486111111
16,45.0,6.11,23,619.0,57989.10555555556
17,33.0,6.11,23,618.9,57989.10625
16,38.0,6.12,22,619.0,57989.106944444444
17,37.0,6.13,23,619.0,57989.10763888889
17,48.0,6.15,22,619.0,57989.10833333333
14,49.0,6.17,22,619.0,57989.10902777778
17,34.0,6.17,24,619.0,57989.10972222222
16,40.0,6.15,22,619.0,57989.11041666667
19,35.0,6.15,22,619.0,57989.11111111111
17,42.0,6.15,22,619.0,57989.111805555556
18,40.0,6.15,22,618.9,57989.1125
20,46.0,6.15,23,619.0,57989.11319444444
18,40.0,6.14,22,618.9,57989.11388888889
19,34.0,6.11,23,618.9,57989.114583333336
19,33.0,6.07,23,618.9,57989.115277777775
20,36.0,6.03,22,618.9,57989.11597222222
20,42.0,6.0,21,618.9,57989.11666666667
17,42.0,5.97,22,618.9,57989.11736111111
18,37.0,5.94,23,618.9,57989.118055555555
18,35.0,5.9,23,618.9,57989.11875
20,34.0,5.88,22,618.9,57989.11944444444
22,40.0,5.85,23,618.9,57989.12013888889
23,34.0,5.83,22,618.9,57989.120833333334
20,43.0,5.81,22,619.0,57989.12152777778
21,35.0,5.81,22,619.0,57989.12222222222
20,27.0,5.78,23,619.0,57989.12291666667
19,39.0,5.75,23,619.0,57989.123611111114
22,39.0,5.72,23,619.0,57989.12430555555
23,40.0,5.69,22,619.0,57989.125
20,56.0,5.66,22,619.0,57989.12569444445
17,52.0,5.63,21,619.0,57989.126388888886
21,44.0,5.6,22,618.9,57989.12708333333
21,33.0,5.57,22,619.0,57989.12777777778
21,46.0,5.54,23,619.0,57989.12847222222
22,39.0,5.51,23,618.9,57989.129166666666
23,37.0,5.5,24,618.9,57989.12986111111
23,36.0,5.48,23,619.0,57989.13055555556
21,49.0,5.47,24,619.0,57989.13125
20,35.0,5.45,23,619.0,57989.131944444445
23,43.0,5.42,23,619.0,57989.13263888889
21,26.0,5.38,23,619.0,57989.13333333333
24,30.0,5.36,23,619.0,57989.13402777778
19,51.0,5.34,23,619.0,57989.134722222225
21,37.0,5.31,24,619.0,57989.135416666664
25,30.0,5.28,24,618.9,57989.13611111111
26,35.0,5.26,24,618.9,57989.13680555556
22,28.0,5.24,24,619.0,57989.1375
23,34.0,5.2,25,619.0,57989.138194444444
24,27.0,5.16,24,619.0,57989.13888888889
26,33.0,5.12,23,619.0,57989.13958333333
24,31.0,5.08,21,619.0,57989.14027777778
21,35.0,5.04,23,619.0,57989.14097222222
25,31.0,5.0,23,619.0,57989.14166666667
24,32.0,4.96,23,619.0,57989.14236111111
26,32.0,4.93,23,618.9,57989.143055555556
25,36.0,4.9,22,618.9,57989.14375
24,33.0,4.86,22,619.0,57989.14444444444
27,23.0,4.83,22,619.0,57989.14513888889
26,28.0,4.8,23,619.0,57989.145833333336
28,27.0,4.78,23,619.0,57989.146527777775
27,32.0,4.77,23,619.0,57989.14722222222
27,34.0,4.75,21,619.0,57989.14791666667
26,25.0,4.73,22,619.0,57989.14861111111
27,36.0,4.71,21,619.0,57989.149305555555
28,34.0,4.68,22,619.0,57989.15
29,37.0,4.64,21,619.0,57989.15069444444
27,37.0,4.61,23,619.0,57989.15138888889
28,30.0,4.56,22,619.0,57989.152083333334
30,38.0,4.52,22,619.0,57989.15277777778
29,32.0,4.49,22,619.0,57989.15347222222
29,30.0,4.46,22,619.0,57989.15416666667
29,30.0,4.43,23,619.0,57989.154861111114
29,33.0,4.41,23,619.0,57989.15555555555
26,38.0,4.39,24,619.0,57989.15625
24,27.0,4.35,24,619.0,57989.15694444445
28,29.0,4.32,24,619.0,57989.157638888886
28,30.0,4.3,24,619.1,57989.15833333333
25,22.0,4.28,25,619.1,57989.15902777778
26,30.0,4.27,23,619.1,57989.15972222222
26,37.0,4.24,24,619.1,57989.160416666666
25,31.0,4.22,23,619.1,57989.16111111111
26,35.0,4.19,25,619.1,57989.16180555556
23,44.0,4.17,26,619.1,57989.1625
24,36.0,4.14,24,619.1,57989.163194444445
20,67.0,4.11,24,619.2,57989.16388888889
17,34.0,4.09,25,619.2,57989.16458333333
22,30.0,4.07,27,619.2,57989.16527777778
21,41.0,4.03,25,619.2,57989.165972222225
23,36.0,4.01,25,619.2,57989.166666666664
21,34.0,4.01,25,619.2,57989.16736111111
19,40.0,4.0,26,619.2,57989.16805555556
20,43.0,3.98,27,619.2,57989.16875
22,32.0,3.95,26,619.2,57989.169444444444
22,23.0,3.92,25,619.2,57989.17013888889
19,33.0,3.9,25,619.2,57989.17083333333
21,39.0,3.88,24,619.2,57989.17152777778
22,25.0,3.85,24,619.2,57989.17222222222
24,28.0,3.84,24,619.2,57989.17291666667
21,35.0,3.82,24,619.3,57989.17361111111
18,35.0,3.8,25,619.3,57989.174305555556
20,38.0,3.78,25,619.3,57989.175
22,24.0,3.75,24,619.3,57989.17569444444
21,31.0,3.73,23,619.2,57989.17638888889
20,31.0,3.71,24,619.2,57989.177083333336
20,35.0,3.69,23,619.3,57989.177777777775
22,32.0,3.67,23,619.3,57989.17847222222
21,30.0,3.66,21,619.2,57989.17916666667
20,35.0,3.65,22,619.3,57989.17986111111
19,41.0,3.65,21,619.3,57989.180555555555
21,20.0,3.65,22,619.3,57989.18125
20,38.0,3.66,23,619.3,57989.18194444444
22,41.0,3.65,24,619.3,57989.18263888889
20,43.0,3.63,22,619.3,57989.183333333334
17,42.0,3.61,23,619.3,57989.18402777778
19,32.0,3.6,24,619.3,57989.18472222222
21,30.0,3.58,24,619.3,57989.18541666667
21,26.0,3.55,23,619.3,57989.186111111114
22,32.0,3.51,23,619.3,57989.18680555555
21,45.0,3.48,23,619.3,57989.1875
22,30.0,3.44,24,619.3,57989.18819444445
22,31.0,3.41,25,619.3,57989.188888888886
22,30.0,3.38,25,619.3,57989.18958333333
23,30.0,3.34,26,619.3,57989.19027777778
22,34.0,3.31,25,619.4,57989.19097222222
21,24.0,3.27,26,619.3,57989.191666666666
22,36.0,3.23,26,619.4,57989.19236111111
17,39.0,3.2,25,619.4,57989.19305555556
22,34.0,3.16,26,619.3,57989.19375
24,30.0,3.11,26,619.4,57989.194444444445
24,24.0,3.07,26,619.4,57989.19513888889
21,40.0,3.03,26,619.4,57989.19583333333
22,34.0,2.99,26,619.4,57989.19652777778
19,29.0,2.95,25,619.4,57989.197222222225
19,31.0,2.93,25,619.4,57989.197916666664
20,30.0,2.9,25,619.4,57989.19861111111
21,33.0,2.88,25,619.4,57989.19930555556
20,34.0,2.86,26,619.4,57989.2
19,18.0,2.84,25,619.4,57989.200694444444
22,24.0,2.81,25,619.3,57989.20138888889
21,44.0,2.79,24,619.4,57989.20208333333
24,36.0,2.79,24,619.4,57989.20277777778
18,37.0,2.79,23,619.4,57989.20347222222
21,35.0,2.79,24,619.4,57989.20416666667
21,38.0,2.79,25,619.5,57989.20486111111
19,44.0,2.79,25,619.5,57989.205555555556
15,38.0,2.79,25,619.5,57989.20625
19,30.0,2.78,26,619.5,57989.20694444444
24,36.0,2.74,25,619.5,57989.20763888889
21,33.0,2.71,24,619.5,57989.208333333336
18,30.0,2.68,25,619.5,57989.209027777775
20,33.0,2.66,25,619.5,57989.20972222222
24,31.0,2.65,25,619.5,57989.21041666667
22,46.0,2.64,25,619.5,57989.21111111111
21,28.0,2.63,25,619.5,57989.211805555555
19,28.0,2.63,25,619.6,57989.2125
23,27.0,2.63,25,619.6,57989.21319444444
22,35.0,2.61,25,619.6,57989.21388888889
23,28.0,2.59,24,619.6,57989.214583333334
25,45.0,2.57,24,619.6,57989.21527777778
25,27.0,2.57,25,619.6,57989.21597222222
24,38.0,2.55,24,619.6,57989.21666666667
21,38.0,2.54,25,619.6,57989.217361111114
23,37.0,2.52,25,619.6,57989.21805555555
21,30.0,2.51,24,619.6,57989.21875
22,42.0,2.5,25,619.6,57989.21944444445
22,43.0,2.5,24,619.6,57989.220138888886
23,40.0,2.51,24,619.6,57989.22083333333
22,38.0,2.53,24,619.6,57989.22152777778
22,46.0,2.57,25,619.6,57989.22222222222
21,32.0,2.57,25,619.7,57989.222916666666
26,31.0,2.55,25,619.6,57989.22361111111
25,43.0,2.53,24,619.6,57989.22430555556
24,43.0,2.53,24,619.6,57989.225
21,25.0,2.54,24,619.6,57989.225694444445
23,31.0,2.54,25,619.6,57989.22638888889
24,36.0,2.54,25,619.6,57989.22708333333
27,48.0,2.54,24,619.6,57989.22777777778
26,43.0,2.54,23,619.6,57989.228472222225
24,22.0,2.56,23,619.6,57989.229166666664
21,26.0,2.58,23,619.6,57989.22986111111
21,32.0,2.6,24,619.6,57989.23055555556
25,26.0,2.6,23,619.6,57989.23125
22,34.0,2.61,24,619.6,57989.231944444444
26,12.0,2.62,24,619.6,57989.23263888889
25,30.0,2.63,23,619.6,57989.23333333333
29,15.0,2.63,23,619.6,57989.23402777778
27,23.0,2.63,23,619.7,57989.23472222222
28,37.0,2.64,22,619.7,57989.23541666667
23,27.0,2.66,22,619.7,57989.23611111111
19,17.0,2.68,23,619.7,57989.236805555556
19,36.0,2.69,24,619.7,57989.2375
24,30.0,2.69,24,619.7,57989.23819444444
24,27.0,2.66,23,619.7,57989.23888888889
28,30.0,2.64,23,619.7,57989.239583333336
27,28.0,2.63,22,619.7,57989.240277777775
17,26.0,2.63,22,619.8,57989.24097222222
21,44.0,2.64,23,619.8,57989.24166666667
23,33.0,2.66,24,619.8,57989.24236111111
22,21.0,2.67,24,619.9,57989.243055555555
20,35.0,2.66,24,619.9,57989.24375
22,31.0,2.63,24,619.8,57989.24444444444
20,26.0,2.62,23,619.8,57989.24513888889
22,26.0,2.63,24,619.8,57989.245833333334
24,29.0,2.63,23,619.9,57989.24652777778
21,35.0,2.63,23,619.9,57989.24722222222
21,27.0,2.63,24,619.8,57989.24791666667
20,35.0,2.63,23,619.8,57989.248611111114
21,39.0,2.61,23,619.9,57989.24930555555
25,26.0,2.6,24,619.8,57989.25
25,35.0,2.58,22,619.8,57989.25069444445
22,36.0,2.57,23,619.8,57989.251388888886
24,37.0,2.55,23,619.8,57989.25208333333
23,39.0,2.54,23,619.9,57989.25277777778
24,38.0,2.53,22,619.9,57989.25347222222
23,27.0,2.52,23,619.8,57989.254166666666
25,29.0,2.54,22,619.8,57989.25486111111
24,24.0,2.55,22,619.8,57989.25555555556
23,34.0,2.57,23,619.9,57989.25625
25,30.0,2.58,23,619.9,57989.256944444445
27,31.0,2.59,22,619.9,57989.25763888889
25,30.0,2.59,22,619.9,57989.25833333333
25,22.0,2.59,22,619.9,57989.25902777778
24,18.0,2.59,22,619.9,57989.259722222225
24,21.0,2.6,22,619.9,57989.260416666664
26,34.0,2.6,22,619.8,57989.26111111111
27,34.0,2.6,21,619.8,57989.26180555556
27,35.0,2.6,21,619.8,57989.2625
30,25.0,2.62,21,619.8,57989.263194444444
29,29.0,2.63,21,619.9,57989.26388888889
28,25.0,2.64,21,619.8,57989.26458333333
26,36.0,2.66,21,619.9,57989.26527777778
25,24.0,2.68,21,619.9,57989.26597222222
31,22.0,2.69,21,619.9,57989.26666666667
25,38.0,2.69,20,619.9,57989.26736111111
27,25.0,2.7,21,619.9,57989.268055555556
28,20.0,2.7,21,619.9,57989.26875
26,33.0,2.71,20,619.9,57989.26944444444
27,41.0,2.72,21,619.9,57989.27013888889
29,28.0,2.73,21,619.9,57989.270833333336
28,31.0,2.73,21,619.9,57989.271527777775
29,28.0,2.73,21,619.9,57989.27222222222
29,33.0,2.73,20,619.9,57989.27291666667
24,25.0,2.73,20,620.0,57989.27361111111
27,28.0,2.73,21,620.0,57989.274305555555
28,27.0,2.73,20,620.0,57989.275
26,28.0,2.74,20,620.0,57989.27569444444
27,27.0,2.73,21,620.0,57989.27638888889
27,28.0,2.72,20,620.1,57989.277083333334
25,30.0,2.72,20,620.0,57989.27777777778
26,27.0,2.7,20,620.0,57989.27847222222
22,31.0,2.7,20,620.0,57989.27916666667
26,30.0,2.69,20,620.0,57989.279861111114
29,40.0,2.69,21,620.0,57989.28055555555
27,30.0,2.67,20,620.0,57989.28125
26,26.0,2.67,21,620.0,57989.28194444445
28,9.0,2.67,21,620.0,57989.282638888886
27,27.0,2.66,21,620.0,57989.28333333333
25,28.0,2.66,21,620.0,57989.28402777778
28,33.0,2.66,21,620.0,57989.28472222222
23,30.0,2.64,20,620.0,57989.285416666666
23,36.0,2.64,21,620.1,57989.28611111111
25,29.0,2.63,21,620.0,57989.28680555556
26,35.0,2.62,20,620.0,57989.2875
22,36.0,2.63,21,620.1,57989.288194444445
26,24.0,2.64,21,620.0,57989.28888888889
22,22.0,2.65,21,620.1,57989.28958333333
24,31.0,2.66,21,620.1,57989.29027777778
22,37.0,2.66,21,620.1,57989.290972222225
21,28.0,2.66,20,620.1,57989.291666666664
23,24.0,2.66,21,620.0,57989.29236111111
24,28.0,2.66,21,620.1,57989.29305555556
25,34.0,2.66,21,620.1,57989.29375
25,26.0,2.65,21,620.1,57989.294444444444
23,33.0,2.63,21,620.1,57989.29513888889
23,32.0,2.62,21,620.1,57989.29583333333
25,37.0,2.6,21,620.1,57989.29652777778
24,40.0,2.6,21,620.0,57989.29722222222
24,30.0,2.6,21,620.1,57989.29791666667
26,32.0,2.6,21,620.1,57989.29861111111
28,24.0,2.61,21,620.1,57989.299305555556
26,33.0,2.61,21,620.1,57989.3
25,37.0,2.63,21,620.1,57989.30069444444
27,29.0,2.64,21,620.1,57989.30138888889
26,29.0,2.65,21,620.1,57989.302083333336
26,37.0,2.64,21,620.1,57989.302777777775
24,32.0,2.64,21,620.1,57989.30347222222
24,42.0,2.63,21,620.1,57989.30416666667
24,35.0,2.6,21,620.1,57989.30486111111
22,36.0,2.59,22,620.1,57989.305555555555
23,26.0,2.56,22,620.2,57989.30625
23,44.0,2.52,21,620.2,57989.30694444444
21,33.0,2.51,21,620.2,57989.30763888889
23,39.0,2.49,22,620.2,57989.308333333334
22,31.0,2.48,22,620.2,57989.30902777778
23,30.0,2.45,21,620.2,57989.30972222222
23,33.0,2.45,21,620.2,57989.31041666667
24,32.0,2.45,22,620.2,57989.311111111114
27,34.0,2.45,22,620.2,57989.31180555555
25,34.0,2.45,21,620.2,57989.3125
23,33.0,2.46,22,620.2,57989.31319444445
27,28.0,2.48,22,620.1,57989.313888888886
25,31.0,2.48,22,620.2,57989.31458333333
25,38.0,2.47,22,620.1,57989.31527777778
23,37.0,2.45,22,620.1,57989.31597222222
27,23.0,2.45,22,620.1,57989.316666666666
26,31.0,2.45,22,620.1,57989.31736111111
26,39.0,2.45,22,620.1,57989.31805555556
28,30.0,2.45,23,620.1,57989.31875
27,31.0,2.45,23,620.1,57989.319444444445
28,28.0,2.43,23,620.1,57989.32013888889
27,30.0,2.42,23,620.1,57989.32083333333
28,32.0,2.41,23,620.1,57989.32152777778
28,25.0,2.4,23,620.1,57989.322222222225
27,36.0,2.41,23,620.1,57989.322916666664
28,32.0,2.41,23,620.1,57989.32361111111
27,33.0,2.42,23,620.1,57989.32430555556
24,35.0,2.42,23,620.1,57989.325
27,30.0,2.42,23,620.1,57989.325694444444
26,31.0,2.42,22,620.1,57989.32638888889
26,36.0,2.44,23,620.1,57989.32708333333
29,28.0,2.45,23,620.1,57989.32777777778
28,24.0,2.47,23,620.1,57989.32847222222
27,31.0,2.47,23,620.1,57989.32916666667
28,15.0,2.45,24,620.1,57989.32986111111
30,36.0,2.44,24,620.1,57989.330555555556
28,30.0,2.42,23,620.1,57989.33125
29,33.0,2.42,24,620.1,57989.33194444444
31,25.0,2.42,24,620.1,57989.33263888889
28,29.0,2.42,24,620.1,57989.333333333336
28,33.0,2.42,24,620.1,57989.334027777775
27,32.0,2.42,23,620.1,57989.33472222222
28,35.0,2.44,23,620.0,57989.33541666667
28,24.0,2.45,24,620.0,57989.33611111111
28,40.0,2.45,24,620.0,57989.336805555555
27,28.0,2.45,24,620.0,57989.3375
26,29.0,2.44,24,620.0,57989.33819444444
27,37.0,2.43,24,620.0,57989.33888888889
27,35.0,2.42,24,620.0,57989.339583333334
28,34.0,2.42,24,620.0,57989.34027777778
29,24.0,2.42,24,619.9,57989.34097222222
29,27.0,2.41,24,620.0,57989.34166666667
31,38.0,2.4,24,620.0,57989.342361111114
31,32.0,2.38,24,620.0,57989.34305555555
31,21.0,2.36,24,620.0,57989.34375
30,30.0,2.34,24,620.0,57989.34444444445
28,28.0,2.33,24,619.9,57989.345138888886
29,32.0,2.32,24,619.9,57989.34583333333
29,36.0,2.3,25,619.9,57989.34652777778
30,30.0,2.29,25,619.9,57989.34722222222
28,37.0,2.27,25,620.0,57989.347916666666
28,40.0,2.26,25,620.0,57989.34861111111
29,30.0,2.24,25,620.0,57989.34930555556
27,34.0,2.21,25,620.0,57989.35
28,32.0,2.18,25,620.0,57989.350694444445
29,43.0,2.15,25,620.0,57989.35138888889
29,26.0,2.12,25,620.0,57989.35208333333
30,32.0,2.1,26,619.9,57989.35277777778
30,28.0,2.09,26,620.0,57989.353472222225
31,30.0,2.08,26,620.0,57989.354166666664
32,31.0,2.06,26,620.0,57989.35486111111
29,35.0,2.07,26,619.9,57989.35555555556
31,27.0,2.07,26,619.9,57989.35625
30,37.0,2.08,26,619.9,57989.356944444444
32,33.0,2.08,26,619.9,57989.35763888889
31,25.0,2.08,26,619.9,57989.35833333333
30,34.0,2.09,26,619.9,57989.35902777778
29,35.0,2.09,26,619.9,57989.35972222222
31,31.0,2.09,27,619.9,57989.36041666667
30,30.0,2.08,27,619.9,57989.36111111111
30,32.0,2.08,27,619.9,57989.361805555556
30,33.0,2.07,27,619.9,57989.3625
28,28.0,2.06,27,619.9,57989.36319444444
29,31.0,2.05,27,619.9,57989.36388888889
29,33.0,2.02,27,619.9,57989.364583333336
29,33.0,2.0,27,619.8,57989.365277777775
29,32.0,1.98,28,619.8,57989.36597222222
30,31.0,1.96,27,619.8,57989.36666666667
32,30.0,1.96,27,619.8,57989.36736111111
29,34.0,1.96,28,619.8,57989.368055555555
30,32.0,1.96,28,619.8,57989.36875
29,36.0,1.96,28,619.8,57989.36944444444
29,27.0,1.96,28,619.7,57989.37013888889
32,33.0,1.95,28,619.6,57989.370833333334
30,35.0,1.95,28,619.6,57989.37152777778
30,34.0,1.95,28,619.6,57989.37222222222
32,31.0,1.95,28,619.7,57989.37291666667
29,45.0,1.95,28,619.7,57989.373611111114
29,32.0,1.95,29,619.7,57989.37430555555
31,38.0,1.94,29,619.7,57989.375
31,27.0,1.93,29,619.7,57989.37569444445
30,34.0,1.93,29,619.8,57989.376388888886
30,33.0,1.93,29,619.7,57989.37708333333
29,32.0,1.93,29,619.8,57989.37777777778
30,33.0,1.93,29,619.8,57989.37847222222
30,39.0,1.93,29,619.7,57989.379166666666
30,34.0,1.93,29,619.7,57989.37986111111
30,31.0,1.93,29,619.7,57989.38055555556
30,34.0,1.93,30,619.7,57989.38125
30,42.0,1.92,30,619.7,57989.381944444445
29,38.0,1.91,30,619.7,57989.38263888889
29,33.0,1.91,30,619.7,57989.38333333333
29,28.0,1.9,30,619.7,57989.38402777778
30,28.0,1.9,30,619.7,57989.384722222225
30,28.0,1.9,30,619.7,57989.385416666664
30,33.0,1.89,30,619.7,57989.38611111111
31,31.0,1.88,29,619.7,57989.38680555556
29,25.0,1.88,29,619.7,57989.3875
28,32.0,1.89,29,619.6,57989.388194444444
30,35.0,1.89,29,619.6,57989.38888888889
29,35.0,1.9,29,619.6,57989.38958333333
30,31.0,1.89,28,619.6,57989.39027777778
28,38.0,1.9,28,619.6,57989.39097222222
30,30.0,1.9,29,619.6,57989.39166666667
30,33.0,1.9,28,619.6,57989.39236111111
30,31.0,1.89,28,619.6,57989.393055555556
33,24.0,1.89,28,619.6,57989.39375
31,30.0,1.9,28,619.6,57989.39444444444
31,36.0,1.9,27,619.6,57989.39513888889
31,38.0,1.9,27,619.6,57989.395833333336
31,28.0,1.91,28,619.6,57989.396527777775
32,39.0,1.93,27,619.6,57989.39722222222
32,29.0,1.93,26,619.5,57989.39791666667
33,32.0,1.94,26,619.5,57989.39861111111
33,34.0,1.96,25,619.6,57989.399305555555
32,30.0,1.97,23,619.6,57989.4
31,32.0,1.99,23,619.5,57989.40069444444
33,30.0,2.02,22,619.5,57989.40138888889
32,40.0,2.03,21,619.5,57989.402083333334
32,35.0,2.05,20,619.5,57989.40277777778
31,49.0,2.07,19,619.5,57989.40347222222
31,43.0,2.1,19,619.5,57989.40416666667
31,35.0,2.12,19,619.5,57989.404861111114
32,33.0,2.14,19,619.5,57989.40555555555
31,42.0,2.15,19,619.5,57989.40625
30,36.0,2.14,19,619.5,57989.40694444445
32,42.0,2.12,18,619.5,57989.407638888886
32,48.0,2.1,17,619.5,57989.40833333333
31,39.0,2.1,17,619.5,57989.40902777778
31,37.0,2.11,17,619.5,57989.40972222222
31,36.0,2.11,17,619.5,57989.410416666666
31,34.0,2.11,16,619.5,57989.41111111111
31,32.0,2.12,16,619.4,57989.41180555556
32,35.0,2.14,16,619.4,57989.4125
31,35.0,2.16,15,619.4,57989.413194444445
32,35.0,2.18,15,619.4,57989.41388888889
32,29.0,2.21,15,619.5,57989.41458333333
33,42.0,2.23,15,619.4,57989.41527777778
32,38.0,2.24,15,619.4,57989.415972222225
