wind_speed,wind_direction,temperature,relative_humidity,pressure,mjd
9,158,3.58,38,620.2,57242.416666666664
9,161,3.57,36,620.2,57242.41736111111
7,162,3.57,38,620.2,57242.41805555556
6,164,3.58,39,620.2,57242.41875
8,160,3.58,39,620.2,57242.419444444444
7,161,3.57,40,620.2,57242.42013888889
8,160,3.54,39,620.2,57242.42083333333
7,159,3.52,39,620.2,57242.42152777778
9,130,3.47,38,620.2,57242.42222222222
10,164,3.41,38,620.1,57242.42291666667
11,154,3.34,35,620.1,57242.42361111111
11,165,3.29,34,620.1,57242.424305555556
8,169,3.28,33,620.1,57242.425
8,167,3.3,34,620.1,57242.42569444444
7,168,3.33,33,620.1,57242.42638888889
8,168,3.37,33,620.1,57242.427083333336
8,168,3.41,35,620.1,57242.427777777775
7,170,3.43,38,620.1,57242.42847222222
8,170,3.41,38,620.1,57242.42916666667
8,170,3.34,39,620.0,57242.42986111111
8,170,3.28,40,620.0,57242.430555555555
8,169,3.22,40,620.0,57242.43125
9,166,3.16,41,620.0,57242.43194444444
10,165,3.1,40,620.0,57242.43263888889
8,165,3.06,40,620.0,57242.433333333334
8,164,3.04,41,620.0,57242.43402777778
10,161,3.0,40,620.0,57242.43472222222
10,159,3.0,40,620.0,57242.43541666667
10,157,3.02,40,620.0,57242.436111111114
10,159,3.06,42,620.0,57242.43680555555
9,157,3.11,40,620.0,57242.4375
10,157,3.16,39,620.0,57242.43819444445
10,156,3.22,40,620.0,57242.438888888886
8,157,3.26,39,620.0,57242.43958333333
7,155,3.31,40,620.0,57242.44027777778
7,155,3.35,42,620.0,57242.44097222222
9,155,3.38,45,620.0,57242.441666666666
9,153,3.41,47,620.0,57242.44236111111
9,156,3.43,48,620.0,57242.44305555556
10,153,3.46,48,620.0,57242.44375
9,151,3.5,47,619.9,57242.444444444445
10,147,3.54,48,619.9,57242.44513888889
10,147,3.57,48,619.9,57242.44583333333
10,150,3.58,47,619.9,57242.44652777778
10,147,3.59,48,619.9,57242.447222222225
13,144,3.58,49,619.9,57242.447916666664
13,141,3.56,47,619.9,57242.44861111111
14,143,3.55,47,619.9,57242.44930555556
11,140,3.55,46,619.9,57242.45
8,140,3.58,44,619.9,57242.450694444444
7,144,3.61,44,619.9,57242.45138888889
8,146,3.64,45,619.9,57242.45208333333
9,151,3.64,45,619.9,57242.45277777778
10,148,3.63,46,619.9,57242.45347222222
13,148,3.61,48,619.9,57242.45416666667
12,152,3.59,48,619.9,57242.45486111111
13,147,3.58,47,619.9,57242.455555555556
13,149,3.56,48,619.9,57242.45625
11,146,3.55,47,619.8,57242.45694444444
11,144,3.54,46,619.8,57242.45763888889
10,147,3.55,45,619.8,57242.458333333336
11,147,3.57,46,619.8,57242.459027777775
12,146,3.58,46,619.8,57242.45972222222
12,145,3.58,45,619.8,57242.46041666667
13,146,3.57,46,619.8,57242.46111111111
12,148,3.55,47,619.7,57242.461805555555
14,148,3.52,48,619.7,57242.4625
13,147,3.5,48,619.7,57242.46319444444
16,145,3.47,48,619.7,57242.46388888889
15,148,3.44,46,619.7,57242.464583333334
11,150,3.45,46,619.7,57242.46527777778
14,142,3.46,42,619.7,57242.46597222222
13,156,3.47,40,619.7,57242.46666666667
11,153,3.49,41,619.7,57242.467361111114
10,150,3.51,40,619.7,57242.46805555555
14,145,3.51,42,619.6,57242.46875
17,144,3.5,46,619.7,57242.46944444445
12,150,3.49,45,619.6,57242.470138888886
14,142,3.5,44,619.6,57242.47083333333
15,146,3.52,44,619.6,57242.47152777778
15,149,3.52,45,619.6,57242.47222222222
13,148,3.52,43,619.6,57242.472916666666
12,151,3.53,42,619.6,57242.47361111111
13,145,3.52,41,619.6,57242.47430555556
15,143,3.49,43,619.5,57242.475
15,147,3.47,43,619.6,57242.475694444445
14,148,3.44,43,619.6,57242.47638888889
14,145,3.4,45,619.6,57242.47708333333
14,146,3.38,47,619.6,57242.47777777778
15,148,3.37,46,619.6,57242.478472222225
15,144,3.36,46,619.6,57242.479166666664
15,146,3.36,46,619.6,57242.47986111111
15,144,3.36,45,619.6,57242.48055555556
16,147,3.36,45,619.6,57242.48125
16,144,3.37,43,619.6,57242.481944444444
15,145,3.4,43,619.6,57242.48263888889
13,150,3.42,42,619.5,57242.48333333333
13,146,3.44,42,619.5,57242.48402777778
16,145,3.48,45,619.5,57242.48472222222
14,143,3.5,44,619.5,57242.48541666667
15,141,3.52,43,619.5,57242.48611111111
16,145,3.52,43,619.5,57242.486805555556
17,147,3.55,45,619.5,57242.4875
19,145,3.55,44,619.5,57242.48819444444
18,145,3.57,41,619.5,57242.48888888889
17,151,3.59,41,619.5,57242.489583333336
17,149,3.62,44,619.5,57242.490277777775
16,144,3.64,44,619.5,57242.49097222222
18,145,3.64,44,619.5,57242.49166666667
18,154,3.64,46,619.5,57242.49236111111
15,108,3.64,44,619.4,57242.493055555555
16,123,3.64,43,619.4,57242.49375
17,143,3.64,44,619.4,57242.49444444444
17,144,3.62,43,619.4,57242.49513888889
18,145,3.61,43,619.4,57242.495833333334
18,143,3.62,45,619.4,57242.49652777778
15,144,3.63,46,619.4,57242.49722222222
16,122,3.64,45,619.4,57242.49791666667
16,141,3.65,46,619.4,57242.498611111114
19,142,3.64,47,619.4,57242.49930555555
19,147,3.65,48,619.4,57242.5
18,128,3.64,47,619.3,57242.50069444445
18,148,3.64,46,619.4,57242.501388888886
17,149,3.65,46,619.3,57242.50208333333
18,153,3.67,48,619.3,57242.50277777778
17,148,3.67,47,619.3,57242.50347222222
16,152,3.67,44,619.3,57242.504166666666
16,150,3.67,41,619.3,57242.50486111111
14,152,3.65,39,619.3,57242.50555555556
14,150,3.65,39,619.3,57242.50625
16,147,3.66,43,619.3,57242.506944444445
16,153,3.67,44,619.3,57242.50763888889
16,150,3.68,45,619.3,57242.50833333333
17,148,3.7,47,619.3,57242.50902777778
17,141,3.71,47,619.2,57242.509722222225
16,147,3.73,46,619.2,57242.510416666664
16,146,3.76,47,619.2,57242.51111111111
16,145,3.75,44,619.2,57242.51180555556
16,148,3.73,41,619.2,57242.5125
16,149,3.73,43,619.2,57242.513194444444
17,146,3.73,43,619.2,57242.51388888889
16,145,3.73,42,619.2,57242.51458333333
16,13,3.73,42,619.2,57242.51527777778
16,101,3.73,42,619.2,57242.51597222222
16,146,3.73,42,619.2,57242.51666666667
17,143,3.73,42,619.2,57242.51736111111
16,149,3.73,40,619.2,57242.518055555556
16,150,3.71,39,619.2,57242.51875
14,151,3.7,41,619.2,57242.51944444444
14,149,3.71,43,619.2,57242.52013888889
14,155,3.73,44,619.2,57242.520833333336
13,155,3.76,42,619.2,57242.521527777775
11,159,3.78,41,619.2,57242.52222222222
10,155,3.79,42,619.2,57242.52291666667
11,158,3.79,42,619.2,57242.52361111111
10,158,3.77,42,619.2,57242.524305555555
11,160,3.74,39,619.2,57242.525
8,159,3.71,38,619.2,57242.52569444444
7,160,3.68,37,619.2,57242.52638888889
8,159,3.62,36,619.2,57242.527083333334
9,159,3.56,37,619.2,57242.52777777778
9,157,3.5,37,619.1,57242.52847222222
10,155,3.47,38,619.1,57242.52916666667
9,155,3.47,36,619.1,57242.529861111114
11,154,3.48,36,619.1,57242.53055555555
11,154,3.51,37,619.1,57242.53125
12,151,3.53,35,619.1,57242.53194444445
12,152,3.55,35,619.1,57242.532638888886
13,151,3.59,36,619.1,57242.53333333333
13,150,3.62,36,619.1,57242.53402777778
14,144,3.65,35,619.1,57242.53472222222
15,145,3.69,35,619.1,57242.535416666666
13,143,3.71,36,619.1,57242.53611111111
14,143,3.73,36,619.1,57242.53680555556
14,68,3.75,34,619.1,57242.5375
13,138,3.78,32,619.1,57242.538194444445
13,141,3.82,32,619.1,57242.53888888889
13,136,3.85,32,619.1,57242.53958333333
13,128,3.87,32,619.1,57242.54027777778
13,140,3.88,32,619.1,57242.540972222225
14,132,3.89,33,619.1,57242.541666666664
13,138,3.89,34,619.1,57242.54236111111
15,130,3.91,36,619.1,57242.54305555556
15,139,3.92,37,619.1,57242.54375
15,137,3.94,36,619.1,57242.544444444444
15,111,3.95,35,619.1,57242.54513888889
16,128,3.95,33,619.1,57242.54583333333
15,133,3.95,33,619.1,57242.54652777778
14,136,3.95,33,619.1,57242.54722222222
15,128,3.95,35,619.1,57242.54791666667
16,136,3.95,37,619.1,57242.54861111111
16,129,3.95,39,619.1,57242.549305555556
15,111,3.95,39,619.1,57242.55
16,130,3.95,42,619.1,57242.55069444444
16,134,3.95,43,619.1,57242.55138888889
15,93,3.95,43,619.1,57242.552083333336
15,140,3.97,44,619.1,57242.552777777775
15,139,3.98,45,619.1,57242.55347222222
16,134,3.98,45,619.1,57242.55416666667
17,131,3.98,46,619.1,57242.55486111111
17,139,3.98,46,619.1,57242.555555555555
16,130,3.98,46,619.1,57242.55625
17,135,3.98,47,619.1,57242.55694444444
17,132,3.98,47,619.0,57242.55763888889
17,134,3.99,47,619.0,57242.558333333334
16,134,4.0,47,619.0,57242.55902777778
17,134,4.01,48,619.0,57242.55972222222
17,136,4.03,49,619.1,57242.56041666667
16,102,4.04,48,619.1,57242.561111111114
14,137,4.04,48,619.1,57242.56180555555
13,134,4.01,48,619.1,57242.5625
13,2,4.0,47,619.1,57242.56319444445
14,136,3.98,48,619.1,57242.563888888886
14,132,3.98,48,619.1,57242.56458333333
16,131,3.98,49,619.1,57242.56527777778
16,131,3.97,50,619.0,57242.56597222222
16,134,3.96,51,619.0,57242.566666666666
17,133,3.95,51,619.0,57242.56736111111
15,131,3.96,50,619.0,57242.56805555556
15,134,3.95,50,619.1,57242.56875
14,132,3.95,50,619.1,57242.569444444445
15,132,3.97,50,619.1,57242.57013888889
14,133,3.98,50,619.1,57242.57083333333
14,67,3.99,50,619.1,57242.57152777778
14,133,4.01,51,619.1,57242.572222222225
15,132,4.01,51,619.1,57242.572916666664
14,130,4.01,51,619.1,57242.57361111111
14,133,4.0,51,619.1,57242.57430555556
14,86,4.0,51,619.1,57242.575
13,134,3.98,51,619.2,57242.575694444444
13,134,3.98,51,619.2,57242.57638888889
12,136,3.98,51,619.2,57242.57708333333
12,135,3.98,51,619.2,57242.57777777778
13,134,3.98,51,619.2,57242.57847222222
13,106,3.99,51,619.2,57242.57916666667
13,137,4.0,52,619.2,57242.57986111111
13,129,4.01,52,619.2,57242.580555555556
13,134,4.01,51,619.2,57242.58125
13,135,4.01,51,619.2,57242.58194444444
13,12,4.01,51,619.2,57242.58263888889
13,131,4.01,51,619.2,57242.583333333336
12,114,4.02,51,619.2,57242.584027777775
12,0,4.04,51,619.2,57242.58472222222
12,3,4.04,51,619.2,57242.58541666667
12,135,4.04,51,619.2,57242.58611111111
11,135,4.04,51,619.2,57242.586805555555
11,62,4.04,51,619.2,57242.5875
11,136,4.04,51,619.2,57242.58819444444
11,136,4.04,50,619.2,57242.58888888889
12,135,4.03,51,619.2,57242.589583333334
12,135,4.01,51,619.2,57242.59027777778
11,140,4.01,51,619.2,57242.59097222222
12,137,4.0,51,619.2,57242.59166666667
13,136,3.98,51,619.2,57242.592361111114
13,135,3.98,51,619.2,57242.59305555555
12,137,3.98,51,619.2,57242.59375
12,136,3.98,51,619.2,57242.59444444445
12,135,3.98,50,619.2,57242.595138888886
11,136,3.99,50,619.2,57242.59583333333
11,29,4.01,50,619.2,57242.59652777778
11,140,4.01,49,619.2,57242.59722222222
10,140,4.02,49,619.3,57242.597916666666
10,141,4.01,48,619.3,57242.59861111111
10,134,4.02,48,619.3,57242.59930555556
10,140,4.02,48,619.3,57242.6
10,140,4.01,48,619.3,57242.600694444445
10,6,3.99,48,619.4,57242.60138888889
10,137,3.96,48,619.4,57242.60208333333
10,137,3.94,48,619.4,57242.60277777778
11,135,3.94,47,619.3,57242.603472222225
11,135,3.94,46,619.3,57242.604166666664
10,136,3.95,46,619.3,57242.60486111111
10,137,3.95,46,619.3,57242.60555555556
10,111,3.95,46,619.3,57242.60625
10,138,3.96,46,619.3,57242.606944444444
10,136,3.95,46,619.4,57242.60763888889
10,138,3.96,47,619.4,57242.60833333333
11,135,3.96,46,619.4,57242.60902777778
10,136,3.95,46,619.3,57242.60972222222
12,132,3.94,47,619.3,57242.61041666667
12,132,3.92,47,619.3,57242.61111111111
11,134,3.9,48,619.4,57242.611805555556
10,132,3.89,48,619.4,57242.6125
11,131,3.88,48,619.4,57242.61319444444
11,130,3.89,48,619.4,57242.61388888889
11,129,3.88,48,619.4,57242.614583333336
11,29,3.86,48,619.4,57242.615277777775
10,90,3.86,47,619.4,57242.61597222222
11,132,3.85,48,619.4,57242.61666666667
11,128,3.83,50,619.4,57242.61736111111
10,130,3.82,49,619.4,57242.618055555555
11,130,3.82,49,619.4,57242.61875
11,126,3.8,48,619.4,57242.61944444444
11,132,3.78,48,619.4,57242.62013888889
12,131,3.76,47,619.4,57242.620833333334
12,131,3.74,46,619.4,57242.62152777778
12,131,3.73,46,619.4,57242.62222222222
12,130,3.72,46,619.4,57242.62291666667
10,131,3.74,45,619.4,57242.623611111114
10,132,3.77,44,619.4,57242.62430555555
9,134,3.81,43,619.4,57242.625
9,136,3.85,42,619.4,57242.62569444445
10,98,3.88,41,619.4,57242.626388888886
10,132,3.89,39,619.4,57242.62708333333
10,134,3.92,37,619.4,57242.62777777778
10,134,3.93,37,619.4,57242.62847222222
10,130,3.95,37,619.4,57242.629166666666
9,131,3.94,37,619.4,57242.62986111111
9,130,3.92,35,619.4,57242.63055555556
9,129,3.9,34,619.4,57242.63125
9,129,3.89,34,619.4,57242.631944444445
10,131,3.87,33,619.4,57242.63263888889
11,131,3.87,32,619.4,57242.63333333333
11,130,3.88,32,619.4,57242.63402777778
10,129,3.87,31,619.4,57242.634722222225
10,129,3.87,31,619.4,57242.635416666664
10,129,3.87,31,619.4,57242.63611111111
11,132,3.89,30,619.4,57242.63680555556
11,67,3.89,30,619.4,57242.6375
12,129,3.91,31,619.4,57242.638194444444
12,128,3.91,31,619.4,57242.63888888889
12,128,3.9,31,619.4,57242.63958333333
12,128,3.88,30,619.5,57242.64027777778
11,130,3.85,30,619.5,57242.64097222222
11,128,3.83,30,619.5,57242.64166666667
10,130,3.82,30,619.5,57242.64236111111
10,128,3.82,30,619.5,57242.643055555556
10,134,3.84,30,619.5,57242.64375
9,129,3.87,30,619.5,57242.64444444444
10,131,3.89,30,619.5,57242.64513888889
11,135,3.91,31,619.5,57242.645833333336
10,128,3.93,31,619.5,57242.646527777775
10,132,3.94,31,619.5,57242.64722222222
11,130,3.92,31,619.5,57242.64791666667
11,129,3.92,33,619.5,57242.64861111111
11,134,3.89,33,619.5,57242.649305555555
11,129,3.89,38,619.5,57242.65
11,130,3.88,36,619.5,57242.65069444444
10,134,3.86,35,619.5,57242.65138888889
9,134,3.86,35,619.5,57242.652083333334
10,131,3.86,38,619.4,57242.65277777778
10,133,3.86,41,619.4,57242.65347222222
10,129,3.87,39,619.4,57242.65416666667
11,129,3.88,38,619.4,57242.654861111114
10,128,3.89,34,619.4,57242.65555555555
10,130,3.89,33,619.4,57242.65625
10,130,3.89,32,619.4,57242.65694444445
10,128,3.89,32,619.4,57242.657638888886
9,128,3.87,32,619.4,57242.65833333333
10,128,3.85,32,619.5,57242.65902777778
11,128,3.82,32,619.5,57242.65972222222
10,129,3.79,32,619.5,57242.660416666666
10,129,3.77,32,619.5,57242.66111111111
9,133,3.77,31,619.5,57242.66180555556
8,133,3.78,30,619.5,57242.6625
7,131,3.79,30,619.6,57242.663194444445
9,131,3.8,30,619.5,57242.66388888889
8,131,3.8,30,619.5,57242.66458333333
8,129,3.79,30,619.5,57242.66527777778
8,132,3.79,32,619.5,57242.665972222225
8,131,3.78,32,619.5,57242.666666666664
9,131,3.78,32,619.5,57242.66736111111
8,130,3.78,32,619.5,57242.66805555556
9,130,3.79,33,619.5,57242.66875
9,128,3.81,34,619.6,57242.669444444444
9,128,3.82,33,619.6,57242.67013888889
9,128,3.83,32,619.6,57242.67083333333
9,128,3.86,31,619.6,57242.67152777778
8,130,3.88,31,619.6,57242.67222222222
9,130,3.91,31,619.6,57242.67291666667
10,127,3.94,32,619.6,57242.67361111111
10,127,3.96,32,619.6,57242.674305555556
10,129,3.97,31,619.6,57242.675
10,128,4.0,30,619.6,57242.67569444444
10,132,4.03,29,619.6,57242.67638888889
9,132,4.06,29,619.6,57242.677083333336
8,131,4.09,29,619.6,57242.677777777775
9,131,4.11,28,619.6,57242.67847222222
9,135,4.14,28,619.6,57242.67916666667
10,135,4.17,29,619.6,57242.67986111111
10,133,4.2,29,619.6,57242.680555555555
7,136,4.24,28,619.6,57242.68125
8,134,4.27,28,619.6,57242.68194444444
9,130,4.3,29,619.6,57242.68263888889
10,130,4.34,28,619.6,57242.683333333334
9,132,4.36,28,619.6,57242.68402777778
9,136,4.4,28,619.6,57242.68472222222
9,134,4.43,29,619.6,57242.68541666667
9,136,4.46,28,619.6,57242.686111111114
10,134,4.49,30,619.6,57242.68680555555
11,130,4.53,30,619.6,57242.6875
10,138,4.57,29,619.6,57242.68819444445
11,131,4.6,29,619.6,57242.688888888886
12,133,4.64,29,619.7,57242.68958333333
11,128,4.67,27,619.7,57242.69027777778
10,131,4.69,27,619.7,57242.69097222222
11,131,4.72,27,619.7,57242.691666666666
11,135,4.74,27,619.7,57242.69236111111
11,127,4.77,27,619.7,57242.69305555556
9,135,4.8,27,619.7,57242.69375
9,140,4.83,27,619.7,57242.694444444445
11,129,4.87,28,619.8,57242.69513888889
10,137,4.91,29,619.8,57242.69583333333
8,134,4.94,28,619.8,57242.69652777778
9,133,4.96,28,619.8,57242.697222222225
9,136,5.0,28,619.8,57242.697916666664
9,135,5.03,28,619.8,57242.69861111111
11,130,5.07,28,619.8,57242.69930555556
11,130,5.12,30,619.8,57242.7
10,132,5.17,28,619.8,57242.700694444444
10,132,5.2,28,619.8,57242.70138888889
11,129,5.24,30,619.8,57242.70208333333
10,129,5.28,29,619.8,57242.70277777778
10,128,5.31,27,619.8,57242.70347222222
11,131,5.34,27,619.8,57242.70416666667
12,129,5.38,28,619.8,57242.70486111111
11,137,5.42,28,619.8,57242.705555555556
11,133,5.45,29,619.8,57242.70625
11,134,5.47,28,619.8,57242.70694444444
11,131,5.49,27,619.8,57242.70763888889
11,132,5.5,26,619.8,57242.708333333336
12,127,5.5,26,619.8,57242.709027777775
13,131,5.51,26,619.9,57242.70972222222
11,138,5.52,26,619.9,57242.71041666667
11,131,5.52,26,619.8,57242.71111111111
11,131,5.52,25,619.8,57242.711805555555
13,137,5.53,26,619.8,57242.7125
12,133,5.55,26,619.8,57242.71319444444
12,129,5.57,26,619.8,57242.71388888889
12,131,5.6,26,619.8,57242.714583333334
14,131,5.64,26,619.9,57242.71527777778
14,128,5.68,25,619.9,57242.71597222222
15,128,5.74,26,619.9,57242.71666666667
14,132,5.8,26,619.9,57242.717361111114
13,127,5.86,26,619.9,57242.71805555555
13,130,5.89,26,619.9,57242.71875
13,134,5.94,27,619.9,57242.71944444445
10,137,5.97,27,619.9,57242.720138888886
12,133,5.99,26,619.9,57242.72083333333
12,131,5.99,26,619.9,57242.72152777778
12,129,6.01,29,620.0,57242.72222222222
14,128,6.03,32,620.0,57242.722916666666
14,128,6.06,31,620.0,57242.72361111111
13,130,6.06,27,620.0,57242.72430555556
15,128,6.08,30,620.0,57242.725
14,127,6.11,29,620.0,57242.725694444445
15,130,6.12,30,620.0,57242.72638888889
14,132,6.15,30,620.0,57242.72708333333
11,128,6.16,27,620.0,57242.72777777778
14,130,6.15,29,620.0,57242.728472222225
14,134,6.18,31,620.0,57242.729166666664
15,130,6.2,31,620.0,57242.72986111111
12,130,6.21,29,620.0,57242.73055555556
12,126,6.18,27,620.0,57242.73125
16,136,6.17,28,620.0,57242.731944444444
12,135,6.18,25,620.0,57242.73263888889
14,126,6.18,25,620.1,57242.73333333333
16,128,6.22,25,620.1,57242.73402777778
16,127,6.25,24,620.1,57242.73472222222
16,126,6.31,28,620.1,57242.73541666667
14,126,6.37,26,620.1,57242.73611111111
14,130,6.43,25,620.1,57242.736805555556
15,125,6.49,30,620.1,57242.7375
14,127,6.54,28,620.1,57242.73819444444
14,130,6.54,27,620.1,57242.73888888889
14,118,6.54,27,620.1,57242.739583333336
13,127,6.57,28,620.1,57242.740277777775
15,123,6.62,29,620.1,57242.74097222222
15,128,6.72,31,620.1,57242.74166666667
14,127,6.81,28,620.1,57242.74236111111
15,124,6.87,28,620.1,57242.743055555555
16,117,6.93,29,620.1,57242.74375
15,114,6.97,29,620.1,57242.74444444444
14,126,7.0,27,620.1,57242.74513888889
15,129,7.03,28,620.1,57242.745833333334
12,130,7.03,27,620.1,57242.74652777778
14,116,7.0,27,620.1,57242.74722222222
15,127,7.02,28,620.1,57242.74791666667
15,110,7.05,28,620.1,57242.748611111114
15,125,7.08,28,620.1,57242.74930555555
14,125,7.12,28,620.1,57242.75
14,131,7.13,27,620.1,57242.75069444445
16,126,7.18,27,620.2,57242.751388888886
16,124,7.25,28,620.2,57242.75208333333
14,117,7.32,26,620.2,57242.75277777778
12,107,7.32,25,620.2,57242.75347222222
13,126,7.31,26,620.2,57242.754166666666
15,119,7.3,26,620.2,57242.75486111111
14,121,7.28,25,620.2,57242.75555555556
16,110,7.28,27,620.2,57242.75625
15,127,7.29,27,620.2,57242.756944444445
15,116,7.3,27,620.2,57242.75763888889
16,120,7.32,28,620.1,57242.75833333333
17,118,7.36,28,620.1,57242.75902777778
16,126,7.42,27,620.2,57242.759722222225
14,124,7.46,26,620.2,57242.760416666664
15,128,7.49,26,620.2,57242.76111111111
16,111,7.56,28,620.2,57242.76180555556
15,124,7.65,27,620.2,57242.7625
12,131,7.69,27,620.2,57242.763194444444
16,121,7.75,27,620.2,57242.76388888889
16,116,7.81,28,620.2,57242.76458333333
16,115,7.84,28,620.2,57242.76527777778
16,122,7.86,28,620.2,57242.76597222222
15,113,7.86,28,620.2,57242.76666666667
14,123,7.82,27,620.2,57242.76736111111
16,124,7.79,29,620.3,57242.768055555556
15,126,7.78,29,620.3,57242.76875
15,123,7.73,27,620.3,57242.76944444444
16,128,7.69,28,620.3,57242.77013888889
16,122,7.66,28,620.3,57242.770833333336
13,129,7.62,26,620.3,57242.771527777775
15,125,7.57,26,620.3,57242.77222222222
14,125,7.53,28,620.3,57242.77291666667
13,140,7.51,29,620.3,57242.77361111111
14,125,7.49,28,620.3,57242.774305555555
15,128,7.48,26,620.3,57242.775
15,126,7.48,26,620.3,57242.77569444444
14,130,7.49,24,620.3,57242.77638888889
16,127,7.49,24,620.3,57242.777083333334
16,136,7.49,23,620.3,57242.77777777778
16,117,7.49,25,620.3,57242.77847222222
16,137,7.52,26,620.3,57242.77916666667
15,133,7.53,23,620.3,57242.779861111114
16,124,7.5,22,620.3,57242.78055555555
13,134,7.47,26,620.3,57242.78125
15,134,7.45,27,620.3,57242.78194444445
15,126,7.43,25,620.3,57242.782638888886
16,129,7.44,24,620.3,57242.78333333333
18,124,7.43,22,620.3,57242.78402777778
16,140,7.43,21,620.3,57242.78472222222
17,127,7.45,23,620.3,57242.785416666666
15,127,7.49,22,620.3,57242.78611111111
17,125,7.51,26,620.3,57242.78680555556
18,140,7.53,22,620.3,57242.7875
18,140,7.56,23,620.3,57242.788194444445
15,134,7.58,26,620.3,57242.78888888889
16,142,7.58,24,620.3,57242.78958333333
15,140,7.58,25,620.3,57242.79027777778
14,140,7.58,28,620.3,57242.790972222225
14,140,7.54,27,620.3,57242.791666666664
14,133,7.51,29,620.3,57242.79236111111
16,135,7.49,28,620.3,57242.79305555556
14,140,7.46,28,620.3,57242.79375
13,144,7.41,32,620.3,57242.794444444444
14,143,7.33,29,620.4,57242.79513888889
14,138,7.26,29,620.4,57242.79583333333
14,136,7.2,30,620.4,57242.79652777778
13,141,7.13,29,620.4,57242.79722222222
14,128,7.08,31,620.4,57242.79791666667
16,127,7.05,31,620.4,57242.79861111111
16,127,7.02,28,620.4,57242.799305555556
17,134,7.01,30,620.3,57242.8
14,125,7.0,32,620.4,57242.80069444444
14,144,6.97,34,620.3,57242.80138888889
13,150,6.95,28,620.4,57242.802083333336
13,138,6.96,31,620.4,57242.802777777775
15,132,6.97,30,620.4,57242.80347222222
14,131,6.98,30,620.4,57242.80416666667
14,124,6.97,28,620.4,57242.80486111111
13,128,6.94,26,620.4,57242.805555555555
13,131,6.95,28,620.4,57242.80625
14,130,6.99,28,620.4,57242.80694444444
12,135,7.04,26,620.4,57242.80763888889
12,133,7.09,29,620.4,57242.808333333334
11,140,7.12,27,620.4,57242.80902777778
9,144,7.14,29,620.4,57242.80972222222
11,137,7.17,32,620.4,57242.81041666667
14,106,7.18,25,620.4,57242.811111111114
14,140,7.23,22,620.4,57242.81180555555
12,136,7.34,26,620.4,57242.8125
11,134,7.39,26,620.4,57242.81319444445
12,130,7.42,31,620.4,57242.813888888886
13,141,7.43,27,620.4,57242.81458333333
11,134,7.44,28,620.4,57242.81527777778
12,121,7.41,28,620.4,57242.81597222222
13,138,7.35,24,620.4,57242.816666666666
11,130,7.31,24,620.4,57242.81736111111
12,133,7.28,28,620.4,57242.81805555556
11,132,7.24,29,620.4,57242.81875
9,145,7.19,26,620.4,57242.819444444445
12,138,7.15,24,620.4,57242.82013888889
11,138,7.15,25,620.4,57242.82083333333
13,107,7.18,23,620.4,57242.82152777778
11,135,7.18,23,620.4,57242.822222222225
12,131,7.21,27,620.4,57242.822916666664
12,133,7.25,26,620.4,57242.82361111111
10,136,7.3,24,620.4,57242.82430555556
13,129,7.35,26,620.4,57242.825
15,111,7.37,21,620.4,57242.825694444444
13,132,7.41,26,620.4,57242.82638888889
13,138,7.45,33,620.4,57242.82708333333
11,140,7.45,31,620.4,57242.82777777778
11,146,7.48,33,620.4,57242.82847222222
13,130,7.54,32,620.4,57242.82916666667
15,140,7.62,29,620.4,57242.82986111111
12,140,7.7,27,620.4,57242.830555555556
11,153,7.78,28,620.4,57242.83125
13,138,7.87,30,620.4,57242.83194444444
15,132,7.91,28,620.3,57242.83263888889
16,138,7.93,26,620.3,57242.833333333336
14,132,7.96,26,620.4,57242.834027777775
16,136,8.02,25,620.4,57242.83472222222
15,132,8.07,23,620.4,57242.83541666667
14,125,8.08,25,620.4,57242.83611111111
18,133,8.09,22,620.4,57242.836805555555
13,146,8.12,23,620.4,57242.8375
13,140,8.15,24,620.4,57242.83819444444
15,128,8.16,26,620.4,57242.83888888889
14,139,8.15,25,620.4,57242.839583333334
13,137,8.12,26,620.4,57242.84027777778
12,144,8.08,26,620.4,57242.84097222222
11,144,8.04,28,620.4,57242.84166666667
15,124,8.03,28,620.4,57242.842361111114
16,131,8.01,29,620.4,57242.84305555555
14,132,8.02,29,620.4,57242.84375
15,150,8.06,30,620.4,57242.84444444445
14,142,8.14,31,620.4,57242.845138888886
12,135,8.21,30,620.4,57242.84583333333
13,124,8.2,30,620.4,57242.84652777778
14,139,8.16,32,620.4,57242.84722222222
12,142,8.11,32,620.4,57242.847916666666
12,134,8.07,32,620.4,57242.84861111111
16,127,8.0,30,620.4,57242.84930555556
15,138,7.95,32,620.4,57242.85
15,135,7.94,32,620.4,57242.850694444445
12,138,7.91,33,620.4,57242.85138888889
14,115,7.88,33,620.4,57242.85208333333
14,116,7.87,32,620.5,57242.85277777778
12,135,7.87,30,620.5,57242.853472222225
14,132,7.85,33,620.5,57242.854166666664
13,138,7.81,28,620.5,57242.85486111111
13,143,7.76,26,620.5,57242.85555555556
15,111,7.76,25,620.5,57242.85625
16,109,7.78,24,620.5,57242.856944444444
15,134,7.79,25,620.5,57242.85763888889
11,121,7.78,29,620.5,57242.85833333333
9,140,7.74,32,620.5,57242.85902777778
15,126,7.73,33,620.5,57242.85972222222
15,135,7.72,28,620.5,57242.86041666667
16,121,7.75,23,620.4,57242.86111111111
15,124,7.79,21,620.4,57242.861805555556
16,124,7.84,25,620.4,57242.8625
16,110,7.94,26,620.4,57242.86319444444
14,111,8.1,29,620.4,57242.86388888889
16,127,8.3,27,620.4,57242.864583333336
16,130,8.47,27,620.4,57242.865277777775
15,130,8.57,31,620.4,57242.86597222222
12,141,8.58,31,620.5,57242.86666666667
14,126,8.53,32,620.5,57242.86736111111
15,133,8.45,29,620.4,57242.868055555555
16,125,8.39,27,620.5,57242.86875
14,138,8.36,30,620.5,57242.86944444444
17,136,8.39,32,620.5,57242.87013888889
14,144,8.4,29,620.5,57242.870833333334
15,144,8.4,31,620.5,57242.87152777778
12,147,8.4,31,620.5,57242.87222222222
14,130,8.4,31,620.5,57242.87291666667
16,137,8.4,32,620.5,57242.873611111114
14,117,8.4,35,620.5,57242.87430555555
14,144,8.31,31,620.5,57242.875
12,128,8.19,30,620.5,57242.87569444445
14,130,8.1,30,620.5,57242.876388888886
14,136,8.02,27,620.5,57242.87708333333
15,113,7.99,30,620.5,57242.87777777778
14,125,7.98,31,620.5,57242.87847222222
12,136,7.97,32,620.5,57242.879166666666
11,86,7.92,35,620.5,57242.87986111111
15,142,7.86,37,620.4,57242.88055555556
15,143,7.8,32,620.4,57242.88125
16,143,7.76,33,620.4,57242.881944444445
14,129,7.78,32,620.5,57242.88263888889
16,148,7.8,31,620.5,57242.88333333333
15,117,7.82,30,620.5,57242.88402777778
14,139,7.83,30,620.5,57242.884722222225
14,131,7.8,31,620.5,57242.885416666664
16,143,7.75,31,620.5,57242.88611111111
15,138,7.73,32,620.5,57242.88680555556
16,130,7.73,32,620.5,57242.8875
12,140,7.75,32,620.5,57242.888194444444
16,135,7.76,32,620.5,57242.88888888889
14,140,7.79,28,620.5,57242.88958333333
17,113,7.82,29,620.5,57242.89027777778
17,134,7.87,30,620.5,57242.89097222222
14,126,7.9,32,620.5,57242.89166666667
16,126,7.91,33,620.5,57242.89236111111
15,134,7.89,34,620.5,57242.893055555556
13,135,7.88,34,620.5,57242.89375
11,144,7.87,35,620.5,57242.89444444444
15,117,7.83,33,620.5,57242.89513888889
16,139,7.81,31,620.5,57242.895833333336
18,111,7.81,28,620.5,57242.896527777775
18,135,7.86,27,620.5,57242.89722222222
14,127,7.93,30,620.5,57242.89791666667
10,123,7.96,32,620.5,57242.89861111111
15,147,7.94,32,620.5,57242.899305555555
15,140,7.91,32,620.5,57242.9
18,129,7.9,30,620.5,57242.90069444444
15,133,7.86,26,620.5,57242.90138888889
17,119,7.88,28,620.5,57242.902083333334
14,123,7.89,32,620.5,57242.90277777778
15,133,7.91,32,620.5,57242.90347222222
11,146,7.91,33,620.5,57242.90416666667
15,146,7.87,31,620.5,57242.904861111114
16,134,7.87,30,620.5,57242.90555555555
13,140,7.88,32,620.5,57242.90625
14,143,7.86,35,620.5,57242.90694444445
11,144,7.84,36,620.5,57242.907638888886
14,136,7.82,39,620.5,57242.90833333333
15,125,7.82,36,620.5,57242.90902777778
14,143,7.8,33,620.5,57242.90972222222
15,143,7.8,36,620.5,57242.910416666666
15,140,7.82,36,620.5,57242.91111111111
13,124,7.82,36,620.5,57242.91180555556
15,132,7.86,40,620.5,57242.9125
12,126,7.91,39,620.5,57242.913194444445
17,143,7.91,35,620.4,57242.91388888889
15,132,7.91,34,620.4,57242.91458333333
14,134,7.9,35,620.5,57242.91527777778
12,130,7.86,35,620.5,57242.915972222225
16,119,7.8,35,620.5,57242.916666666664
16,118,7.79,31,620.5,57242.91736111111
13,134,7.82,32,620.5,57242.91805555556
16,133,7.85,35,620.5,57242.91875
14,140,7.85,32,620.5,57242.919444444444
13,148,7.85,33,620.5,57242.92013888889
14,180,7.89,29,620.5,57242.92083333333
12,144,7.97,31,620.4,57242.92152777778
15,144,8.06,38,620.4,57242.92222222222
15,138,8.1,38,620.4,57242.92291666667
15,139,8.08,32,620.4,57242.92361111111
18,127,8.1,33,620.4,57242.924305555556
19,135,8.13,36,620.4,57242.925
13,126,8.1,39,620.4,57242.92569444444
15,129,8.0,38,620.4,57242.92638888889
17,144,7.89,32,620.4,57242.927083333336
14,139,7.83,34,620.4,57242.927777777775
17,140,7.8,37,620.4,57242.92847222222
16,138,7.85,33,620.4,57242.92916666667
15,135,7.88,33,620.4,57242.92986111111
11,149,7.88,34,620.4,57242.930555555555
11,139,7.86,37,620.4,57242.93125
15,160,7.83,39,620.4,57242.93194444444
10,146,7.78,39,620.4,57242.93263888889
17,134,7.76,42,620.4,57242.933333333334
16,130,7.74,39,620.4,57242.93402777778
15,145,7.71,37,620.4,57242.93472222222
11,138,7.67,39,620.4,57242.93541666667
18,144,7.64,40,620.3,57242.936111111114
17,165,7.69,40,620.3,57242.93680555555
16,130,7.78,41,620.3,57242.9375
18,144,7.83,41,620.3,57242.93819444445
17,139,7.82,40,620.4,57242.938888888886
14,134,7.78,41,620.3,57242.93958333333
19,140,7.73,39,620.3,57242.94027777778
18,154,7.67,33,620.3,57242.94097222222
15,153,7.68,38,620.4,57242.941666666666
15,134,7.71,38,620.4,57242.94236111111
20,128,7.73,39,620.4,57242.94305555556
20,133,7.77,38,620.3,57242.94375
19,132,7.8,39,620.3,57242.944444444445
17,133,7.79,38,620.3,57242.94513888889
16,145,7.74,36,620.3,57242.94583333333
16,138,7.7,37,620.3,57242.94652777778
14,148,7.65,35,620.3,57242.947222222225
15,130,7.61,37,620.3,57242.947916666664
17,137,7.59,34,620.3,57242.94861111111
16,139,7.61,36,620.3,57242.94930555556
17,138,7.63,35,620.3,57242.95
13,150,7.63,32,620.3,57242.950694444444
12,160,7.63,35,620.3,57242.95138888889
15,138,7.62,40,620.3,57242.95208333333
15,138,7.61,39,620.3,57242.95277777778
16,130,7.61,42,620.3,57242.95347222222
21,144,7.64,37,620.3,57242.95416666667
17,144,7.77,38,620.3,57242.95486111111
14,124,7.87,36,620.3,57242.955555555556
15,144,7.95,36,620.3,57242.95625
14,129,7.99,35,620.3,57242.95694444444
18,149,8.01,33,620.2,57242.95763888889
15,149,8.03,33,620.2,57242.958333333336
16,137,8.05,35,620.3,57242.959027777775
13,145,8.05,33,620.3,57242.95972222222
13,147,8.04,32,620.3,57242.96041666667
14,140,8.01,34,620.3,57242.96111111111
15,135,8.0,34,620.3,57242.961805555555
18,134,8.03,32,620.3,57242.9625
15,153,8.07,31,620.2,57242.96319444444
13,129,8.1,33,620.3,57242.96388888889
13,138,8.15,36,620.3,57242.964583333334
17,136,8.21,35,620.2,57242.96527777778
19,127,8.26,29,620.2,57242.96597222222
17,134,8.3,30,620.3,57242.96666666667
14,137,8.29,33,620.3,57242.967361111114
19,119,8.33,36,620.2,57242.96805555555
16,140,8.43,33,620.2,57242.96875
15,144,8.56,33,620.2,57242.96944444445
16,140,8.69,34,620.2,57242.970138888886
16,140,8.75,30,620.2,57242.97083333333
15,143,8.73,30,620.2,57242.97152777778
14,142,8.65,31,620.2,57242.97222222222
15,123,8.54,32,620.2,57242.972916666666
16,129,8.42,33,620.2,57242.97361111111
16,110,8.28,34,620.2,57242.97430555556
17,150,8.19,32,620.2,57242.975
13,141,8.14,34,620.2,57242.975694444445
11,139,8.14,36,620.2,57242.97638888889
13,136,8.19,35,620.2,57242.97708333333
18,139,8.26,32,620.2,57242.97777777778
13,144,8.31,35,620.2,57242.978472222225
12,100,8.28,37,620.2,57242.979166666664
14,127,8.23,36,620.2,57242.97986111111
15,132,8.21,30,620.2,57242.98055555556
17,133,8.24,32,620.2,57242.98125
16,111,8.36,34,620.2,57242.981944444444
10,139,8.48,36,620.2,57242.98263888889
11,128,8.53,37,620.2,57242.98333333333
15,145,8.55,32,620.2,57242.98402777778
12,124,8.56,32,620.1,57242.98472222222
13,130,8.58,30,620.2,57242.98541666667
15,134,8.61,33,620.2,57242.98611111111
15,141,8.71,33,620.1,57242.986805555556
17,130,8.82,31,620.1,57242.9875
16,118,8.88,30,620.1,57242.98819444444
11,138,8.88,32,620.2,57242.98888888889
11,115,8.82,33,620.1,57242.989583333336
17,96,8.79,33,620.1,57242.990277777775
16,116,8.86,31,620.1,57242.99097222222
19,128,8.97,33,620.1,57242.99166666667
11,129,9.07,31,620.1,57242.99236111111
13,157,9.1,33,620.1,57242.993055555555
14,147,9.15,32,620.1,57242.99375
14,136,9.2,32,620.1,57242.99444444444
13,121,9.21,33,620.0,57242.99513888889
20,119,9.19,30,620.0,57242.995833333334
17,113,9.18,28,620.0,57242.99652777778
14,109,9.19,29,620.1,57242.99722222222
10,131,9.17,29,620.1,57242.99791666667
12,142,9.12,35,620.0,57242.998611111114
18,119,9.08,34,620.0,57242.99930555555
17,140,9.15,32,620.0,57243.0
17,144,9.23,32,620.0,57243.00069444445
14,142,9.24,32,620.0,57243.001388888886
13,155,9.18,34,620.1,57243.00208333333
13,134,9.07,36,620.0,57243.00277777778
13,126,8.93,32,620.0,57243.00347222222
12,112,8.8,28,620.0,57243.004166666666
16,130,8.72,29,620.0,57243.00486111111
12,136,8.69,29,620.0,57243.00555555556
13,124,8.64,33,620.0,57243.00625
17,117,8.6,36,620.0,57243.006944444445
17,113,8.58,29,620.0,57243.00763888889
16,138,8.62,32,620.0,57243.00833333333
14,143,8.67,32,620.0,57243.00902777778
11,144,8.68,32,620.0,57243.009722222225
13,120,8.63,33,620.0,57243.010416666664
14,113,8.55,31,620.0,57243.01111111111
11,144,8.46,31,620.0,57243.01180555556
10,138,8.38,33,620.0,57243.0125
17,131,8.32,34,620.0,57243.013194444444
13,116,8.26,30,620.0,57243.01388888889
9,137,8.23,32,620.0,57243.01458333333
10,130,8.2,36,620.0,57243.01527777778
13,109,8.2,36,620.0,57243.01597222222
16,124,8.28,35,620.0,57243.01666666667
14,137,8.34,33,620.0,57243.01736111111
13,133,8.36,32,620.0,57243.018055555556
10,138,8.32,32,620.0,57243.01875
8,141,8.27,32,620.0,57243.01944444444
13,119,8.23,32,620.0,57243.02013888889
15,126,8.22,34,620.0,57243.020833333336
13,131,8.22,38,620.0,57243.021527777775
9,134,8.19,37,620.0,57243.02222222222
10,139,8.16,38,620.0,57243.02291666667
14,120,8.2,38,620.0,57243.02361111111
14,142,8.32,37,620.0,57243.024305555555
15,129,8.46,33,620.0,57243.025
12,144,8.6,31,620.0,57243.02569444444
13,154,8.69,31,620.0,57243.02638888889
10,150,8.7,32,620.0,57243.027083333334
12,128,8.67,33,620.0,57243.02777777778
16,137,8.64,32,620.0,57243.02847222222
13,130,8.59,32,620.0,57243.02916666667
11,124,8.54,31,620.0,57243.029861111114
10,139,8.47,32,620.0,57243.03055555555
13,118,8.43,33,620.0,57243.03125
12,137,8.41,31,620.0,57243.03194444445
16,132,8.4,31,620.0,57243.032638888886
14,135,8.38,31,620.0,57243.03333333333
13,128,8.34,31,620.0,57243.03402777778
13,125,8.28,32,620.0,57243.03472222222
16,132,8.21,30,620.0,57243.035416666666
13,124,8.17,31,620.0,57243.03611111111
10,128,8.2,32,620.0,57243.03680555556
12,145,8.27,33,620.0,57243.0375
12,147,8.36,33,619.9,57243.038194444445
11,144,8.45,32,620.0,57243.03888888889
12,148,8.52,32,619.9,57243.03958333333
14,138,8.57,32,619.9,57243.04027777778
15,144,8.63,31,619.9,57243.040972222225
13,144,8.66,31,619.9,57243.041666666664
13,136,8.67,31,619.9,57243.04236111111
11,141,8.62,31,619.9,57243.04305555556
11,137,8.55,32,619.9,57243.04375
15,130,8.5,32,619.9,57243.044444444444
14,150,8.47,31,619.9,57243.04513888889
13,150,8.45,30,619.9,57243.04583333333
12,140,8.41,29,620.0,57243.04652777778
12,102,8.38,30,620.0,57243.04722222222
15,113,8.34,29,620.0,57243.04791666667
14,133,8.34,29,620.0,57243.04861111111
11,122,8.34,29,620.0,57243.049305555556
10,146,8.32,31,620.0,57243.05
15,148,8.29,31,619.9,57243.05069444444
14,135,8.28,31,619.9,57243.05138888889
14,134,8.25,32,619.9,57243.052083333336
18,112,8.25,33,619.9,57243.052777777775
18,131,8.28,32,619.9,57243.05347222222
14,129,8.28,33,619.9,57243.05416666667
16,140,8.3,33,619.9,57243.05486111111
11,138,8.33,32,619.9,57243.055555555555
16,146,8.34,33,619.9,57243.05625
17,132,8.31,31,619.9,57243.05694444444
17,138,8.28,29,619.9,57243.05763888889
13,135,8.26,26,619.9,57243.058333333334
10,156,8.21,28,619.9,57243.05902777778
12,145,8.16,29,619.9,57243.05972222222
13,116,8.11,31,619.9,57243.06041666667
12,115,8.07,35,619.9,57243.061111111114
18,137,8.03,35,619.9,57243.06180555555
13,143,8.03,32,619.9,57243.0625
15,118,8.05,32,619.9,57243.06319444445
18,138,8.08,32,619.8,57243.063888888886
14,139,8.1,34,619.8,57243.06458333333
11,132,8.06,34,619.9,57243.06527777778
14,151,8.0,38,619.8,57243.06597222222
15,138,7.96,40,619.8,57243.066666666666
15,129,7.9,37,619.9,57243.06736111111
17,143,7.83,38,619.9,57243.06805555556
10,136,7.75,38,619.9,57243.06875
11,138,7.7,41,619.9,57243.069444444445
16,146,7.67,43,619.8,57243.07013888889
13,133,7.62,41,619.8,57243.07083333333
18,133,7.55,39,619.8,57243.07152777778
14,143,7.52,34,619.8,57243.072222222225
13,132,7.52,33,619.8,57243.072916666664
12,141,7.51,34,619.8,57243.07361111111
13,129,7.5,38,619.8,57243.07430555556
16,140,7.52,39,619.8,57243.075
11,140,7.52,37,619.8,57243.075694444444
13,137,7.51,38,619.8,57243.07638888889
13,142,7.49,36,619.8,57243.07708333333
12,140,7.48,36,619.8,57243.07777777778
11,143,7.46,37,619.8,57243.07847222222
9,143,7.44,40,619.8,57243.07916666667
9,156,7.41,40,619.8,57243.07986111111
13,136,7.38,38,619.8,57243.080555555556
12,150,7.36,37,619.8,57243.08125
12,150,7.35,37,619.8,57243.08194444444
9,154,7.33,37,619.8,57243.08263888889
11,142,7.33,35,619.7,57243.083333333336
11,145,7.33,32,619.8,57243.084027777775
11,135,7.34,33,619.8,57243.08472222222
11,145,7.33,32,619.8,57243.08541666667
8,138,7.31,32,619.8,57243.08611111111
11,140,7.3,34,619.7,57243.086805555555
13,149,7.3,32,619.7,57243.0875
10,166,7.29,34,619.7,57243.08819444444
8,165,7.27,39,619.7,57243.08888888889
10,148,7.23,37,619.7,57243.089583333334
11,146,7.19,30,619.7,57243.09027777778
9,146,7.18,29,619.7,57243.09097222222
10,144,7.15,30,619.7,57243.09166666667
9,145,7.15,29,619.7,57243.092361111114
11,141,7.14,29,619.7,57243.09305555555
11,150,7.14,30,619.6,57243.09375
9,138,7.15,32,619.6,57243.09444444445
13,138,7.13,27,619.6,57243.095138888886
11,148,7.14,26,619.6,57243.09583333333
11,132,7.17,28,619.6,57243.09652777778
14,140,7.2,30,619.6,57243.09722222222
11,154,7.2,29,619.6,57243.097916666666
11,147,7.18,28,619.6,57243.09861111111
10,143,7.17,28,619.6,57243.09930555556
10,156,7.16,30,619.6,57243.1
9,141,7.14,30,619.6,57243.100694444445
12,150,7.11,28,619.6,57243.10138888889
10,153,7.08,27,619.6,57243.10208333333
10,155,7.07,29,619.6,57243.10277777778
9,142,7.07,32,619.6,57243.103472222225
9,143,7.08,34,619.6,57243.104166666664
12,139,7.09,34,619.6,57243.10486111111
12,136,7.1,32,619.6,57243.10555555556
12,141,7.1,32,619.6,57243.10625
14,146,7.07,35,619.6,57243.106944444444
10,141,7.02,33,619.6,57243.10763888889
11,136,6.97,39,619.6,57243.10833333333
11,148,6.92,39,619.6,57243.10902777778
10,136,6.84,39,619.6,57243.10972222222
12,139,6.76,36,619.6,57243.11041666667
11,138,6.68,35,619.6,57243.11111111111
9,147,6.6,39,619.6,57243.111805555556
9,149,6.51,37,619.6,57243.1125
7,148,6.41,34,619.6,57243.11319444444
8,150,6.33,30,619.6,57243.11388888889
7,150,6.29,29,619.6,57243.114583333336
5,146,6.27,33,619.6,57243.115277777775
7,152,6.27,30,619.6,57243.11597222222
6,145,6.26,27,619.6,57243.11666666667
7,144,6.28,31,619.6,57243.11736111111
8,154,6.3,34,619.6,57243.118055555555
8,153,6.32,35,619.5,57243.11875
6,160,6.33,34,619.5,57243.11944444444
6,156,6.33,37,619.5,57243.12013888889
6,149,6.32,34,619.5,57243.120833333334
5,148,6.3,31,619.5,57243.12152777778
7,145,6.32,33,619.5,57243.12222222222
9,145,6.33,31,619.5,57243.12291666667
8,148,6.34,31,619.5,57243.123611111114
8,152,6.35,30,619.5,57243.12430555555
7,155,6.34,31,619.5,57243.125
6,158,6.33,33,619.5,57243.12569444445
8,153,6.33,33,619.5,57243.126388888886
9,145,6.3,30,619.5,57243.12708333333
7,155,6.29,31,619.5,57243.12777777778
5,158,6.27,32,619.5,57243.12847222222
6,158,6.24,35,619.5,57243.129166666666
7,151,6.21,37,619.5,57243.12986111111
8,150,6.16,35,619.5,57243.13055555556
8,153,6.12,33,619.5,57243.13125
7,156,6.11,37,619.5,57243.131944444445
7,165,6.08,39,619.5,57243.13263888889
7,162,6.06,38,619.5,57243.13333333333
7,162,6.03,35,619.4,57243.13402777778
7,147,5.99,36,619.4,57243.134722222225
8,153,5.96,36,619.5,57243.135416666664
8,148,5.91,28,619.4,57243.13611111111
6,156,5.87,27,619.4,57243.13680555556
5,160,5.87,30,619.4,57243.1375
5,152,5.88,32,619.4,57243.138194444444
8,150,5.89,33,619.4,57243.13888888889
7,164,5.88,29,619.4,57243.13958333333
6,169,5.86,29,619.4,57243.14027777778
5,165,5.83,30,619.4,57243.14097222222
6,150,5.8,33,619.4,57243.14166666667
8,150,5.77,33,619.4,57243.14236111111
9,146,5.73,27,619.4,57243.143055555556
9,153,5.74,28,619.4,57243.14375
7,155,5.75,28,619.4,57243.14444444444
7,143,5.75,30,619.4,57243.14513888889
8,163,5.76,30,619.4,57243.145833333336
8,160,5.77,31,619.4,57243.146527777775
7,166,5.77,33,619.4,57243.14722222222
7,137,5.73,32,619.4,57243.14791666667
10,143,5.7,31,619.4,57243.14861111111
11,142,5.67,28,619.4,57243.149305555555
9,152,5.66,28,619.4,57243.15
10,152,5.64,28,619.4,57243.15069444444
9,156,5.62,29,619.4,57243.15138888889
9,158,5.59,30,619.4,57243.152083333334
10,145,5.55,27,619.4,57243.15277777778
9,155,5.53,30,619.4,57243.15347222222
8,146,5.51,31,619.4,57243.15416666667
8,148,5.48,29,619.5,57243.154861111114
8,153,5.45,25,619.5,57243.15555555555
5,160,5.45,27,619.5,57243.15625
4,164,5.47,29,619.5,57243.15694444445
5,154,5.46,31,619.5,57243.157638888886
8,156,5.43,28,619.5,57243.15833333333
9,150,5.41,27,619.5,57243.15902777778
9,162,5.41,28,619.5,57243.15972222222
7,167,5.4,30,619.5,57243.160416666666
8,165,5.36,30,619.5,57243.16111111111
7,172,5.31,28,619.5,57243.16180555556
7,171,5.28,29,619.5,57243.1625
7,179,5.25,28,619.5,57243.163194444445
6,178,5.22,28,619.5,57243.16388888889
9,150,5.2,27,619.5,57243.16458333333
8,166,5.17,26,619.5,57243.16527777778
5,177,5.16,28,619.5,57243.165972222225
7,166,5.14,29,619.5,57243.166666666664
8,169,5.09,25,619.5,57243.16736111111
5,175,5.07,25,619.6,57243.16805555556
5,169,5.05,30,619.6,57243.16875
8,148,5.03,28,619.6,57243.169444444444
9,151,4.98,23,619.6,57243.17013888889
5,152,4.99,28,619.6,57243.17083333333
5,159,4.99,30,619.6,57243.17152777778
9,147,4.97,29,619.6,57243.17222222222
9,147,4.93,26,619.6,57243.17291666667
8,150,4.92,30,619.7,57243.17361111111
5,153,4.92,31,619.7,57243.174305555556
1,156,4.88,27,619.7,57243.175
1,158,4.86,31,619.7,57243.17569444444
3,163,4.85,32,619.6,57243.17638888889
8,164,4.82,29,619.6,57243.177083333336
8,167,4.82,26,619.6,57243.177777777775
6,167,4.84,27,619.7,57243.17847222222
7,170,4.86,28,619.7,57243.17916666667
7,168,4.86,29,619.7,57243.17986111111
7,150,4.86,29,619.7,57243.180555555555
9,156,4.83,27,619.7,57243.18125
9,144,4.82,25,619.7,57243.18194444444
9,146,4.81,24,619.6,57243.18263888889
9,159,4.82,25,619.6,57243.183333333334
10,161,4.84,25,619.6,57243.18402777778
9,158,4.86,26,619.6,57243.18472222222
9,164,4.86,25,619.6,57243.18541666667
8,178,4.88,25,619.7,57243.186111111114
8,169,4.89,26,619.6,57243.18680555555
11,152,4.89,26,619.7,57243.1875
10,171,4.89,26,619.7,57243.18819444445
7,165,4.89,26,619.7,57243.188888888886
7,165,4.89,26,619.7,57243.18958333333
7,160,4.86,27,619.7,57243.19027777778
8,153,4.82,28,619.7,57243.19097222222
10,161,4.76,27,619.7,57243.191666666666
7,169,4.72,28,619.8,57243.19236111111
7,168,4.7,29,619.7,57243.19305555556
7,163,4.67,29,619.7,57243.19375
8,162,4.63,25,619.7,57243.194444444445
8,160,4.62,27,619.7,57243.19513888889
5,155,4.6,26,619.7,57243.19583333333
6,155,4.62,28,619.7,57243.19652777778
8,147,4.59,28,619.7,57243.197222222225
6,151,4.56,29,619.7,57243.197916666664
6,154,4.5,29,619.8,57243.19861111111
6,155,4.43,30,619.8,57243.19930555556
5,157,4.37,31,619.8,57243.2
4,161,4.29,30,619.8,57243.200694444444
7,162,4.23,32,619.7,57243.20138888889
12,174,4.18,34,619.7,57243.20208333333
12,160,4.15,35,619.7,57243.20277777778
11,161,4.16,33,619.7,57243.20347222222
11,144,4.18,32,619.8,57243.20416666667
9,144,4.2,29,619.8,57243.20486111111
10,158,4.25,30,619.8,57243.205555555556
8,165,4.3,29,619.8,57243.20625
8,163,4.34,29,619.8,57243.20694444444
7,171,4.34,29,619.8,57243.20763888889
6,171,4.31,31,619.8,57243.208333333336
9,164,4.25,30,619.8,57243.209027777775
10,170,4.18,29,619.8,57243.20972222222
9,160,4.16,32,619.8,57243.21041666667
9,162,4.14,31,619.8,57243.21111111111
10,152,4.13,32,619.8,57243.211805555555
8,152,4.13,32,619.8,57243.2125
10,165,4.15,32,619.8,57243.21319444444
11,170,4.16,31,619.8,57243.21388888889
10,175,4.17,31,619.9,57243.214583333334
9,167,4.19,30,619.8,57243.21527777778
8,164,4.19,30,619.9,57243.21597222222
9,163,4.17,29,619.9,57243.21666666667
9,159,4.12,28,619.9,57243.217361111114
11,154,4.06,28,619.9,57243.21805555555
10,162,4.02,27,619.9,57243.21875
9,162,3.99,28,619.9,57243.21944444445
9,158,3.97,28,619.9,57243.220138888886
9,156,3.94,28,619.9,57243.22083333333
11,155,3.91,28,619.9,57243.22152777778
12,161,3.89,29,619.9,57243.22222222222
11,153,3.89,31,619.9,57243.222916666666
12,150,3.93,31,619.9,57243.22361111111
12,161,3.98,30,619.9,57243.22430555556
11,158,4.04,32,619.9,57243.225
12,150,4.09,30,619.9,57243.225694444445
14,144,4.12,30,619.9,57243.22638888889
14,147,4.15,32,619.9,57243.22708333333
12,152,4.16,31,620.0,57243.22777777778
12,161,4.17,31,620.0,57243.228472222225
12,146,4.16,32,620.0,57243.229166666664
14,141,4.14,32,620.0,57243.22986111111
17,145,4.13,33,620.0,57243.23055555556
17,158,4.14,34,620.0,57243.23125
15,150,4.17,34,620.0,57243.231944444444
15,148,4.2,34,620.0,57243.23263888889
16,149,4.25,39,620.0,57243.23333333333
18,147,4.27,36,620.0,57243.23402777778
18,132,4.3,38,619.9,57243.23472222222
15,150,4.31,33,620.0,57243.23541666667
16,156,4.31,33,620.0,57243.23611111111
16,150,4.31,32,620.0,57243.236805555556
13,129,4.34,35,620.0,57243.2375
12,148,4.33,35,620.0,57243.23819444444
13,150,4.29,33,620.0,57243.23888888889
13,118,4.24,33,620.0,57243.239583333336
14,143,4.22,37,620.0,57243.240277777775
16,148,4.18,35,620.0,57243.24097222222
14,162,4.16,35,620.0,57243.24166666667
12,160,4.15,37,620.0,57243.24236111111
14,155,4.13,33,620.0,57243.243055555555
11,154,4.13,35,620.0,57243.24375
12,148,4.13,34,620.1,57243.24444444444
14,153,4.11,33,620.1,57243.24513888889
13,159,4.11,35,620.1,57243.245833333334
13,152,4.12,35,620.1,57243.24652777778
13,151,4.12,35,620.1,57243.24722222222
13,152,4.11,33,620.1,57243.24791666667
16,147,4.1,33,620.1,57243.248611111114
14,144,4.1,31,620.2,57243.24930555555
15,145,4.1,34,620.1,57243.25
15,147,4.1,34,620.1,57243.25069444445
15,143,4.12,33,620.1,57243.251388888886
13,146,4.13,31,620.1,57243.25208333333
14,145,4.14,30,620.1,57243.25277777778
17,146,4.16,32,620.1,57243.25347222222
17,145,4.16,32,620.1,57243.254166666666
17,140,4.18,32,620.1,57243.25486111111
16,150,4.19,32,620.1,57243.25555555556
14,148,4.2,32,620.1,57243.25625
15,148,4.22,31,620.1,57243.256944444445
14,150,4.22,31,620.1,57243.25763888889
12,144,4.24,31,620.1,57243.25833333333
13,154,4.25,31,620.1,57243.25902777778
13,148,4.25,29,620.1,57243.259722222225
11,142,4.25,28,620.1,57243.260416666664
10,150,4.25,28,620.1,57243.26111111111
10,148,4.23,30,620.1,57243.26180555556
12,147,4.15,26,620.1,57243.2625
11,154,4.11,27,620.1,57243.263194444444
11,155,4.07,25,620.2,57243.26388888889
10,152,4.05,27,620.2,57243.26458333333
12,152,4.03,28,620.2,57243.26527777778
12,158,4.01,29,620.2,57243.26597222222
10,162,4.01,31,620.2,57243.26666666667
12,155,4.01,31,620.2,57243.26736111111
12,148,4.01,31,620.2,57243.268055555556
12,149,4.02,32,620.2,57243.26875
11,156,4.04,31,620.2,57243.26944444444
11,155,4.04,31,620.2,57243.27013888889
15,143,4.04,33,620.2,57243.270833333336
13,150,4.06,37,620.2,57243.271527777775
12,169,4.06,38,620.2,57243.27222222222
9,170,4.06,36,620.2,57243.27291666667
10,163,4.06,34,620.2,57243.27361111111
10,160,4.04,33,620.2,57243.274305555555
9,162,4.02,32,620.2,57243.275
8,162,4.0,32,620.2,57243.27569444444
9,158,3.97,32,620.2,57243.27638888889
11,156,3.94,31,620.2,57243.277083333334
12,147,3.92,31,620.2,57243.27777777778
14,148,3.92,32,620.2,57243.27847222222
15,150,3.92,32,620.2,57243.27916666667
14,150,3.94,32,620.3,57243.279861111114
15,152,3.95,34,620.3,57243.28055555555
12,152,3.96,37,620.3,57243.28125
12,150,3.98,35,620.2,57243.28194444445
14,149,3.99,34,620.2,57243.282638888886
13,163,4.01,36,620.3,57243.28333333333
12,158,4.01,35,620.2,57243.28402777778
12,154,4.01,35,620.3,57243.28472222222
9,163,3.99,32,620.3,57243.285416666666
10,145,3.98,32,620.3,57243.28611111111
11,147,3.96,33,620.3,57243.28680555556
14,145,3.94,35,620.3,57243.2875
15,145,3.89,31,620.3,57243.288194444445
14,145,3.86,31,620.3,57243.28888888889
13,145,3.86,31,620.3,57243.28958333333
12,146,3.86,31,620.3,57243.29027777778
12,147,3.86,31,620.3,57243.290972222225
11,153,3.87,31,620.3,57243.291666666664
12,142,3.89,31,620.3,57243.29236111111
13,144,3.88,30,620.3,57243.29305555556
14,149,3.89,29,620.3,57243.29375
16,150,3.9,30,620.3,57243.294444444444
17,150,3.92,29,620.3,57243.29513888889
13,151,3.94,32,620.3,57243.29583333333
15,150,3.95,30,620.4,57243.29652777778
12,147,3.96,29,620.4,57243.29722222222
13,159,3.98,31,620.4,57243.29791666667
12,160,4.0,32,620.3,57243.29861111111
14,158,4.01,32,620.3,57243.299305555556
16,146,4.01,31,620.3,57243.3
15,156,4.01,32,620.4,57243.30069444444
15,146,4.0,33,620.4,57243.30138888889
16,155,3.98,33,620.4,57243.302083333336
12,149,3.98,33,620.4,57243.302777777775
14,148,3.97,32,620.4,57243.30347222222
12,149,3.94,31,620.4,57243.30416666667
13,154,3.92,34,620.4,57243.30486111111
14,150,3.87,31,620.4,57243.305555555555
14,150,3.83,30,620.4,57243.30625
13,152,3.82,32,620.4,57243.30694444444
13,147,3.81,34,620.4,57243.30763888889
13,151,3.79,33,620.4,57243.308333333334
13,146,3.77,33,620.4,57243.30902777778
15,154,3.78,33,620.4,57243.30972222222
14,146,3.79,32,620.5,57243.31041666667
11,157,3.82,33,620.5,57243.311111111114
14,150,3.82,33,620.5,57243.31180555555
14,161,3.81,30,620.5,57243.3125
11,167,3.82,31,620.5,57243.31319444445
14,156,3.82,31,620.5,57243.313888888886
16,148,3.81,30,620.5,57243.31458333333
16,146,3.82,33,620.5,57243.31527777778
15,156,3.82,34,620.5,57243.31597222222
14,144,3.83,35,620.5,57243.316666666666
16,151,3.83,36,620.5,57243.31736111111
14,147,3.82,33,620.5,57243.31805555556
14,147,3.82,32,620.5,57243.31875
15,150,3.82,32,620.5,57243.319444444445
15,144,3.82,32,620.5,57243.32013888889
14,156,3.84,32,620.5,57243.32083333333
13,149,3.86,34,620.5,57243.32152777778
14,153,3.88,36,620.5,57243.322222222225
13,155,3.89,37,620.5,57243.322916666664
13,152,3.89,37,620.5,57243.32361111111
14,136,3.89,36,620.5,57243.32430555556
14,157,3.9,36,620.5,57243.325
12,156,3.91,35,620.5,57243.325694444444
13,150,3.91,35,620.5,57243.32638888889
13,156,3.89,36,620.5,57243.32708333333
12,150,3.89,36,620.5,57243.32777777778
13,160,3.87,36,620.5,57243.32847222222
11,157,3.86,35,620.5,57243.32916666667
10,156,3.84,34,620.5,57243.32986111111
12,156,3.81,32,620.6,57243.330555555556
11,153,3.79,32,620.6,57243.33125
12,147,3.76,30,620.6,57243.33194444444
12,153,3.74,30,620.6,57243.33263888889
11,156,3.73,34,620.6,57243.333333333336
10,160,3.72,38,620.6,57243.334027777775
10,156,3.68,42,620.6,57243.33472222222
11,158,3.6,35,620.6,57243.33541666667
12,151,3.55,37,620.6,57243.33611111111
13,150,3.51,39,620.6,57243.336805555555
13,145,3.49,38,620.6,57243.3375
13,144,3.52,37,620.6,57243.33819444444
14,150,3.57,40,620.6,57243.33888888889
14,154,3.63,39,620.6,57243.339583333334
13,156,3.69,40,620.6,57243.34027777778
13,152,3.73,39,620.5,57243.34097222222
13,150,3.76,37,620.5,57243.34166666667
14,154,3.8,36,620.6,57243.342361111114
14,150,3.83,36,620.6,57243.34305555555
14,139,3.85,34,620.6,57243.34375
13,147,3.87,35,620.5,57243.34444444445
12,147,3.89,35,620.6,57243.345138888886
12,158,3.89,35,620.6,57243.34583333333
12,150,3.89,36,620.6,57243.34652777778
12,157,3.89,36,620.6,57243.34722222222
12,152,3.89,36,620.6,57243.347916666666
12,153,3.89,35,620.5,57243.34861111111
13,153,3.89,36,620.5,57243.34930555556
13,156,3.89,35,620.5,57243.35
11,159,3.89,34,620.5,57243.350694444445
11,157,3.88,33,620.5,57243.35138888889
12,145,3.86,34,620.5,57243.35208333333
12,39,3.83,34,620.5,57243.35277777778
13,158,3.81,33,620.5,57243.353472222225
10,161,3.81,33,620.5,57243.354166666664
9,162,3.82,34,620.5,57243.35486111111
9,163,3.82,38,620.5,57243.35555555556
11,161,3.77,44,620.5,57243.35625
13,158,3.66,38,620.5,57243.356944444444
12,162,3.57,39,620.5,57243.35763888889
12,166,3.52,36,620.5,57243.35833333333
10,167,3.5,35,620.5,57243.35902777778
9,165,3.52,43,620.5,57243.35972222222
9,163,3.49,46,620.5,57243.36041666667
9,162,3.41,49,620.5,57243.36111111111
8,162,3.31,49,620.5,57243.361805555556
8,162,3.19,50,620.5,57243.3625
8,162,3.07,50,620.5,57243.36319444444
8,161,2.96,50,620.5,57243.36388888889
9,161,2.85,50,620.5,57243.364583333336
9,161,2.74,50,620.5,57243.365277777775
8,161,2.68,53,620.5,57243.36597222222
9,160,2.62,54,620.5,57243.36666666667
9,160,2.56,55,620.5,57243.36736111111
9,160,2.52,57,620.5,57243.368055555555
9,159,2.46,56,620.5,57243.36875
9,159,2.41,55,620.5,57243.36944444444
10,159,2.38,58,620.5,57243.37013888889
11,159,2.34,58,620.5,57243.370833333334
9,159,2.3,58,620.5,57243.37152777778
10,158,2.26,55,620.5,57243.37222222222
10,160,2.25,53,620.5,57243.37291666667
9,160,2.28,58,620.5,57243.373611111114
11,160,2.28,59,620.5,57243.37430555555
11,158,2.26,49,620.5,57243.375
13,159,2.3,47,620.5,57243.37569444445
11,157,2.39,44,620.4,57243.376388888886
11,156,2.53,43,620.4,57243.37708333333
10,154,2.67,46,620.4,57243.37777777778
10,157,2.79,46,620.4,57243.37847222222
10,155,2.86,50,620.4,57243.379166666666
10,156,2.86,52,620.4,57243.37986111111
11,157,2.8,51,620.4,57243.38055555556
11,156,2.71,51,620.4,57243.38125
11,157,2.64,48,620.4,57243.381944444445
11,160,2.59,48,620.4,57243.38263888889
11,157,2.57,51,620.4,57243.38333333333
10,142,2.54,56,620.4,57243.38402777778
11,154,2.48,57,620.4,57243.384722222225
10,154,2.41,57,620.4,57243.385416666664
9,157,2.33,56,620.4,57243.38611111111
8,162,2.28,56,620.3,57243.38680555556
9,160,2.23,54,620.3,57243.3875
11,159,2.21,55,620.3,57243.388194444444
12,156,2.21,48,620.3,57243.38888888889
13,155,2.25,44,620.3,57243.38958333333
12,153,2.34,44,620.3,57243.39027777778
12,152,2.45,44,620.3,57243.39097222222
12,150,2.54,45,620.3,57243.39166666667
13,45,2.6,47,620.3,57243.39236111111
14,150,2.64,43,620.3,57243.393055555556
15,146,2.69,44,620.3,57243.39375
14,144,2.74,40,620.3,57243.39444444444
13,143,2.82,40,620.3,57243.39513888889
12,156,2.89,43,620.3,57243.395833333336
12,155,2.93,44,620.3,57243.396527777775
12,152,2.94,42,620.3,57243.39722222222
13,153,2.93,40,620.3,57243.39791666667
12,150,2.94,39,620.3,57243.39861111111
13,146,2.94,39,620.3,57243.399305555555
13,148,2.96,41,620.2,57243.4
14,149,2.97,38,620.2,57243.40069444444
14,152,2.99,36,620.2,57243.40138888889
14,146,3.02,36,620.2,57243.402083333334
14,149,3.06,37,620.2,57243.40277777778
13,146,3.09,37,620.2,57243.40347222222
15,140,3.1,36,620.2,57243.40416666667
13,144,3.14,37,620.2,57243.404861111114
14,147,3.17,37,620.3,57243.40555555555
14,149,3.2,35,620.3,57243.40625
13,144,3.24,37,620.2,57243.40694444445
14,135,3.27,37,620.3,57243.407638888886
13,150,3.31,35,620.2,57243.40833333333
12,150,3.36,34,620.2,57243.40902777778
11,150,3.4,36,620.2,57243.40972222222
12,157,3.44,34,620.2,57243.410416666666
12,151,3.47,35,620.2,57243.41111111111
12,148,3.5,35,620.2,57243.41180555556
12,148,3.52,33,620.2,57243.4125
12,50,3.54,33,620.2,57243.413194444445
10,105,3.55,32,620.1,57243.41388888889
12,151,3.53,33,620.1,57243.41458333333
12,149,3.51,32,620.1,57243.41527777778
12,149,3.49,32,620.1,57243.415972222225
