wind_speed,wind_direction,temperature,relative_humidity,pressure,mjd
11,46.0,2.92,11,618.9,57951.416666666664
12,49.0,2.91,11,618.9,57951.41736111111
14,45.0,2.91,11,618.9,57951.41805555556
14,42.0,2.91,11,618.9,57951.41875
14,44.0,2.91,11,618.9,57951.419444444444
12,48.0,2.89,11,618.9,57951.42013888889
13,48.0,2.87,11,618.9,57951.42083333333
12,56.0,2.85,11,618.8,57951.42152777778
12,58.0,2.85,11,618.8,57951.42222222222
11,55.0,2.82,11,618.8,57951.42291666667
12,53.0,2.8,10,618.8,57951.42361111111
11,55.0,2.77,11,618.8,57951.424305555556
11,52.0,2.75,11,618.8,57951.425
11,45.0,2.74,11,618.8,57951.42569444444
11,50.0,2.74,11,618.8,57951.42638888889
11,50.0,2.74,10,618.8,57951.427083333336
10,58.0,2.75,11,618.8,57951.427777777775
9,64.0,2.76,11,618.8,57951.42847222222
9,57.0,2.76,11,618.8,57951.42916666667
8,50.0,2.76,11,618.8,57951.42986111111
10,52.0,2.75,11,618.8,57951.430555555555
10,49.0,2.75,11,618.8,57951.43125
10,53.0,2.76,11,618.8,57951.43194444444
11,54.0,2.76,11,618.8,57951.43263888889
11,50.0,2.76,11,618.8,57951.433333333334
11,51.0,2.76,11,618.8,57951.43402777778
11,61.0,2.76,11,618.8,57951.43472222222
10,52.0,2.78,11,618.8,57951.43541666667
9,50.0,2.8,11,618.8,57951.436111111114
8,54.0,2.82,11,618.8,57951.43680555555
8,52.0,2.82,11,618.8,57951.4375
7,52.0,2.82,11,618.8,57951.43819444445
7,52.0,2.84,11,618.8,57951.438888888886
7,51.0,2.87,11,618.7,57951.43958333333
7,52.0,2.9,11,618.7,57951.44027777778
8,49.0,2.94,11,618.7,57951.44097222222
8,53.0,2.97,11,618.7,57951.441666666666
10,46.0,3.0,11,618.7,57951.44236111111
10,55.0,3.03,11,618.7,57951.44305555556
10,54.0,3.06,11,618.7,57951.44375
9,59.0,3.08,10,618.7,57951.444444444445
9,54.0,3.09,10,618.7,57951.44513888889
8,56.0,3.08,10,618.7,57951.44583333333
8,55.0,3.05,10,618.7,57951.44652777778
9,56.0,3.01,10,618.7,57951.447222222225
9,51.0,3.0,10,618.7,57951.447916666664
9,53.0,3.02,10,618.7,57951.44861111111
9,56.0,3.03,10,618.7,57951.44930555556
8,56.0,3.05,10,618.7,57951.45
9,55.0,3.06,10,618.7,57951.450694444444
9,55.0,3.05,10,618.7,57951.45138888889
9,54.0,3.03,10,618.7,57951.45208333333
9,53.0,3.0,10,618.7,57951.45277777778
9,52.0,2.97,10,618.7,57951.45347222222
9,55.0,2.97,11,618.7,57951.45416666667
9,54.0,2.99,11,618.7,57951.45486111111
8,58.0,3.02,11,618.7,57951.455555555556
7,59.0,3.03,10,618.7,57951.45625
8,59.0,3.01,10,618.6,57951.45694444444
7,60.0,2.99,10,618.7,57951.45763888889
7,60.0,2.99,11,618.7,57951.458333333336
8,63.0,3.0,11,618.7,57951.459027777775
8,59.0,3.0,11,618.7,57951.45972222222
8,59.0,3.0,11,618.7,57951.46041666667
7,69.0,3.01,11,618.7,57951.46111111111
6,59.0,3.0,10,618.7,57951.461805555555
7,58.0,3.0,10,618.7,57951.4625
7,55.0,2.99,11,618.7,57951.46319444444
7,53.0,2.97,11,618.6,57951.46388888889
8,53.0,2.96,11,618.6,57951.464583333334
8,53.0,2.94,11,618.6,57951.46527777778
7,53.0,2.91,11,618.6,57951.46597222222
7,53.0,2.9,11,618.6,57951.46666666667
7,53.0,2.89,11,618.5,57951.467361111114
8,53.0,2.87,11,618.5,57951.46805555555
9,53.0,2.86,11,618.5,57951.46875
8,53.0,2.87,10,618.5,57951.46944444445
7,53.0,2.92,10,618.5,57951.470138888886
6,53.0,2.98,10,618.5,57951.47083333333
6,54.0,3.05,10,618.6,57951.47152777778
5,53.0,3.12,10,618.6,57951.47222222222
5,55.0,3.19,10,618.6,57951.472916666666
5,55.0,3.27,10,618.5,57951.47361111111
5,55.0,3.33,10,618.5,57951.47430555556
6,54.0,3.38,10,618.5,57951.475
6,54.0,3.4,10,618.5,57951.475694444445
6,54.0,3.38,9,618.5,57951.47638888889
5,53.0,3.34,9,618.5,57951.47708333333
4,53.0,3.3,9,618.5,57951.47777777778
3,53.0,3.28,9,618.5,57951.478472222225
3,53.0,3.29,9,618.5,57951.479166666664
3,53.0,3.31,9,618.5,57951.47986111111
4,53.0,3.34,9,618.5,57951.48055555556
6,53.0,3.36,9,618.5,57951.48125
7,52.0,3.33,9,618.4,57951.481944444444
7,49.0,3.31,9,618.4,57951.48263888889
6,43.0,3.32,9,618.4,57951.48333333333
6,42.0,3.35,9,618.4,57951.48402777778
7,37.0,3.39,9,618.4,57951.48472222222
7,40.0,3.4,9,618.4,57951.48541666667
7,39.0,3.41,9,618.4,57951.48611111111
6,38.0,3.4,10,618.4,57951.486805555556
5,39.0,3.39,10,618.4,57951.4875
4,56.0,3.37,10,618.4,57951.48819444444
2,48.0,3.35,10,618.4,57951.48888888889
2,50.0,3.32,10,618.4,57951.489583333336
3,50.0,3.28,10,618.4,57951.490277777775
2,53.0,3.25,10,618.4,57951.49097222222
2,50.0,3.23,10,618.4,57951.49166666667
3,46.0,3.21,10,618.4,57951.49236111111
3,51.0,3.21,10,618.4,57951.493055555555
5,34.0,3.21,10,618.4,57951.49375
5,30.0,3.21,10,618.4,57951.49444444444
4,30.0,3.21,10,618.4,57951.49513888889
3,30.0,3.2,10,618.3,57951.495833333334
1,30.0,3.21,10,618.3,57951.49652777778
0,30.0,3.23,10,618.3,57951.49722222222
1,29.0,3.25,10,618.3,57951.49791666667
2,26.0,3.28,10,618.3,57951.498611111114
3,26.0,3.28,10,618.3,57951.49930555555
3,28.0,3.3,10,618.3,57951.5
3,33.0,3.34,10,618.3,57951.50069444445
3,39.0,3.37,9,618.2,57951.501388888886
2,38.0,3.4,9,618.2,57951.50208333333
2,30.0,3.4,9,618.2,57951.50277777778
3,28.0,3.4,9,618.2,57951.50347222222
2,26.0,3.4,9,618.2,57951.504166666666
2,25.0,3.37,9,618.2,57951.50486111111
2,18.0,3.35,9,618.2,57951.50555555556
1,19.0,3.31,10,618.2,57951.50625
1,19.0,3.3,10,618.2,57951.506944444445
0,20.0,3.28,10,618.2,57951.50763888889
0,25.0,3.26,10,618.2,57951.50833333333
0,25.0,3.27,10,618.2,57951.50902777778
0,28.0,3.28,10,618.1,57951.509722222225
1,28.0,3.32,9,618.1,57951.510416666664
3,29.0,3.36,9,618.1,57951.51111111111
4,29.0,3.4,9,618.1,57951.51180555556
4,27.0,3.43,9,618.1,57951.5125
4,22.0,3.43,9,618.1,57951.513194444444
4,22.0,3.39,9,618.1,57951.51388888889
4,21.0,3.35,10,618.1,57951.51458333333
4,23.0,3.29,10,618.1,57951.51527777778
4,23.0,3.25,10,618.1,57951.51597222222
4,24.0,3.21,10,618.0,57951.51666666667
4,30.0,3.18,10,618.0,57951.51736111111
3,35.0,3.15,10,618.0,57951.518055555556
3,39.0,3.13,10,618.0,57951.51875
4,26.0,3.1,10,618.0,57951.51944444444
6,23.0,3.07,10,618.0,57951.52013888889
6,22.0,3.02,10,618.0,57951.520833333336
5,24.0,2.98,10,618.0,57951.521527777775
4,24.0,2.95,10,618.0,57951.52222222222
4,26.0,2.93,10,618.0,57951.52291666667
4,27.0,2.91,10,618.0,57951.52361111111
5,25.0,2.89,10,618.0,57951.524305555555
6,21.0,2.88,10,618.0,57951.525
7,19.0,2.85,10,618.0,57951.52569444444
7,21.0,2.84,10,618.0,57951.52638888889
6,24.0,2.83,10,618.0,57951.527083333334
6,14.0,2.86,10,618.0,57951.52777777778
6,21.0,2.88,10,618.0,57951.52847222222
6,18.0,2.9,10,618.0,57951.52916666667
5,17.0,2.91,10,618.0,57951.529861111114
6,17.0,2.91,10,617.9,57951.53055555555
6,14.0,2.89,10,617.9,57951.53125
5,9.0,2.88,10,617.9,57951.53194444445
5,13.0,2.88,10,617.9,57951.532638888886
6,19.0,2.88,10,617.9,57951.53333333333
7,21.0,2.87,10,617.9,57951.53402777778
7,24.0,2.87,10,617.9,57951.53472222222
7,24.0,2.86,10,617.9,57951.535416666666
7,24.0,2.85,10,617.9,57951.53611111111
6,24.0,2.84,10,617.9,57951.53680555556
6,24.0,2.83,10,617.9,57951.5375
6,25.0,2.82,10,617.9,57951.538194444445
5,25.0,2.82,10,617.9,57951.53888888889
5,25.0,2.85,10,617.9,57951.53958333333
4,25.0,2.87,10,617.9,57951.54027777778
4,25.0,2.91,10,617.8,57951.540972222225
4,25.0,2.94,10,617.8,57951.541666666664
4,26.0,2.97,10,617.8,57951.54236111111
4,26.0,3.01,10,617.8,57951.54305555556
5,27.0,3.06,10,617.8,57951.54375
6,27.0,3.1,10,617.8,57951.544444444444
7,27.0,3.13,10,617.8,57951.54513888889
7,27.0,3.15,10,617.8,57951.54583333333
7,27.0,3.16,10,617.8,57951.54652777778
6,27.0,3.17,10,617.8,57951.54722222222
5,27.0,3.17,10,617.8,57951.54791666667
5,28.0,3.18,10,617.8,57951.54861111111
5,30.0,3.21,10,617.8,57951.549305555556
5,30.0,3.24,10,617.8,57951.55
6,24.0,3.27,10,617.8,57951.55069444444
6,18.0,3.3,10,617.8,57951.55138888889
4,13.0,3.3,10,617.8,57951.552083333336
3,13.0,3.27,10,617.8,57951.552777777775
3,17.0,3.25,10,617.7,57951.55347222222
3,14.0,3.22,10,617.7,57951.55416666667
3,15.0,3.21,10,617.7,57951.55486111111
4,15.0,3.2,10,617.7,57951.555555555555
4,16.0,3.18,10,617.7,57951.55625
6,14.0,3.15,10,617.7,57951.55694444444
7,19.0,3.12,10,617.7,57951.55763888889
8,17.0,3.07,10,617.7,57951.558333333334
8,18.0,3.01,10,617.7,57951.55902777778
8,19.0,2.96,10,617.7,57951.55972222222
8,16.0,2.89,10,617.7,57951.56041666667
7,17.0,2.83,10,617.7,57951.561111111114
6,16.0,2.79,10,617.7,57951.56180555555
6,17.0,2.76,10,617.7,57951.5625
6,18.0,2.78,10,617.7,57951.56319444445
7,18.0,2.81,10,617.7,57951.563888888886
8,19.0,2.84,10,617.7,57951.56458333333
8,20.0,2.85,10,617.7,57951.56527777778
8,21.0,2.86,10,617.7,57951.56597222222
8,21.0,2.87,10,617.7,57951.566666666666
8,22.0,2.88,10,617.7,57951.56736111111
8,22.0,2.88,10,617.7,57951.56805555556
8,22.0,2.87,10,617.7,57951.56875
8,20.0,2.84,10,617.7,57951.569444444445
8,22.0,2.81,10,617.6,57951.57013888889
8,25.0,2.77,10,617.6,57951.57083333333
8,30.0,2.74,10,617.6,57951.57152777778
6,36.0,2.73,11,617.6,57951.572222222225
5,44.0,2.73,10,617.6,57951.572916666664
3,46.0,2.75,10,617.6,57951.57361111111
2,46.0,2.77,10,617.6,57951.57430555556
4,39.0,2.8,10,617.6,57951.575
5,46.0,2.86,10,617.6,57951.575694444444
5,31.0,2.91,10,617.6,57951.57638888889
6,31.0,2.95,10,617.6,57951.57708333333
5,31.0,2.99,10,617.6,57951.57777777778
5,31.0,3.02,10,617.6,57951.57847222222
5,29.0,3.06,10,617.6,57951.57916666667
6,29.0,3.1,10,617.6,57951.57986111111
6,28.0,3.12,10,617.6,57951.580555555556
6,25.0,3.12,10,617.6,57951.58125
6,23.0,3.11,10,617.6,57951.58194444444
5,13.0,3.08,10,617.6,57951.58263888889
3,11.0,3.04,10,617.6,57951.583333333336
2,16.0,3.01,10,617.6,57951.584027777775
2,15.0,2.98,10,617.7,57951.58472222222
2,16.0,2.95,10,617.7,57951.58541666667
3,16.0,2.91,10,617.7,57951.58611111111
3,20.0,2.88,10,617.7,57951.586805555555
3,23.0,2.88,10,617.7,57951.5875
3,33.0,2.89,10,617.7,57951.58819444444
3,37.0,2.91,10,617.6,57951.58888888889
3,46.0,2.94,10,617.6,57951.589583333334
3,44.0,2.94,10,617.6,57951.59027777778
4,45.0,2.94,10,617.6,57951.59097222222
4,44.0,2.94,10,617.6,57951.59166666667
3,46.0,2.97,10,617.6,57951.592361111114
2,46.0,2.99,10,617.6,57951.59305555555
2,46.0,3.0,10,617.6,57951.59375
2,49.0,3.03,10,617.6,57951.59444444445
2,50.0,3.08,10,617.6,57951.595138888886
2,50.0,3.12,10,617.6,57951.59583333333
3,51.0,3.14,10,617.6,57951.59652777778
3,50.0,3.16,10,617.6,57951.59722222222
3,52.0,3.18,10,617.6,57951.597916666666
3,52.0,3.18,10,617.6,57951.59861111111
3,54.0,3.18,9,617.6,57951.59930555556
4,65.0,3.18,9,617.6,57951.6
4,64.0,3.19,9,617.6,57951.600694444445
2,63.0,3.24,9,617.6,57951.60138888889
2,63.0,3.3,9,617.6,57951.60208333333
3,63.0,3.36,9,617.6,57951.60277777778
4,62.0,3.39,9,617.6,57951.603472222225
5,62.0,3.42,9,617.6,57951.604166666664
5,61.0,3.43,9,617.6,57951.60486111111
5,60.0,3.45,9,617.6,57951.60555555556
6,58.0,3.44,9,617.7,57951.60625
6,59.0,3.38,9,617.7,57951.606944444444
3,69.0,3.33,10,617.7,57951.60763888889
1,68.0,3.31,10,617.7,57951.60833333333
0,75.0,3.31,10,617.7,57951.60902777778
0,74.0,3.32,10,617.7,57951.60972222222
0,74.0,3.34,10,617.7,57951.61041666667
0,70.0,3.36,10,617.7,57951.61111111111
1,64.0,3.38,10,617.7,57951.611805555556
1,63.0,3.39,10,617.7,57951.6125
1,62.0,3.37,10,617.8,57951.61319444444
1,56.0,3.32,10,617.8,57951.61388888889
1,51.0,3.25,10,617.8,57951.614583333336
0,52.0,3.19,9,617.8,57951.615277777775
0,51.0,3.15,9,617.8,57951.61597222222
0,50.0,3.15,9,617.8,57951.61666666667
0,52.0,3.16,9,617.8,57951.61736111111
0,53.0,3.19,9,617.8,57951.618055555555
0,54.0,3.21,9,617.8,57951.61875
0,56.0,3.21,9,617.8,57951.61944444444
0,57.0,3.2,9,617.8,57951.62013888889
0,57.0,3.16,9,617.8,57951.620833333334
0,57.0,3.11,9,617.8,57951.62152777778
0,58.0,3.04,9,617.8,57951.62222222222
0,58.0,2.99,9,617.8,57951.62291666667
0,57.0,2.97,9,617.8,57951.623611111114
0,58.0,2.97,9,617.8,57951.62430555555
0,53.0,3.01,9,617.8,57951.625
0,51.0,3.06,9,617.8,57951.62569444445
1,43.0,3.14,9,617.8,57951.626388888886
2,39.0,3.25,9,617.8,57951.62708333333
3,34.0,3.35,9,617.8,57951.62777777778
4,32.0,3.43,9,617.8,57951.62847222222
3,16.0,3.48,9,617.8,57951.629166666666
2,9.0,3.49,9,617.8,57951.62986111111
1,15.0,3.47,9,617.8,57951.63055555556
1,13.0,3.44,9,617.8,57951.63125
1,16.0,3.4,9,617.8,57951.631944444445
2,19.0,3.35,9,617.8,57951.63263888889
3,20.0,3.31,9,617.8,57951.63333333333
4,13.0,3.24,10,617.9,57951.63402777778
2,5.0,3.19,10,617.9,57951.634722222225
1,0.0,3.15,10,617.9,57951.635416666664
1,19.0,3.15,10,617.9,57951.63611111111
1,6.0,3.15,10,617.9,57951.63680555556
1,11.0,3.18,10,617.9,57951.6375
2,4.0,3.21,10,617.9,57951.638194444444
2,5.0,3.23,10,617.9,57951.63888888889
1,9.0,3.25,10,617.9,57951.63958333333
1,12.0,3.27,10,617.9,57951.64027777778
1,12.0,3.29,10,617.9,57951.64097222222
3,13.0,3.31,10,617.9,57951.64166666667
3,18.0,3.31,9,617.9,57951.64236111111
4,18.0,3.3,9,617.9,57951.643055555556
5,20.0,3.3,9,617.9,57951.64375
5,21.0,3.31,9,617.9,57951.64444444444
6,27.0,3.31,9,618.0,57951.64513888889
6,27.0,3.33,9,618.0,57951.645833333336
7,27.0,3.36,9,618.0,57951.646527777775
7,27.0,3.4,9,617.9,57951.64722222222
8,27.0,3.43,9,618.0,57951.64791666667
8,27.0,3.46,9,618.0,57951.64861111111
8,26.0,3.47,9,618.0,57951.649305555555
7,25.0,3.48,9,618.0,57951.65
7,25.0,3.46,9,618.0,57951.65069444444
7,25.0,3.46,9,618.0,57951.65138888889
6,24.0,3.43,9,618.0,57951.652083333334
5,23.0,3.41,9,618.0,57951.65277777778
5,22.0,3.38,9,618.0,57951.65347222222
5,16.0,3.35,9,618.0,57951.65416666667
5,12.0,3.31,9,618.0,57951.654861111114
4,13.0,3.25,9,618.0,57951.65555555555
4,11.0,3.18,10,618.0,57951.65625
3,11.0,3.12,10,618.0,57951.65694444445
2,9.0,3.07,10,618.0,57951.657638888886
2,8.0,3.05,10,618.0,57951.65833333333
2,7.0,3.06,10,618.0,57951.65902777778
3,7.0,3.08,10,618.0,57951.65972222222
4,14.0,3.11,10,618.0,57951.660416666666
4,4.0,3.13,10,618.0,57951.66111111111
3,5.0,3.17,10,618.1,57951.66180555556
1,354.0,3.2,10,618.1,57951.6625
0,265.0,3.24,10,618.1,57951.663194444445
0,46.0,3.25,10,618.1,57951.66388888889
0,18.0,3.27,10,618.1,57951.66458333333
0,8.0,3.28,10,618.1,57951.66527777778
0,12.0,3.29,10,618.1,57951.665972222225
0,21.0,3.31,9,618.1,57951.666666666664
0,30.0,3.35,9,618.1,57951.66736111111
0,39.0,3.4,9,618.1,57951.66805555556
0,42.0,3.47,9,618.1,57951.66875
0,45.0,3.53,9,618.1,57951.669444444444
0,56.0,3.58,8,618.1,57951.67013888889
0,50.0,3.63,8,618.1,57951.67083333333
2,49.0,3.68,8,618.1,57951.67152777778
4,45.0,3.71,8,618.1,57951.67222222222
5,37.0,3.75,8,618.1,57951.67291666667
5,37.0,3.78,8,618.1,57951.67361111111
9,24.0,3.79,9,618.1,57951.674305555556
10,39.0,3.73,9,618.1,57951.675
9,28.0,3.62,9,618.1,57951.67569444444
10,30.0,3.47,10,618.1,57951.67638888889
9,30.0,3.32,10,618.1,57951.677083333336
8,32.0,3.19,10,618.2,57951.677777777775
6,32.0,3.08,10,618.2,57951.67847222222
4,38.0,3.01,10,618.2,57951.67916666667
2,51.0,2.97,10,618.2,57951.67986111111
3,50.0,2.93,10,618.2,57951.680555555555
3,55.0,2.91,10,618.2,57951.68125
3,55.0,2.94,10,618.2,57951.68194444444
1,55.0,2.99,9,618.2,57951.68263888889
0,58.0,3.08,9,618.2,57951.683333333334
0,58.0,3.19,9,618.2,57951.68402777778
0,58.0,3.33,9,618.2,57951.68472222222
0,58.0,3.46,9,618.2,57951.68541666667
0,51.0,3.58,9,618.2,57951.686111111114
2,50.0,3.69,9,618.2,57951.68680555555
1,52.0,3.77,8,618.2,57951.6875
0,53.0,3.85,9,618.3,57951.68819444445
0,55.0,3.9,9,618.3,57951.688888888886
0,54.0,3.95,9,618.3,57951.68958333333
1,52.0,3.98,9,618.3,57951.69027777778
3,44.0,4.0,9,618.3,57951.69097222222
3,49.0,4.0,9,618.3,57951.691666666666
2,49.0,3.97,9,618.3,57951.69236111111
2,54.0,3.93,9,618.3,57951.69305555556
3,53.0,3.88,9,618.3,57951.69375
3,50.0,3.84,9,618.3,57951.694444444445
4,51.0,3.82,9,618.3,57951.69513888889
4,47.0,3.81,9,618.3,57951.69583333333
4,51.0,3.81,9,618.3,57951.69652777778
3,52.0,3.82,9,618.4,57951.697222222225
3,50.0,3.82,10,618.4,57951.697916666664
2,54.0,3.8,10,618.3,57951.69861111111
0,59.0,3.79,10,618.3,57951.69930555556
0,59.0,3.79,10,618.3,57951.7
0,64.0,3.8,9,618.3,57951.700694444444
0,69.0,3.83,9,618.3,57951.70138888889
0,73.0,3.87,9,618.3,57951.70208333333
0,77.0,3.93,9,618.3,57951.70277777778
0,67.0,4.01,9,618.3,57951.70347222222
1,56.0,4.09,9,618.3,57951.70416666667
4,51.0,4.2,9,618.3,57951.70486111111
5,76.0,4.29,9,618.3,57951.705555555556
3,55.0,4.38,9,618.4,57951.70625
3,57.0,4.46,9,618.4,57951.70694444444
4,58.0,4.51,9,618.4,57951.70763888889
5,55.0,4.55,9,618.4,57951.708333333336
5,62.0,4.59,9,618.4,57951.709027777775
5,57.0,4.61,9,618.4,57951.70972222222
5,55.0,4.64,9,618.4,57951.71041666667
5,57.0,4.65,9,618.4,57951.71111111111
5,47.0,4.65,9,618.4,57951.711805555555
6,56.0,4.66,9,618.4,57951.7125
6,49.0,4.65,9,618.4,57951.71319444444
6,48.0,4.62,9,618.4,57951.71388888889
6,48.0,4.6,9,618.4,57951.714583333334
5,52.0,4.57,9,618.4,57951.71527777778
4,60.0,4.55,9,618.4,57951.71597222222
3,53.0,4.53,9,618.4,57951.71666666667
3,57.0,4.52,9,618.4,57951.717361111114
2,50.0,4.54,9,618.4,57951.71805555555
2,57.0,4.56,9,618.5,57951.71875
2,56.0,4.6,9,618.5,57951.71944444445
5,49.0,4.64,9,618.5,57951.720138888886
5,41.0,4.69,8,618.5,57951.72083333333
7,60.0,4.73,9,618.5,57951.72152777778
6,45.0,4.78,9,618.5,57951.72222222222
6,41.0,4.82,9,618.5,57951.722916666666
7,59.0,4.85,9,618.5,57951.72361111111
5,56.0,4.9,9,618.5,57951.72430555556
4,49.0,4.94,9,618.5,57951.725
4,49.0,4.98,9,618.5,57951.725694444445
2,39.0,5.0,9,618.5,57951.72638888889
2,55.0,5.01,9,618.5,57951.72708333333
0,45.0,4.99,9,618.5,57951.72777777778
0,59.0,4.99,9,618.5,57951.728472222225
2,42.0,5.02,9,618.5,57951.729166666664
3,35.0,5.07,9,618.5,57951.72986111111
4,19.0,5.13,9,618.6,57951.73055555556
3,34.0,5.17,9,618.6,57951.73125
2,51.0,5.17,9,618.6,57951.731944444444
2,32.0,5.19,9,618.6,57951.73263888889
3,46.0,5.23,9,618.6,57951.73333333333
1,51.0,5.26,9,618.6,57951.73402777778
2,41.0,5.29,9,618.6,57951.73472222222
4,41.0,5.31,9,618.6,57951.73541666667
5,41.0,5.34,9,618.6,57951.73611111111
5,37.0,5.36,9,618.6,57951.736805555556
6,34.0,5.38,9,618.6,57951.7375
4,37.0,5.4,9,618.6,57951.73819444444
7,36.0,5.42,9,618.6,57951.73888888889
5,40.0,5.45,9,618.6,57951.739583333336
2,48.0,5.47,9,618.6,57951.740277777775
4,28.0,5.48,9,618.6,57951.74097222222
3,34.0,5.52,9,618.6,57951.74166666667
1,39.0,5.56,9,618.6,57951.74236111111
0,48.0,5.57,9,618.7,57951.743055555555
1,38.0,5.58,8,618.7,57951.74375
3,33.0,5.61,8,618.7,57951.74444444444
7,69.0,5.67,9,618.7,57951.74513888889
9,41.0,5.75,9,618.7,57951.745833333334
7,57.0,5.81,9,618.7,57951.74652777778
6,54.0,5.82,9,618.7,57951.74722222222
4,49.0,5.8,9,618.7,57951.74791666667
2,71.0,5.75,9,618.7,57951.748611111114
0,97.0,5.68,9,618.7,57951.74930555555
0,25.0,5.62,9,618.7,57951.75
0,7.0,5.56,9,618.7,57951.75069444445
0,45.0,5.52,9,618.7,57951.751388888886
0,66.0,5.5,9,618.7,57951.75208333333
2,50.0,5.52,9,618.7,57951.75277777778
2,57.0,5.57,9,618.7,57951.75347222222
5,65.0,5.64,9,618.7,57951.754166666666
4,49.0,5.73,9,618.7,57951.75486111111
5,55.0,5.8,9,618.7,57951.75555555556
6,64.0,5.87,10,618.7,57951.75625
4,29.0,5.93,10,618.8,57951.756944444445
5,3.0,5.97,9,618.8,57951.75763888889
3,15.0,5.99,9,618.8,57951.75833333333
4,4.0,6.01,9,618.8,57951.75902777778
2,84.0,6.06,9,618.8,57951.759722222225
3,38.0,6.12,9,618.8,57951.760416666664
4,68.0,6.22,9,618.8,57951.76111111111
3,39.0,6.31,9,618.8,57951.76180555556
4,43.0,6.38,9,618.8,57951.7625
5,45.0,6.44,9,618.8,57951.763194444444
6,32.0,6.48,9,618.8,57951.76388888889
3,59.0,6.48,9,618.9,57951.76458333333
4,42.0,6.43,9,618.8,57951.76527777778
6,35.0,6.37,9,618.8,57951.76597222222
4,32.0,6.29,9,618.8,57951.76666666667
2,25.0,6.22,9,618.8,57951.76736111111
0,73.0,6.15,9,618.8,57951.768055555556
0,61.0,6.09,8,618.8,57951.76875
0,16.0,6.07,9,618.8,57951.76944444444
0,31.0,6.1,8,618.8,57951.77013888889
0,336.0,6.13,8,618.8,57951.770833333336
0,304.0,6.17,8,618.8,57951.771527777775
0,303.0,6.19,8,618.8,57951.77222222222
0,34.0,6.21,8,618.9,57951.77291666667
1,35.0,6.25,8,618.8,57951.77361111111
5,43.0,6.35,9,618.9,57951.774305555555
6,32.0,6.48,9,618.9,57951.775
8,30.0,6.62,9,618.9,57951.77569444444
2,25.0,6.73,9,618.8,57951.77638888889
4,19.0,6.79,10,618.8,57951.777083333334
1,281.0,6.81,10,618.8,57951.77777777778
0,297.0,6.77,10,618.8,57951.77847222222
0,298.0,6.69,9,618.8,57951.77916666667
0,327.0,6.58,9,618.8,57951.779861111114
0,316.0,6.46,9,618.8,57951.78055555555
0,10.0,6.35,9,618.8,57951.78125
0,48.0,6.27,10,618.8,57951.78194444445
0,325.0,6.22,10,618.8,57951.782638888886
2,345.0,6.19,11,618.8,57951.78333333333
2,28.0,6.15,11,618.8,57951.78402777778
1,108.0,6.12,11,618.8,57951.78472222222
0,273.0,6.14,12,618.7,57951.785416666666
0,216.0,6.13,12,618.7,57951.78611111111
0,202.0,6.1,12,618.7,57951.78680555556
0,54.0,6.06,12,618.7,57951.7875
0,251.0,6.06,12,618.7,57951.788194444445
0,248.0,6.09,12,618.7,57951.78888888889
3,26.0,6.14,13,618.7,57951.78958333333
3,44.0,6.22,13,618.7,57951.79027777778
2,301.0,6.3,14,618.7,57951.790972222225
0,195.0,6.35,14,618.8,57951.791666666664
0,354.0,6.38,14,618.8,57951.79236111111
0,57.0,6.46,14,618.8,57951.79305555556
2,254.0,6.57,14,618.8,57951.79375
7,289.0,6.68,14,618.8,57951.794444444444
6,259.0,6.76,15,618.8,57951.79513888889
6,291.0,6.78,15,618.8,57951.79583333333
1,249.0,6.72,15,618.8,57951.79652777778
1,303.0,6.63,15,618.8,57951.79722222222
0,301.0,6.56,14,618.8,57951.79791666667
2,281.0,6.54,14,618.8,57951.79861111111
1,312.0,6.48,14,618.8,57951.799305555556
0,296.0,6.39,14,618.8,57951.8
0,298.0,6.29,14,618.8,57951.80069444444
0,349.0,6.22,14,618.8,57951.80138888889
0,346.0,6.21,14,618.8,57951.802083333336
0,220.0,6.25,14,618.8,57951.802777777775
0,311.0,6.3,14,618.8,57951.80347222222
1,0.0,6.36,14,618.8,57951.80416666667
4,19.0,6.42,14,618.8,57951.80486111111
6,21.0,6.52,14,618.8,57951.805555555555
5,33.0,6.65,14,618.8,57951.80625
7,23.0,6.79,14,618.8,57951.80694444444
10,36.0,6.95,14,618.8,57951.80763888889
11,25.0,7.13,14,618.8,57951.808333333334
10,19.0,7.23,14,618.8,57951.80902777778
9,36.0,7.29,14,618.8,57951.80972222222
8,321.0,7.35,13,618.8,57951.81041666667
8,14.0,7.38,12,618.8,57951.811111111114
4,14.0,7.37,12,618.9,57951.81180555555
2,164.0,7.31,12,618.9,57951.8125
4,47.0,7.24,14,618.8,57951.81319444445
7,38.0,7.19,14,618.8,57951.813888888886
8,8.0,7.13,13,618.8,57951.81458333333
6,17.0,7.12,12,618.8,57951.81527777778
3,276.0,7.09,12,618.8,57951.81597222222
0,327.0,7.05,12,618.8,57951.816666666666
0,276.0,6.96,12,618.9,57951.81736111111
0,13.0,6.85,12,618.9,57951.81805555556
0,164.0,6.74,13,618.9,57951.81875
1,0.0,6.66,13,618.9,57951.819444444445
3,38.0,6.68,13,618.9,57951.82013888889
9,31.0,6.8,14,618.8,57951.82083333333
9,23.0,6.98,13,618.9,57951.82152777778
11,36.0,7.15,13,618.8,57951.822222222225
11,24.0,7.33,13,618.8,57951.822916666664
9,21.0,7.45,12,618.8,57951.82361111111
11,1.0,7.55,12,618.8,57951.82430555556
8,38.0,7.63,12,618.8,57951.825
6,37.0,7.67,12,618.8,57951.825694444444
8,52.0,7.65,12,618.8,57951.82638888889
9,43.0,7.61,12,618.8,57951.82708333333
11,27.0,7.58,12,618.8,57951.82777777778
11,29.0,7.6,12,618.8,57951.82847222222
7,0.0,7.65,11,618.8,57951.82916666667
4,4.0,7.67,10,618.8,57951.82986111111
2,344.0,7.67,10,618.9,57951.830555555556
0,305.0,7.63,10,618.8,57951.83125
0,302.0,7.56,10,618.9,57951.83194444444
0,285.0,7.44,10,618.8,57951.83263888889
0,65.0,7.3,10,618.8,57951.833333333336
0,285.0,7.19,12,618.8,57951.834027777775
0,302.0,7.09,12,618.9,57951.83472222222
0,301.0,6.99,12,618.9,57951.83541666667
0,305.0,6.91,12,618.9,57951.83611111111
0,10.0,6.86,12,618.9,57951.836805555555
1,4.0,6.85,12,618.9,57951.8375
2,32.0,6.88,12,618.8,57951.83819444444
3,0.0,6.95,12,618.8,57951.83888888889
3,32.0,7.07,11,618.8,57951.839583333334
8,44.0,7.25,12,618.8,57951.84027777778
8,25.0,7.52,12,618.8,57951.84097222222
10,34.0,7.86,12,618.8,57951.84166666667
13,52.0,8.19,14,618.8,57951.842361111114
10,15.0,8.5,15,618.8,57951.84305555555
6,24.0,8.7,14,618.8,57951.84375
5,272.0,8.81,14,618.8,57951.84444444445
3,284.0,8.86,14,618.8,57951.845138888886
1,304.0,8.78,14,618.8,57951.84583333333
1,341.0,8.6,14,618.8,57951.84652777778
0,6.0,8.37,14,618.8,57951.84722222222
0,208.0,8.16,13,618.8,57951.847916666666
1,7.0,7.99,14,618.8,57951.84861111111
2,310.0,7.9,15,618.8,57951.84930555556
1,344.0,7.81,14,618.8,57951.85
0,299.0,7.74,14,618.8,57951.850694444445
0,301.0,7.7,15,618.8,57951.85138888889
0,25.0,7.62,16,618.8,57951.85208333333
0,263.0,7.56,16,618.8,57951.85277777778
2,315.0,7.54,17,618.8,57951.853472222225
1,299.0,7.52,17,618.8,57951.854166666664
0,286.0,7.56,18,618.8,57951.85486111111
4,314.0,7.68,18,618.8,57951.85555555556
4,310.0,7.86,19,618.8,57951.85625
6,286.0,8.04,19,618.8,57951.856944444444
2,278.0,8.12,19,618.8,57951.85763888889
0,273.0,8.12,19,618.8,57951.85833333333
1,292.0,8.09,20,618.8,57951.85902777778
3,266.0,8.09,20,618.8,57951.85972222222
5,279.0,8.11,19,618.8,57951.86041666667
4,139.0,8.11,20,618.9,57951.86111111111
1,280.0,8.14,18,618.9,57951.861805555556
0,274.0,8.18,14,618.9,57951.8625
0,291.0,8.23,15,618.9,57951.86319444444
0,262.0,8.23,16,618.8,57951.86388888889
2,297.0,8.23,21,618.8,57951.864583333336
2,279.0,8.19,21,618.8,57951.865277777775
0,287.0,8.1,21,618.8,57951.86597222222
0,52.0,8.02,21,618.9,57951.86666666667
0,29.0,8.0,20,618.9,57951.86736111111
0,106.0,8.02,19,618.9,57951.868055555555
2,230.0,8.07,20,618.9,57951.86875
6,326.0,8.13,23,618.8,57951.86944444444
3,245.0,8.19,31,618.9,57951.87013888889
2,280.0,8.27,30,618.9,57951.870833333334
6,270.0,8.33,29,618.9,57951.87152777778
6,274.0,8.36,27,618.9,57951.87222222222
4,283.0,8.33,26,619.0,57951.87291666667
1,352.0,8.21,26,619.0,57951.873611111114
1,351.0,8.06,29,618.9,57951.87430555555
1,273.0,7.98,33,618.9,57951.875
0,18.0,7.93,33,618.9,57951.87569444445
0,235.0,7.86,31,618.9,57951.876388888886
1,299.0,7.78,31,618.9,57951.87708333333
0,285.0,7.69,28,618.9,57951.87777777778
0,283.0,7.59,24,618.9,57951.87847222222
0,272.0,7.53,25,618.9,57951.879166666666
0,247.0,7.5,26,618.9,57951.87986111111
2,138.0,7.49,32,618.9,57951.88055555556
3,13.0,7.52,34,618.9,57951.88125
2,25.0,7.53,34,618.9,57951.881944444445
3,10.0,7.52,32,618.9,57951.88263888889
7,28.0,7.49,34,618.9,57951.88333333333
10,30.0,7.49,36,618.9,57951.88402777778
10,48.0,7.49,35,618.8,57951.884722222225
13,31.0,7.54,39,618.8,57951.885416666664
8,67.0,7.7,39,618.8,57951.88611111111
9,57.0,7.9,40,618.8,57951.88680555556
7,78.0,8.13,38,618.9,57951.8875
4,36.0,8.31,35,618.9,57951.888194444444
0,132.0,8.43,32,618.9,57951.88888888889
0,48.0,8.56,31,618.9,57951.88958333333
0,0.0,8.68,28,618.9,57951.89027777778
5,46.0,8.82,22,618.8,57951.89097222222
11,10.0,9.01,25,618.9,57951.89166666667
9,45.0,9.18,27,618.9,57951.89236111111
2,23.0,9.28,27,618.9,57951.893055555556
3,14.0,9.29,26,618.9,57951.89375
3,3.0,9.24,34,618.9,57951.89444444444
4,8.0,9.16,32,618.9,57951.89513888889
1,61.0,9.09,31,618.9,57951.895833333336
1,259.0,9.04,34,618.9,57951.896527777775
6,0.0,9.07,45,618.9,57951.89722222222
7,281.0,9.08,39,618.9,57951.89791666667
7,297.0,9.18,47,618.9,57951.89861111111
2,288.0,9.23,49,618.9,57951.899305555555
1,345.0,9.19,49,618.9,57951.9
6,28.0,9.1,47,618.9,57951.90069444444
9,19.0,9.0,46,618.9,57951.90138888889
10,51.0,8.9,47,618.9,57951.902083333334
11,26.0,8.77,46,618.9,57951.90277777778
9,37.0,8.64,46,618.9,57951.90347222222
8,31.0,8.48,47,618.9,57951.90416666667
14,46.0,8.37,49,618.8,57951.904861111114
20,38.0,8.45,46,618.7,57951.90555555555
18,7.0,8.63,37,618.7,57951.90625
16,43.0,8.82,38,618.7,57951.90694444445
15,61.0,8.96,40,618.7,57951.907638888886
15,59.0,9.02,39,618.7,57951.90833333333
14,36.0,9.0,40,618.7,57951.90902777778
15,62.0,9.0,38,618.7,57951.90972222222
18,55.0,9.05,39,618.7,57951.910416666666
19,50.0,9.12,38,618.7,57951.91111111111
18,55.0,9.14,37,618.7,57951.91180555556
12,52.0,9.11,38,618.8,57951.9125
11,81.0,9.0,39,618.8,57951.913194444445
14,43.0,8.88,47,618.7,57951.91388888889
19,54.0,8.85,48,618.7,57951.91458333333
16,54.0,8.85,46,618.7,57951.91527777778
14,44.0,8.82,46,618.7,57951.915972222225
16,43.0,8.76,44,618.7,57951.916666666664
11,49.0,8.67,44,618.7,57951.91736111111
17,27.0,8.57,45,618.7,57951.91805555556
14,53.0,8.5,47,618.7,57951.91875
11,17.0,8.44,48,618.6,57951.919444444444
16,11.0,8.4,50,618.6,57951.92013888889
15,63.0,8.38,50,618.6,57951.92083333333
21,51.0,8.38,52,618.6,57951.92152777778
17,65.0,8.43,52,618.6,57951.92222222222
13,55.0,8.41,52,618.7,57951.92291666667
14,62.0,8.36,53,618.7,57951.92361111111
15,49.0,8.34,53,618.7,57951.924305555556
15,51.0,8.33,53,618.7,57951.925
12,72.0,8.26,52,618.7,57951.92569444444
12,47.0,8.17,50,618.7,57951.92638888889
11,93.0,8.1,51,618.7,57951.927083333336
11,70.0,8.02,52,618.7,57951.927777777775
8,44.0,7.92,54,618.7,57951.92847222222
6,35.0,7.79,55,618.7,57951.92916666667
5,37.0,7.68,57,618.7,57951.92986111111
11,16.0,7.67,59,618.7,57951.930555555555
11,49.0,7.79,58,618.7,57951.93125
14,53.0,7.93,62,618.6,57951.93194444444
16,24.0,8.04,61,618.6,57951.93263888889
16,26.0,8.21,60,618.6,57951.933333333334
15,55.0,8.4,58,618.6,57951.93402777778
14,64.0,8.56,57,618.6,57951.93472222222
9,52.0,8.68,56,618.6,57951.93541666667
11,76.0,8.75,54,618.6,57951.936111111114
12,47.0,8.84,51,618.6,57951.93680555555
16,50.0,8.98,49,618.6,57951.9375
15,41.0,9.08,55,618.6,57951.93819444445
17,50.0,9.16,57,618.6,57951.938888888886
11,45.0,9.13,55,618.6,57951.93958333333
11,64.0,9.01,60,618.6,57951.94027777778
6,89.0,8.82,57,618.6,57951.94097222222
5,101.0,8.57,58,618.6,57951.941666666666
4,69.0,8.35,59,618.6,57951.94236111111
10,33.0,8.16,61,618.6,57951.94305555556
7,50.0,8.01,60,618.6,57951.94375
8,55.0,7.9,59,618.6,57951.944444444445
9,67.0,7.86,59,618.6,57951.94513888889
5,38.0,7.85,59,618.6,57951.94583333333
15,77.0,7.9,61,618.6,57951.94652777778
19,56.0,8.04,62,618.5,57951.947222222225
17,50.0,8.2,62,618.5,57951.947916666664
14,53.0,8.3,62,618.6,57951.94861111111
16,70.0,8.4,62,618.5,57951.94930555556
12,38.0,8.48,61,618.5,57951.95
12,32.0,8.52,61,618.5,57951.950694444444
10,67.0,8.49,61,618.5,57951.95138888889
9,61.0,8.4,61,618.5,57951.95208333333
12,45.0,8.25,61,618.5,57951.95277777778
10,116.0,8.08,61,618.5,57951.95347222222
3,344.0,7.88,62,618.5,57951.95416666667
3,13.0,7.68,62,618.5,57951.95486111111
4,30.0,7.51,62,618.5,57951.955555555556
7,29.0,7.42,62,618.5,57951.95625
9,28.0,7.37,62,618.5,57951.95694444444
8,56.0,7.42,61,618.5,57951.95763888889
6,15.0,7.51,61,618.5,57951.958333333336
6,35.0,7.58,60,618.5,57951.959027777775
18,28.0,7.7,55,618.4,57951.95972222222
14,30.0,7.91,54,618.4,57951.96041666667
10,47.0,8.09,56,618.5,57951.96111111111
9,40.0,8.23,58,618.5,57951.961805555555
15,32.0,8.37,58,618.4,57951.9625
16,46.0,8.5,57,618.4,57951.96319444444
11,41.0,8.58,57,618.4,57951.96388888889
8,40.0,8.57,55,618.4,57951.964583333334
13,45.0,8.53,54,618.4,57951.96527777778
15,46.0,8.5,55,618.4,57951.96597222222
15,46.0,8.5,55,618.4,57951.96666666667
16,35.0,8.49,55,618.3,57951.967361111114
16,56.0,8.47,56,618.3,57951.96805555555
14,44.0,8.47,57,618.3,57951.96875
16,34.0,8.49,55,618.3,57951.96944444445
14,30.0,8.5,55,618.3,57951.970138888886
12,27.0,8.43,55,618.3,57951.97083333333
8,15.0,8.34,56,618.4,57951.97152777778
7,37.0,8.2,56,618.3,57951.97222222222
14,60.0,8.13,55,618.3,57951.972916666666
17,32.0,8.18,55,618.2,57951.97361111111
16,23.0,8.28,55,618.3,57951.97430555556
15,54.0,8.43,55,618.3,57951.975
9,11.0,8.51,54,618.3,57951.975694444445
13,0.0,8.52,54,618.3,57951.97638888889
13,68.0,8.51,54,618.2,57951.97708333333
13,29.0,8.49,55,618.2,57951.97777777778
11,40.0,8.46,53,618.2,57951.978472222225
12,34.0,8.46,54,618.3,57951.979166666664
10,47.0,8.43,55,618.2,57951.97986111111
17,51.0,8.43,55,618.2,57951.98055555556
14,49.0,8.44,55,618.3,57951.98125
10,17.0,8.35,55,618.3,57951.981944444444
8,6.0,8.19,55,618.3,57951.98263888889
10,3.0,8.04,55,618.3,57951.98333333333
12,35.0,7.86,56,618.2,57951.98402777778
18,29.0,7.75,56,618.2,57951.98472222222
19,29.0,7.73,56,618.2,57951.98541666667
19,47.0,7.79,56,618.2,57951.98611111111
13,58.0,7.86,55,618.2,57951.986805555556
13,88.0,7.91,54,618.2,57951.9875
13,31.0,7.98,54,618.2,57951.98819444444
15,52.0,8.11,53,618.2,57951.98888888889
11,80.0,8.23,52,618.3,57951.989583333336
8,45.0,8.27,52,618.3,57951.990277777775
11,8.0,8.28,52,618.3,57951.99097222222
11,38.0,8.23,52,618.3,57951.99166666667
17,31.0,8.17,52,618.2,57951.99236111111
20,38.0,8.24,52,618.2,57951.993055555555
16,38.0,8.36,50,618.2,57951.99375
12,37.0,8.41,50,618.2,57951.99444444444
7,43.0,8.37,49,618.2,57951.99513888889
11,60.0,8.29,51,618.2,57951.995833333334
9,54.0,8.25,51,618.2,57951.99652777778
6,23.0,8.25,50,618.2,57951.99722222222
12,31.0,8.24,51,618.2,57951.99791666667
12,23.0,8.28,50,618.2,57951.998611111114
11,45.0,8.31,49,618.2,57951.99930555555
11,63.0,8.31,48,618.2,57952.0
11,83.0,8.34,47,618.2,57952.00069444445
11,60.0,8.35,48,618.2,57952.001388888886
10,88.0,8.38,48,618.2,57952.00208333333
9,86.0,8.42,47,618.2,57952.00277777778
7,38.0,8.45,44,618.2,57952.00347222222
14,27.0,8.43,46,618.2,57952.004166666666
14,30.0,8.39,46,618.2,57952.00486111111
11,50.0,8.33,45,618.2,57952.00555555556
16,61.0,8.28,46,618.2,57952.00625
13,38.0,8.28,46,618.2,57952.006944444445
11,53.0,8.32,46,618.2,57952.00763888889
13,50.0,8.36,47,618.2,57952.00833333333
10,91.0,8.4,47,618.1,57952.00902777778
9,70.0,8.4,47,618.1,57952.009722222225
12,52.0,8.41,47,618.2,57952.010416666664
13,42.0,8.45,45,618.1,57952.01111111111
14,44.0,8.56,44,618.1,57952.01180555556
14,61.0,8.7,44,618.1,57952.0125
13,46.0,8.79,45,618.1,57952.013194444444
12,57.0,8.8,46,618.1,57952.01388888889
12,71.0,8.75,47,618.1,57952.01458333333
12,38.0,8.7,47,618.1,57952.01527777778
14,51.0,8.66,48,618.1,57952.01597222222
12,48.0,8.62,48,618.1,57952.01666666667
10,48.0,8.52,48,618.1,57952.01736111111
13,54.0,8.42,48,618.0,57952.018055555556
16,58.0,8.37,47,618.0,57952.01875
10,98.0,8.34,47,618.1,57952.01944444444
6,96.0,8.29,48,618.1,57952.02013888889
7,59.0,8.23,47,618.1,57952.020833333336
12,69.0,8.19,44,618.0,57952.021527777775
12,38.0,8.23,44,618.1,57952.02222222222
10,90.0,8.33,46,618.1,57952.02291666667
6,327.0,8.39,46,618.1,57952.02361111111
9,39.0,8.42,44,618.0,57952.024305555555
10,44.0,8.44,43,618.0,57952.025
12,33.0,8.46,45,618.0,57952.02569444444
12,74.0,8.46,45,618.0,57952.02638888889
13,55.0,8.41,47,618.0,57952.027083333334
12,85.0,8.33,48,618.0,57952.02777777778
10,65.0,8.23,47,618.0,57952.02847222222
8,167.0,8.13,48,618.1,57952.02916666667
4,22.0,8.04,48,618.1,57952.029861111114
13,44.0,7.99,43,618.0,57952.03055555555
13,29.0,8.02,44,618.0,57952.03125
11,0.0,8.04,45,618.0,57952.03194444445
8,26.0,8.04,45,618.0,57952.032638888886
14,66.0,8.03,47,618.0,57952.03333333333
10,53.0,8.09,47,618.0,57952.03402777778
9,55.0,8.1,47,618.0,57952.03472222222
7,42.0,8.1,47,618.0,57952.035416666666
6,46.0,8.08,46,618.0,57952.03611111111
8,45.0,8.04,44,618.0,57952.03680555556
9,24.0,8.0,43,618.0,57952.0375
9,33.0,7.96,43,618.0,57952.038194444445
10,80.0,7.92,44,618.0,57952.03888888889
14,40.0,7.96,41,618.0,57952.03958333333
17,70.0,8.06,40,618.0,57952.04027777778
14,50.0,8.21,46,617.9,57952.040972222225
10,60.0,8.3,48,618.0,57952.041666666664
10,98.0,8.35,48,618.0,57952.04236111111
11,43.0,8.38,47,618.0,57952.04305555556
9,78.0,8.36,48,618.0,57952.04375
8,44.0,8.31,48,618.0,57952.044444444444
9,45.0,8.27,49,618.0,57952.04513888889
14,59.0,8.23,49,618.0,57952.04583333333
12,99.0,8.19,51,618.0,57952.04652777778
9,46.0,8.12,51,618.0,57952.04722222222
8,70.0,8.05,52,618.0,57952.04791666667
7,87.0,7.93,51,618.0,57952.04861111111
3,88.0,7.8,50,618.0,57952.049305555556
0,87.0,7.69,50,618.0,57952.05
1,98.0,7.6,50,618.0,57952.05069444444
3,106.0,7.57,51,618.0,57952.05138888889
5,101.0,7.59,51,618.0,57952.052083333336
3,83.0,7.63,52,618.0,57952.052777777775
4,67.0,7.64,52,618.0,57952.05347222222
6,86.0,7.65,51,618.0,57952.05416666667
12,80.0,7.69,48,618.0,57952.05486111111
11,49.0,7.82,49,618.0,57952.055555555555
12,91.0,7.98,50,618.0,57952.05625
11,97.0,8.13,50,617.9,57952.05694444444
9,84.0,8.24,49,618.0,57952.05763888889
13,40.0,8.3,43,618.0,57952.058333333334
15,50.0,8.37,39,618.0,57952.05902777778
16,40.0,8.43,41,618.0,57952.05972222222
15,40.0,8.45,41,618.0,57952.06041666667
12,24.0,8.45,43,618.0,57952.061111111114
12,43.0,8.41,41,618.0,57952.06180555555
11,44.0,8.37,39,618.0,57952.0625
11,70.0,8.36,44,618.0,57952.06319444445
11,36.0,8.33,45,618.0,57952.063888888886
11,69.0,8.26,45,618.0,57952.06458333333
12,56.0,8.13,44,618.0,57952.06527777778
11,66.0,8.02,43,618.0,57952.06597222222
10,114.0,7.92,40,618.0,57952.066666666666
7,0.0,7.88,38,618.0,57952.06736111111
10,13.0,7.87,38,618.0,57952.06805555556
13,50.0,7.87,38,618.0,57952.06875
15,42.0,7.86,38,618.0,57952.069444444445
10,63.0,7.85,38,618.0,57952.07013888889
6,65.0,7.81,37,618.0,57952.07083333333
4,15.0,7.77,36,618.0,57952.07152777778
2,20.0,7.75,36,618.0,57952.072222222225
2,354.0,7.74,37,618.0,57952.072916666664
4,353.0,7.72,37,618.0,57952.07361111111
2,83.0,7.68,37,618.0,57952.07430555556
2,52.0,7.65,37,618.0,57952.075
4,41.0,7.64,37,618.0,57952.075694444444
6,13.0,7.64,37,617.9,57952.07638888889
6,336.0,7.67,36,617.9,57952.07708333333
3,343.0,7.66,36,617.9,57952.07777777778
4,26.0,7.59,36,617.9,57952.07847222222
5,10.0,7.51,36,617.9,57952.07916666667
2,59.0,7.42,37,617.9,57952.07986111111
3,291.0,7.36,36,617.9,57952.080555555556
1,318.0,7.32,36,617.9,57952.08125
1,350.0,7.28,35,617.9,57952.08194444444
0,8.0,7.23,35,617.9,57952.08263888889
0,13.0,7.23,35,617.9,57952.083333333336
0,314.0,7.27,35,617.9,57952.084027777775
0,19.0,7.29,35,617.9,57952.08472222222
3,6.0,7.3,35,617.9,57952.08541666667
2,19.0,7.3,35,617.9,57952.08611111111
3,34.0,7.29,35,617.9,57952.086805555555
4,71.0,7.27,35,618.0,57952.0875
2,25.0,7.25,35,618.0,57952.08819444444
2,21.0,7.23,34,618.0,57952.08888888889
1,37.0,7.2,33,618.0,57952.089583333334
1,67.0,7.15,34,618.0,57952.09027777778
0,21.0,7.15,34,618.0,57952.09097222222
0,6.0,7.18,32,617.9,57952.09166666667
0,52.0,7.22,31,617.9,57952.092361111114
0,55.0,7.28,32,617.9,57952.09305555555
0,318.0,7.38,32,617.9,57952.09375
0,53.0,7.46,32,617.9,57952.09444444445
0,60.0,7.51,32,617.9,57952.095138888886
0,187.0,7.58,32,617.9,57952.09583333333
1,24.0,7.67,32,617.9,57952.09652777778
2,338.0,7.72,28,617.9,57952.09722222222
0,289.0,7.76,27,617.9,57952.097916666666
1,6.0,7.8,30,617.9,57952.09861111111
0,286.0,7.77,27,617.9,57952.09930555556
0,286.0,7.72,29,617.9,57952.1
0,286.0,7.63,25,617.9,57952.100694444445
0,15.0,7.54,21,617.9,57952.10138888889
0,17.0,7.46,15,617.9,57952.10208333333
0,24.0,7.45,16,617.9,57952.10277777778
0,171.0,7.51,21,617.9,57952.103472222225
0,354.0,7.61,23,617.9,57952.104166666664
0,0.0,7.64,23,617.9,57952.10486111111
0,0.0,7.61,22,617.9,57952.10555555556
0,301.0,7.56,21,617.9,57952.10625
0,16.0,7.55,21,617.9,57952.106944444444
1,312.0,7.57,20,617.9,57952.10763888889
0,18.0,7.57,17,617.9,57952.10833333333
0,312.0,7.56,15,617.9,57952.10902777778
0,54.0,7.62,19,617.9,57952.10972222222
0,28.0,7.65,19,617.9,57952.11041666667
3,24.0,7.67,20,617.8,57952.11111111111
3,277.0,7.7,20,617.8,57952.111805555556
0,66.0,7.73,22,617.9,57952.1125
1,201.0,7.8,28,617.9,57952.11319444444
4,245.0,7.88,34,617.8,57952.11388888889
8,257.0,7.89,35,617.9,57952.114583333336
5,340.0,7.86,37,617.9,57952.115277777775
0,276.0,7.78,29,617.9,57952.11597222222
0,349.0,7.75,29,617.9,57952.11666666667
0,53.0,7.74,28,617.9,57952.11736111111
0,278.0,7.73,26,617.9,57952.118055555555
0,30.0,7.73,26,617.9,57952.11875
0,309.0,7.72,27,617.9,57952.11944444444
0,302.0,7.7,28,617.9,57952.12013888889
0,329.0,7.65,29,617.9,57952.120833333334
0,330.0,7.54,29,617.9,57952.12152777778
0,325.0,7.44,30,617.9,57952.12222222222
0,337.0,7.38,30,617.9,57952.12291666667
0,344.0,7.37,30,617.9,57952.123611111114
0,39.0,7.4,29,617.9,57952.12430555555
0,46.0,7.44,28,617.9,57952.125
0,35.0,7.53,27,617.9,57952.12569444445
1,45.0,7.64,27,617.9,57952.126388888886
0,42.0,7.75,26,617.9,57952.12708333333
2,41.0,7.83,25,617.9,57952.12777777778
0,62.0,7.9,25,617.9,57952.12847222222
0,70.0,7.96,24,617.9,57952.129166666666
0,65.0,8.0,23,617.9,57952.12986111111
0,64.0,8.01,22,618.0,57952.13055555556
1,58.0,7.99,18,618.0,57952.13125
1,47.0,7.98,18,618.0,57952.131944444445
2,87.0,7.97,18,618.0,57952.13263888889
2,76.0,7.95,19,618.0,57952.13333333333
2,47.0,7.94,20,618.0,57952.13402777778
1,31.0,7.89,20,617.9,57952.134722222225
2,46.0,7.84,19,617.9,57952.135416666664
5,59.0,7.8,16,617.9,57952.13611111111
3,57.0,7.79,15,617.9,57952.13680555556
2,125.0,7.76,15,618.0,57952.1375
0,172.0,7.75,16,618.0,57952.138194444444
2,245.0,7.74,17,618.0,57952.13888888889
8,229.0,7.79,18,617.9,57952.13958333333
5,256.0,7.87,22,618.0,57952.14027777778
8,239.0,7.98,32,618.0,57952.14097222222
11,243.0,8.07,39,618.0,57952.14166666667
10,236.0,8.11,36,618.0,57952.14236111111
13,252.0,8.13,35,618.0,57952.143055555556
13,217.0,8.18,36,618.0,57952.14375
12,205.0,8.22,30,618.0,57952.14444444444
15,203.0,8.26,30,618.0,57952.14513888889
12,226.0,8.31,34,618.0,57952.145833333336
7,283.0,8.31,33,618.0,57952.146527777775
2,321.0,8.3,31,618.0,57952.14722222222
0,8.0,8.3,29,618.0,57952.14791666667
0,294.0,8.34,30,618.0,57952.14861111111
0,354.0,8.39,32,618.0,57952.149305555555
0,276.0,8.39,28,618.0,57952.15
0,330.0,8.36,29,618.0,57952.15069444444
0,287.0,8.34,32,618.0,57952.15138888889
0,343.0,8.33,30,618.0,57952.152083333334
0,296.0,8.27,28,618.0,57952.15277777778
0,22.0,8.19,29,618.0,57952.15347222222
0,24.0,8.1,27,618.0,57952.15416666667
0,25.0,8.01,26,618.0,57952.154861111114
0,218.0,7.9,30,618.0,57952.15555555555
2,247.0,7.83,34,618.0,57952.15625
3,182.0,7.74,37,618.0,57952.15694444445
0,247.0,7.64,40,618.0,57952.157638888886
0,148.0,7.58,44,618.0,57952.15833333333
0,35.0,7.47,32,618.0,57952.15902777778
0,64.0,7.35,27,618.0,57952.15972222222
1,55.0,7.24,26,618.0,57952.160416666666
4,41.0,7.11,25,618.0,57952.16111111111
4,43.0,6.97,25,618.0,57952.16180555556
2,54.0,6.82,24,618.0,57952.1625
0,47.0,6.69,25,618.0,57952.163194444445
0,26.0,6.58,26,618.0,57952.16388888889
0,25.0,6.49,29,618.0,57952.16458333333
0,330.0,6.42,33,618.0,57952.16527777778
0,295.0,6.39,35,618.0,57952.165972222225
0,330.0,6.39,38,618.0,57952.166666666664
1,240.0,6.4,38,618.0,57952.16736111111
8,224.0,6.46,42,618.0,57952.16805555556
10,236.0,6.57,44,618.0,57952.16875
8,242.0,6.71,45,618.1,57952.169444444444
5,190.0,6.82,44,618.1,57952.17013888889
5,237.0,6.92,42,618.1,57952.17083333333
4,225.0,7.01,43,618.1,57952.17152777778
2,231.0,7.04,42,618.1,57952.17222222222
1,203.0,7.04,43,618.1,57952.17291666667
1,218.0,7.02,43,618.1,57952.17361111111
1,225.0,7.01,43,618.1,57952.174305555556
1,246.0,7.0,43,618.1,57952.175
7,233.0,7.01,43,618.1,57952.17569444444
7,246.0,7.03,43,618.1,57952.17638888889
4,245.0,7.06,41,618.1,57952.177083333336
5,225.0,7.08,40,618.1,57952.177777777775
5,218.0,7.12,38,618.1,57952.17847222222
4,274.0,7.16,34,618.1,57952.17916666667
6,299.0,7.2,28,618.1,57952.17986111111
2,280.0,7.25,27,618.1,57952.180555555555
0,300.0,7.3,25,618.1,57952.18125
0,313.0,7.37,25,618.1,57952.18194444444
0,297.0,7.47,25,618.1,57952.18263888889
0,41.0,7.55,26,618.1,57952.183333333334
0,46.0,7.61,28,618.1,57952.18402777778
0,69.0,7.59,28,618.1,57952.18472222222
0,69.0,7.5,27,618.1,57952.18541666667
0,65.0,7.37,27,618.1,57952.186111111114
0,61.0,7.21,26,618.2,57952.18680555555
0,82.0,7.05,26,618.2,57952.1875
0,83.0,6.9,29,618.2,57952.18819444445
0,85.0,6.74,29,618.1,57952.188888888886
0,85.0,6.61,30,618.1,57952.18958333333
0,85.0,6.48,31,618.1,57952.19027777778
0,85.0,6.38,30,618.1,57952.19097222222
0,130.0,6.28,30,618.1,57952.191666666666
0,160.0,6.21,30,618.1,57952.19236111111
0,177.0,6.2,31,618.1,57952.19305555556
0,204.0,6.25,33,618.1,57952.19375
2,204.0,6.34,34,618.1,57952.194444444445
3,204.0,6.43,37,618.2,57952.19513888889
0,208.0,6.51,37,618.2,57952.19583333333
4,246.0,6.57,36,618.2,57952.19652777778
8,243.0,6.64,35,618.2,57952.197222222225
8,215.0,6.71,34,618.2,57952.197916666664
10,233.0,6.79,33,618.2,57952.19861111111
8,247.0,6.87,34,618.2,57952.19930555556
5,255.0,6.94,36,618.2,57952.2
3,225.0,6.96,37,618.2,57952.200694444444
6,228.0,6.93,35,618.2,57952.20138888889
4,234.0,6.89,36,618.2,57952.20208333333
5,242.0,6.83,35,618.2,57952.20277777778
5,221.0,6.77,35,618.2,57952.20347222222
2,226.0,6.71,34,618.2,57952.20416666667
1,215.0,6.66,36,618.2,57952.20486111111
2,235.0,6.62,37,618.2,57952.205555555556
3,240.0,6.6,37,618.2,57952.20625
4,231.0,6.58,37,618.2,57952.20694444444
3,223.0,6.56,37,618.2,57952.20763888889
3,241.0,6.54,39,618.2,57952.208333333336
2,241.0,6.49,39,618.3,57952.209027777775
3,242.0,6.45,40,618.3,57952.20972222222
3,238.0,6.39,41,618.3,57952.21041666667
1,249.0,6.32,41,618.3,57952.21111111111
1,247.0,6.26,41,618.3,57952.211805555555
2,234.0,6.18,41,618.2,57952.2125
1,239.0,6.08,41,618.2,57952.21319444444
0,244.0,6.0,42,618.2,57952.21388888889
0,242.0,5.91,42,618.2,57952.214583333334
1,221.0,5.83,43,618.2,57952.21527777778
2,225.0,5.76,44,618.3,57952.21597222222
2,228.0,5.7,44,618.3,57952.21666666667
2,238.0,5.65,44,618.3,57952.217361111114
1,238.0,5.61,44,618.3,57952.21805555555
0,236.0,5.57,44,618.3,57952.21875
0,230.0,5.52,44,618.3,57952.21944444445
0,230.0,5.48,44,618.3,57952.220138888886
0,231.0,5.43,44,618.3,57952.22083333333
0,231.0,5.4,44,618.3,57952.22152777778
0,231.0,5.38,44,618.3,57952.22222222222
0,231.0,5.35,40,618.3,57952.222916666666
0,232.0,5.35,36,618.3,57952.22361111111
0,232.0,5.35,34,618.3,57952.22430555556
0,232.0,5.38,35,618.3,57952.225
0,231.0,5.4,36,618.3,57952.225694444445
0,232.0,5.43,38,618.4,57952.22638888889
0,232.0,5.44,37,618.4,57952.22708333333
0,232.0,5.44,36,618.4,57952.22777777778
0,232.0,5.45,36,618.4,57952.228472222225
0,232.0,5.46,35,618.4,57952.229166666664
0,231.0,5.46,33,618.4,57952.22986111111
0,54.0,5.44,26,618.4,57952.23055555556
0,55.0,5.44,25,618.4,57952.23125
0,56.0,5.44,26,618.4,57952.231944444444
0,57.0,5.45,26,618.4,57952.23263888889
0,56.0,5.44,28,618.4,57952.23333333333
0,56.0,5.43,30,618.4,57952.23402777778
0,56.0,5.4,30,618.4,57952.23472222222
0,56.0,5.38,30,618.4,57952.23541666667
0,56.0,5.36,30,618.4,57952.23611111111
0,56.0,5.34,26,618.4,57952.236805555556
0,56.0,5.34,27,618.4,57952.2375
0,56.0,5.34,25,618.4,57952.23819444444
0,57.0,5.33,22,618.5,57952.23888888889
0,58.0,5.32,20,618.5,57952.239583333336
0,58.0,5.32,18,618.5,57952.240277777775
0,58.0,5.32,17,618.5,57952.24097222222
0,58.0,5.34,17,618.5,57952.24166666667
0,58.0,5.37,17,618.5,57952.24236111111
0,63.0,5.4,18,618.5,57952.243055555555
0,63.0,5.41,18,618.5,57952.24375
0,65.0,5.41,19,618.5,57952.24444444444
0,65.0,5.38,19,618.5,57952.24513888889
0,65.0,5.36,20,618.5,57952.245833333334
0,65.0,5.35,21,618.5,57952.24652777778
0,65.0,5.36,21,618.5,57952.24722222222
0,65.0,5.38,22,618.5,57952.24791666667
0,66.0,5.41,23,618.5,57952.248611111114
0,65.0,5.44,23,618.5,57952.24930555555
0,65.0,5.45,23,618.5,57952.25
0,65.0,5.45,23,618.5,57952.25069444445
0,65.0,5.44,24,618.5,57952.251388888886
0,64.0,5.42,25,618.5,57952.25208333333
0,49.0,5.41,25,618.5,57952.25277777778
0,42.0,5.4,24,618.5,57952.25347222222
0,40.0,5.41,25,618.6,57952.254166666666
0,336.0,5.44,26,618.5,57952.25486111111
0,333.0,5.44,24,618.5,57952.25555555556
0,333.0,5.42,22,618.6,57952.25625
0,333.0,5.42,21,618.6,57952.256944444445
0,333.0,5.41,21,618.6,57952.25763888889
0,56.0,5.39,21,618.5,57952.25833333333
0,61.0,5.35,17,618.5,57952.25902777778
0,63.0,5.32,15,618.5,57952.259722222225
0,82.0,5.33,19,618.6,57952.260416666664
0,83.0,5.33,24,618.6,57952.26111111111
0,86.0,5.3,25,618.6,57952.26180555556
0,86.0,5.26,27,618.6,57952.2625
0,86.0,5.22,30,618.6,57952.263194444444
0,86.0,5.18,29,618.6,57952.26388888889
0,86.0,5.15,28,618.6,57952.26458333333
0,86.0,5.14,26,618.6,57952.26527777778
0,86.0,5.13,23,618.6,57952.26597222222
0,86.0,5.14,20,618.6,57952.26666666667
0,86.0,5.15,16,618.6,57952.26736111111
0,86.0,5.19,14,618.6,57952.268055555556
0,86.0,5.24,15,618.6,57952.26875
0,86.0,5.31,15,618.6,57952.26944444444
0,86.0,5.37,16,618.6,57952.27013888889
0,86.0,5.41,14,618.6,57952.270833333336
0,86.0,5.43,11,618.6,57952.271527777775
0,90.0,5.45,10,618.6,57952.27222222222
0,98.0,5.5,14,618.6,57952.27291666667
0,98.0,5.55,22,618.6,57952.27361111111
0,97.0,5.52,25,618.6,57952.274305555555
0,88.0,5.43,23,618.6,57952.275
0,92.0,5.3,19,618.6,57952.27569444444
0,93.0,5.17,19,618.7,57952.27638888889
0,147.0,5.06,17,618.7,57952.277083333334
0,148.0,4.97,17,618.7,57952.27777777778
0,148.0,4.91,15,618.7,57952.27847222222
0,148.0,4.87,14,618.7,57952.27916666667
0,146.0,4.86,15,618.7,57952.279861111114
0,149.0,4.86,14,618.7,57952.28055555555
0,81.0,4.88,14,618.7,57952.28125
0,81.0,4.91,13,618.7,57952.28194444445
0,81.0,4.96,13,618.7,57952.282638888886
0,97.0,4.99,13,618.8,57952.28333333333
0,108.0,5.01,11,618.8,57952.28402777778
0,105.0,5.03,12,618.8,57952.28472222222
0,105.0,5.08,14,618.8,57952.285416666666
0,105.0,5.11,15,618.8,57952.28611111111
0,107.0,5.13,16,618.8,57952.28680555556
0,108.0,5.15,13,618.8,57952.2875
0,108.0,5.16,11,618.7,57952.288194444445
0,120.0,5.2,10,618.7,57952.28888888889
0,195.0,5.24,9,618.7,57952.28958333333
0,201.0,5.3,8,618.7,57952.29027777778
0,199.0,5.36,8,618.8,57952.290972222225
0,198.0,5.44,7,618.8,57952.291666666664
0,199.0,5.5,7,618.8,57952.29236111111
0,163.0,5.55,7,618.8,57952.29305555556
0,159.0,5.58,7,618.8,57952.29375
0,157.0,5.59,7,618.8,57952.294444444444
0,103.0,5.6,7,618.8,57952.29513888889
0,108.0,5.6,7,618.8,57952.29583333333
0,108.0,5.6,7,618.8,57952.29652777778
0,107.0,5.6,6,618.8,57952.29722222222
0,120.0,5.6,6,618.8,57952.29791666667
0,114.0,5.62,6,618.8,57952.29861111111
0,129.0,5.63,6,618.8,57952.299305555556
0,113.0,5.63,6,618.8,57952.3
0,130.0,5.64,6,618.8,57952.30069444444
0,142.0,5.64,6,618.8,57952.30138888889
0,145.0,5.64,6,618.8,57952.302083333336
0,177.0,5.65,6,618.8,57952.302777777775
0,188.0,5.66,6,618.8,57952.30347222222
0,193.0,5.68,6,618.8,57952.30416666667
0,165.0,5.68,6,618.8,57952.30486111111
0,160.0,5.7,6,618.8,57952.305555555555
0,176.0,5.72,6,618.8,57952.30625
0,178.0,5.72,6,618.8,57952.30694444444
0,181.0,5.74,6,618.8,57952.30763888889
0,182.0,5.75,6,618.8,57952.308333333334
0,185.0,5.77,6,618.8,57952.30902777778
0,184.0,5.78,6,618.8,57952.30972222222
0,185.0,5.81,6,618.7,57952.31041666667
0,184.0,5.84,6,618.7,57952.311111111114
0,181.0,5.86,6,618.7,57952.31180555555
0,187.0,5.87,6,618.7,57952.3125
0,187.0,5.86,6,618.7,57952.31319444445
0,206.0,5.86,6,618.7,57952.313888888886
0,189.0,5.87,6,618.7,57952.31458333333
0,193.0,5.87,6,618.7,57952.31527777778
0,192.0,5.87,6,618.7,57952.31597222222
0,190.0,5.87,6,618.7,57952.316666666666
0,184.0,5.87,6,618.7,57952.31736111111
0,186.0,5.85,6,618.7,57952.31805555556
0,186.0,5.84,6,618.7,57952.31875
0,184.0,5.84,6,618.7,57952.319444444445
0,191.0,5.85,6,618.7,57952.32013888889
0,192.0,5.86,6,618.7,57952.32083333333
0,194.0,5.87,6,618.7,57952.32152777778
0,193.0,5.87,6,618.7,57952.322222222225
0,192.0,5.87,6,618.7,57952.322916666664
0,191.0,5.86,6,618.7,57952.32361111111
0,189.0,5.85,6,618.7,57952.32430555556
0,188.0,5.84,6,618.8,57952.325
0,188.0,5.82,6,618.8,57952.325694444444
0,183.0,5.8,6,618.8,57952.32638888889
0,180.0,5.78,6,618.8,57952.32708333333
0,177.0,5.77,6,618.8,57952.32777777778
0,191.0,5.75,6,618.8,57952.32847222222
0,188.0,5.74,6,618.8,57952.32916666667
0,222.0,5.71,6,618.8,57952.32986111111
0,204.0,5.69,6,618.8,57952.330555555556
0,207.0,5.65,6,618.8,57952.33125
0,207.0,5.62,6,618.8,57952.33194444444
0,206.0,5.58,6,618.8,57952.33263888889
0,205.0,5.55,7,618.8,57952.333333333336
1,202.0,5.52,7,618.8,57952.334027777775
1,201.0,5.5,7,618.8,57952.33472222222
0,200.0,5.48,7,618.8,57952.33541666667
0,197.0,5.47,7,618.9,57952.33611111111
0,197.0,5.45,7,618.9,57952.336805555555
0,197.0,5.44,7,618.9,57952.3375
0,196.0,5.45,6,618.9,57952.33819444444
0,193.0,5.46,6,618.9,57952.33888888889
0,170.0,5.48,6,618.9,57952.339583333334
0,170.0,5.5,6,618.9,57952.34027777778
0,170.0,5.52,6,618.9,57952.34097222222
0,170.0,5.53,6,618.9,57952.34166666667
0,173.0,5.55,6,618.9,57952.342361111114
0,175.0,5.56,6,618.9,57952.34305555555
0,171.0,5.57,6,618.9,57952.34375
0,169.0,5.59,6,619.0,57952.34444444445
0,170.0,5.59,6,618.9,57952.345138888886
0,168.0,5.6,6,618.9,57952.34583333333
0,169.0,5.6,6,618.9,57952.34652777778
0,157.0,5.6,6,618.9,57952.34722222222
0,156.0,5.6,6,618.9,57952.347916666666
0,127.0,5.6,6,618.9,57952.34861111111
0,124.0,5.59,6,618.9,57952.34930555556
0,90.0,5.56,6,619.0,57952.35
0,89.0,5.51,6,619.0,57952.350694444445
0,81.0,5.44,6,619.0,57952.35138888889
0,68.0,5.36,6,619.0,57952.35208333333
0,68.0,5.27,7,619.0,57952.35277777778
0,68.0,5.17,7,619.0,57952.353472222225
0,196.0,5.11,7,618.9,57952.354166666664
0,196.0,5.06,7,618.9,57952.35486111111
0,194.0,5.04,7,618.9,57952.35555555556
0,141.0,5.04,7,618.9,57952.35625
0,145.0,5.05,6,618.9,57952.356944444444
0,180.0,5.07,6,618.9,57952.35763888889
0,175.0,5.11,6,618.9,57952.35833333333
0,176.0,5.15,6,618.9,57952.35902777778
0,175.0,5.17,6,618.9,57952.35972222222
0,105.0,5.18,6,618.9,57952.36041666667
0,109.0,5.17,6,619.0,57952.36111111111
0,118.0,5.14,6,619.0,57952.361805555556
0,131.0,5.1,6,619.0,57952.3625
0,126.0,5.06,7,619.0,57952.36319444444
0,132.0,5.01,7,619.0,57952.36388888889
0,133.0,4.98,8,618.9,57952.364583333336
0,136.0,4.94,8,618.9,57952.365277777775
0,162.0,4.9,7,618.9,57952.36597222222
0,165.0,4.89,7,618.9,57952.36666666667
0,164.0,4.91,7,618.9,57952.36736111111
0,178.0,4.95,7,618.8,57952.368055555555
0,176.0,4.99,6,618.8,57952.36875
0,172.0,5.04,6,618.8,57952.36944444444
0,178.0,5.08,6,618.8,57952.37013888889
0,174.0,5.12,6,618.8,57952.370833333334
0,186.0,5.16,6,618.8,57952.37152777778
0,188.0,5.19,6,618.9,57952.37222222222
0,188.0,5.21,6,618.9,57952.37291666667
0,188.0,5.23,6,618.9,57952.373611111114
0,174.0,5.26,6,618.9,57952.37430555555
0,163.0,5.27,6,618.9,57952.375
0,165.0,5.28,6,618.9,57952.37569444445
0,172.0,5.28,6,618.8,57952.376388888886
0,173.0,5.27,7,618.8,57952.37708333333
0,196.0,5.26,7,618.8,57952.37777777778
0,196.0,5.25,7,618.8,57952.37847222222
0,199.0,5.23,7,618.8,57952.379166666666
0,199.0,5.21,7,618.8,57952.37986111111
0,199.0,5.18,7,618.8,57952.38055555556
0,199.0,5.16,7,618.8,57952.38125
0,199.0,5.14,6,618.8,57952.381944444445
0,198.0,5.14,6,618.8,57952.38263888889
0,197.0,5.13,6,618.8,57952.38333333333
0,197.0,5.13,6,618.8,57952.38402777778
0,197.0,5.14,6,618.8,57952.384722222225
0,198.0,5.17,6,618.8,57952.385416666664
0,199.0,5.2,6,618.8,57952.38611111111
0,204.0,5.23,6,618.8,57952.38680555556
0,210.0,5.25,6,618.8,57952.3875
2,211.0,5.26,6,618.8,57952.388194444444
4,213.0,5.28,6,618.8,57952.38888888889
5,213.0,5.29,6,618.8,57952.38958333333
4,213.0,5.29,6,618.8,57952.39027777778
3,214.0,5.29,6,618.8,57952.39097222222
1,214.0,5.29,6,618.8,57952.39166666667
0,214.0,5.29,6,618.8,57952.39236111111
0,214.0,5.29,6,618.8,57952.393055555556
0,214.0,5.29,6,618.7,57952.39375
0,213.0,5.31,6,618.7,57952.39444444444
0,212.0,5.32,6,618.7,57952.39513888889
0,211.0,5.33,6,618.7,57952.395833333336
0,210.0,5.35,6,618.7,57952.396527777775
0,209.0,5.36,6,618.7,57952.39722222222
0,209.0,5.38,6,618.7,57952.39791666667
0,208.0,5.39,6,618.7,57952.39861111111
0,207.0,5.41,6,618.7,57952.399305555555
0,213.0,5.42,6,618.7,57952.4
0,228.0,5.43,6,618.7,57952.40069444444
0,231.0,5.43,6,618.7,57952.40138888889
0,232.0,5.43,6,618.6,57952.402083333334
0,232.0,5.42,6,618.6,57952.40277777778
0,230.0,5.41,6,618.6,57952.40347222222
0,226.0,5.38,6,618.6,57952.40416666667
0,226.0,5.36,6,618.6,57952.404861111114
1,224.0,5.35,6,618.6,57952.40555555555
4,222.0,5.35,6,618.6,57952.40625
4,221.0,5.35,6,618.6,57952.40694444445
4,220.0,5.36,6,618.5,57952.407638888886
3,220.0,5.37,6,618.5,57952.40833333333
2,215.0,5.38,6,618.6,57952.40902777778
0,208.0,5.38,6,618.6,57952.40972222222
0,202.0,5.38,6,618.6,57952.410416666666
0,198.0,5.38,6,618.6,57952.41111111111
0,199.0,5.38,6,618.6,57952.41180555556
0,197.0,5.37,6,618.5,57952.4125
0,202.0,5.36,6,618.5,57952.413194444445
1,194.0,5.35,6,618.5,57952.41388888889
1,180.0,5.34,6,618.5,57952.41458333333
2,189.0,5.3,6,618.5,57952.41527777778
5,196.0,5.24,7,618.5,57952.415972222225
