wind_speed,wind_direction,temperature,relative_humidity,pressure,mjd
25,70,2.12,16,620.6,56505.416666666664
24,70,2.16,16,620.6,56505.41736111111
24,72,2.18,16,620.6,56505.41805555556
24,73,2.18,16,620.6,56505.41875
26,66,2.19,16,620.6,56505.419444444444
26,73,2.24,18,620.6,56505.42013888889
26,73,2.24,20,620.6,56505.42083333333
25,73,2.23,19,620.6,56505.42152777778
25,74,2.24,19,620.6,56505.42222222222
26,77,2.22,20,620.6,56505.42291666667
27,70,2.21,18,620.6,56505.42361111111
24,76,2.19,19,620.6,56505.424305555556
26,73,2.18,18,620.5,56505.425
24,76,2.17,19,620.5,56505.42569444444
27,74,2.15,18,620.5,56505.42638888889
25,70,2.15,18,620.5,56505.427083333336
27,68,2.14,18,620.5,56505.427777777775
28,76,2.12,17,620.5,56505.42847222222
24,80,2.14,19,620.5,56505.42916666667
24,80,2.14,19,620.5,56505.42986111111
24,70,2.13,20,620.4,56505.430555555555
24,78,2.13,20,620.4,56505.43125
24,78,2.12,19,620.4,56505.43194444444
23,82,2.13,20,620.4,56505.43263888889
24,80,2.13,22,620.4,56505.433333333334
24,79,2.13,21,620.4,56505.43402777778
23,79,2.14,19,620.4,56505.43472222222
24,77,2.14,19,620.4,56505.43541666667
24,84,2.14,19,620.4,56505.436111111114
24,78,2.15,20,620.4,56505.43680555555
24,81,2.15,21,620.3,56505.4375
24,87,2.15,20,620.3,56505.43819444445
26,79,2.15,19,620.3,56505.438888888886
26,76,2.15,19,620.4,56505.43958333333
25,80,2.14,19,620.4,56505.44027777778
27,78,2.14,19,620.3,56505.44097222222
25,91,2.13,18,620.4,56505.441666666666
24,79,2.14,19,620.3,56505.44236111111
25,72,2.14,19,620.3,56505.44305555556
24,79,2.15,19,620.3,56505.44375
25,80,2.15,19,620.3,56505.444444444445
26,70,2.15,20,620.3,56505.44513888889
25,78,2.15,20,620.3,56505.44583333333
25,66,2.15,20,620.3,56505.44652777778
26,71,2.16,21,620.2,56505.447222222225
27,78,2.15,21,620.2,56505.447916666664
27,67,2.15,20,620.2,56505.44861111111
26,66,2.15,21,620.2,56505.44930555556
26,67,2.15,20,620.2,56505.45
27,74,2.15,20,620.2,56505.450694444444
26,75,2.14,19,620.2,56505.45138888889
26,69,2.13,19,620.2,56505.45208333333
27,79,2.13,18,620.2,56505.45277777778
27,77,2.13,19,620.1,56505.45347222222
27,89,2.13,20,620.1,56505.45416666667
26,70,2.14,20,620.1,56505.45486111111
26,81,2.13,20,620.1,56505.455555555556
26,77,2.13,19,620.1,56505.45625
27,77,2.13,19,620.1,56505.45694444444
27,79,2.14,20,620.1,56505.45763888889
25,87,2.13,20,620.1,56505.458333333336
22,75,2.15,21,620.1,56505.459027777775
24,79,2.13,21,620.0,56505.45972222222
24,85,2.13,20,620.0,56505.46041666667
24,88,2.12,21,620.0,56505.46111111111
25,67,2.12,22,620.0,56505.461805555555
25,87,2.1,20,620.0,56505.4625
25,72,2.09,20,620.0,56505.46319444444
26,78,2.08,21,620.0,56505.46388888889
25,78,2.07,21,620.0,56505.464583333334
25,76,2.06,21,619.9,56505.46527777778
25,78,2.05,22,619.9,56505.46597222222
27,77,2.03,22,619.9,56505.46666666667
25,78,2.02,21,619.9,56505.467361111114
25,72,2.02,18,619.9,56505.46805555555
25,77,2.03,18,619.9,56505.46875
25,77,2.04,18,619.9,56505.46944444445
24,88,2.05,20,619.9,56505.470138888886
26,72,2.05,21,619.9,56505.47083333333
24,73,2.09,21,620.0,56505.47152777778
25,76,2.08,21,619.9,56505.47222222222
26,70,2.08,21,619.9,56505.472916666666
24,70,2.09,21,619.9,56505.47361111111
24,83,2.09,20,619.9,56505.47430555556
24,75,2.09,22,619.8,56505.475
25,66,2.09,21,619.9,56505.475694444445
25,85,2.08,21,619.9,56505.47638888889
25,74,2.07,20,619.9,56505.47708333333
25,81,2.06,21,619.9,56505.47777777778
26,77,2.05,22,619.9,56505.478472222225
26,79,2.04,22,619.9,56505.479166666664
24,79,2.03,22,619.9,56505.47986111111
23,84,2.03,22,619.9,56505.48055555556
22,77,2.03,21,619.8,56505.48125
24,78,2.02,20,619.9,56505.481944444444
23,81,2.02,20,619.9,56505.48263888889
23,78,2.02,21,619.9,56505.48333333333
23,79,2.02,21,619.9,56505.48402777778
23,71,2.02,20,619.9,56505.48472222222
24,77,2.02,19,619.9,56505.48541666667
24,68,2.02,18,619.8,56505.48611111111
23,76,2.02,19,619.8,56505.486805555556
24,77,2.04,21,619.8,56505.4875
23,80,2.04,21,619.8,56505.48819444444
24,76,2.03,19,619.8,56505.48888888889
24,76,2.04,17,619.8,56505.489583333336
24,79,2.05,18,619.7,56505.490277777775
25,83,2.05,19,619.7,56505.49097222222
26,78,2.05,21,619.7,56505.49166666667
25,76,2.05,20,619.7,56505.49236111111
26,77,2.05,20,619.7,56505.493055555555
27,74,2.04,21,619.7,56505.49375
25,85,2.03,19,619.7,56505.49444444444
26,83,2.04,20,619.6,56505.49513888889
26,87,2.04,19,619.6,56505.495833333334
26,74,2.03,19,619.6,56505.49652777778
26,85,2.02,21,619.6,56505.49722222222
25,84,2.02,20,619.5,56505.49791666667
26,79,2.02,19,619.6,56505.498611111114
25,78,2.01,19,619.6,56505.49930555555
26,84,2.0,20,619.6,56505.5
26,78,2.0,20,619.6,56505.50069444445
25,68,1.99,18,619.6,56505.501388888886
25,66,2.0,17,619.6,56505.50208333333
27,69,2.01,17,619.6,56505.50277777778
26,77,2.02,17,619.6,56505.50347222222
26,68,2.04,16,619.5,56505.504166666666
25,77,2.05,16,619.5,56505.50486111111
26,72,2.08,16,619.5,56505.50555555556
26,72,2.09,15,619.5,56505.50625
27,71,2.11,15,619.5,56505.506944444445
26,78,2.13,15,619.5,56505.50763888889
26,80,2.15,17,619.5,56505.50833333333
26,67,2.15,18,619.5,56505.50902777778
26,74,2.17,18,619.5,56505.509722222225
27,80,2.18,17,619.4,56505.510416666664
26,79,2.18,18,619.4,56505.51111111111
27,76,2.18,19,619.4,56505.51180555556
29,84,2.17,19,619.4,56505.5125
26,73,2.15,20,619.4,56505.513194444444
26,80,2.14,20,619.4,56505.51388888889
26,71,2.12,19,619.4,56505.51458333333
26,66,2.11,19,619.4,56505.51527777778
26,73,2.09,19,619.4,56505.51597222222
24,76,2.09,19,619.4,56505.51666666667
26,77,2.07,19,619.4,56505.51736111111
26,85,2.05,19,619.4,56505.518055555556
24,87,2.05,19,619.4,56505.51875
24,71,2.03,19,619.4,56505.51944444444
26,75,2.02,18,619.4,56505.52013888889
25,78,2.02,17,619.4,56505.520833333336
27,76,2.02,16,619.3,56505.521527777775
25,92,2.02,18,619.3,56505.52222222222
25,89,2.03,18,619.3,56505.52291666667
24,76,2.03,19,619.3,56505.52361111111
24,83,2.02,19,619.3,56505.524305555555
25,87,2.0,19,619.3,56505.525
26,82,1.98,20,619.3,56505.52569444444
26,68,1.96,19,619.3,56505.52638888889
26,84,1.94,19,619.3,56505.527083333334
25,82,1.94,19,619.3,56505.52777777778
25,78,1.93,19,619.2,56505.52847222222
26,77,1.93,18,619.2,56505.52916666667
27,89,1.93,18,619.2,56505.529861111114
26,92,1.93,18,619.1,56505.53055555555
25,73,1.94,19,619.1,56505.53125
25,89,1.94,19,619.1,56505.53194444445
25,79,1.94,18,619.1,56505.532638888886
25,77,1.94,18,619.1,56505.53333333333
26,87,1.93,18,619.1,56505.53402777778
25,66,1.93,17,619.1,56505.53472222222
24,93,1.93,17,619.1,56505.535416666666
26,82,1.91,17,619.1,56505.53611111111
24,82,1.9,17,619.2,56505.53680555556
25,85,1.9,17,619.2,56505.5375
24,80,1.88,18,619.2,56505.538194444445
25,75,1.87,18,619.2,56505.53888888889
24,81,1.87,18,619.2,56505.53958333333
25,74,1.86,18,619.2,56505.54027777778
25,75,1.85,19,619.2,56505.540972222225
25,90,1.84,19,619.2,56505.541666666664
26,83,1.84,18,619.2,56505.54236111111
23,81,1.84,18,619.2,56505.54305555556
23,74,1.83,18,619.2,56505.54375
25,74,1.82,18,619.2,56505.544444444444
25,78,1.81,18,619.2,56505.54513888889
25,62,1.81,17,619.2,56505.54583333333
25,77,1.81,17,619.2,56505.54652777778
26,73,1.78,17,619.1,56505.54722222222
27,81,1.78,17,619.1,56505.54791666667
27,83,1.77,18,619.1,56505.54861111111
27,77,1.75,18,619.1,56505.549305555556
27,82,1.75,17,619.1,56505.55
26,74,1.73,17,619.1,56505.55069444444
27,67,1.72,19,619.1,56505.55138888889
29,91,1.72,19,619.1,56505.552083333336
26,84,1.72,18,619.1,56505.552777777775
26,88,1.72,18,619.1,56505.55347222222
26,90,1.72,18,619.1,56505.55416666667
27,85,1.72,18,619.1,56505.55486111111
27,82,1.72,17,619.1,56505.555555555555
27,79,1.72,18,619.1,56505.55625
27,89,1.72,18,619.1,56505.55694444444
27,74,1.71,18,619.1,56505.55763888889
25,78,1.71,18,619.1,56505.558333333334
26,77,1.71,18,619.1,56505.55902777778
26,94,1.71,17,619.1,56505.55972222222
25,73,1.71,18,619.1,56505.56041666667
26,76,1.69,17,619.1,56505.561111111114
27,71,1.69,17,619.1,56505.56180555555
26,65,1.69,18,619.1,56505.5625
27,83,1.7,19,619.1,56505.56319444445
26,79,1.7,18,619.0,56505.563888888886
25,86,1.71,18,619.0,56505.56458333333
27,70,1.71,18,619.1,56505.56527777778
27,67,1.71,18,619.1,56505.56597222222
26,77,1.71,18,619.2,56505.566666666666
26,75,1.72,18,619.2,56505.56736111111
26,76,1.72,18,619.2,56505.56805555556
26,85,1.72,18,619.2,56505.56875
25,77,1.75,19,619.2,56505.569444444445
25,77,1.75,19,619.2,56505.57013888889
25,79,1.75,18,619.2,56505.57083333333
26,71,1.75,18,619.1,56505.57152777778
27,86,1.75,18,619.0,56505.572222222225
27,85,1.77,18,619.0,56505.572916666664
26,76,1.78,18,619.1,56505.57361111111
28,84,1.78,18,619.1,56505.57430555556
27,74,1.78,18,619.1,56505.575
28,82,1.79,18,619.1,56505.575694444444
25,71,1.81,19,619.1,56505.57638888889
26,95,1.81,18,619.0,56505.57708333333
27,83,1.82,19,619.1,56505.57777777778
28,78,1.83,18,619.1,56505.57847222222
27,78,1.84,19,619.1,56505.57916666667
26,83,1.84,18,619.1,56505.57986111111
27,74,1.84,19,619.1,56505.580555555556
27,77,1.84,19,619.1,56505.58125
25,79,1.85,19,619.1,56505.58194444444
27,72,1.86,19,619.1,56505.58263888889
26,81,1.87,19,619.1,56505.583333333336
26,78,1.87,19,619.1,56505.584027777775
26,65,1.87,19,619.0,56505.58472222222
27,80,1.87,18,618.9,56505.58541666667
28,86,1.87,18,619.0,56505.58611111111
28,79,1.86,18,619.0,56505.586805555555
28,72,1.86,18,619.1,56505.5875
29,85,1.84,18,619.1,56505.58819444444
29,80,1.84,18,619.1,56505.58888888889
28,73,1.84,19,619.1,56505.589583333334
27,71,1.84,19,619.1,56505.59027777778
27,64,1.83,19,619.2,56505.59097222222
27,67,1.83,18,619.1,56505.59166666667
28,81,1.81,18,619.1,56505.592361111114
26,79,1.81,18,619.1,56505.59305555555
29,94,1.81,18,619.1,56505.59375
27,67,1.81,18,619.1,56505.59444444445
27,73,1.81,18,619.1,56505.595138888886
25,80,1.81,18,619.1,56505.59583333333
26,82,1.81,18,619.2,56505.59652777778
26,67,1.81,18,619.2,56505.59722222222
25,84,1.82,19,619.2,56505.597916666666
26,76,1.82,18,619.2,56505.59861111111
26,81,1.82,18,619.1,56505.59930555556
27,74,1.82,18,619.1,56505.6
27,74,1.84,19,619.1,56505.600694444445
26,77,1.84,19,619.1,56505.60138888889
26,80,1.84,19,619.1,56505.60208333333
25,91,1.84,19,619.1,56505.60277777778
24,83,1.85,19,619.2,56505.603472222225
24,70,1.85,19,619.2,56505.604166666664
24,74,1.86,19,619.2,56505.60486111111
23,78,1.87,19,619.2,56505.60555555556
23,80,1.87,19,619.2,56505.60625
23,84,1.87,18,619.2,56505.606944444444
23,83,1.88,19,619.2,56505.60763888889
24,82,1.88,18,619.1,56505.60833333333
25,83,1.89,18,619.1,56505.60902777778
23,91,1.9,19,619.1,56505.60972222222
23,79,1.9,19,619.2,56505.61041666667
22,89,1.91,18,619.2,56505.61111111111
22,88,1.93,18,619.2,56505.611805555556
24,86,1.93,18,619.2,56505.6125
24,87,1.93,18,619.2,56505.61319444444
24,86,1.93,18,619.2,56505.61388888889
25,82,1.93,18,619.2,56505.614583333336
22,80,1.93,18,619.2,56505.615277777775
22,92,1.94,18,619.2,56505.61597222222
23,87,1.95,18,619.2,56505.61666666667
23,94,1.94,18,619.2,56505.61736111111
24,88,1.94,18,619.2,56505.618055555555
23,87,1.93,18,619.2,56505.61875
24,91,1.93,18,619.2,56505.61944444444
23,89,1.93,18,619.2,56505.62013888889
24,86,1.92,19,619.2,56505.620833333334
22,91,1.91,18,619.2,56505.62152777778
23,88,1.9,18,619.2,56505.62222222222
22,86,1.9,18,619.2,56505.62291666667
23,80,1.9,18,619.2,56505.623611111114
23,90,1.89,18,619.3,56505.62430555555
23,85,1.89,18,619.3,56505.625
22,86,1.89,18,619.3,56505.62569444445
23,90,1.88,18,619.2,56505.626388888886
24,83,1.87,18,619.2,56505.62708333333
25,88,1.87,18,619.2,56505.62777777778
25,81,1.86,18,619.2,56505.62847222222
24,91,1.87,18,619.2,56505.629166666666
23,90,1.87,18,619.1,56505.62986111111
24,89,1.87,18,619.1,56505.63055555556
25,93,1.87,18,619.2,56505.63125
24,92,1.87,18,619.1,56505.631944444445
25,88,1.87,18,619.2,56505.63263888889
25,86,1.87,18,619.2,56505.63333333333
24,88,1.88,17,619.2,56505.63402777778
24,90,1.9,18,619.2,56505.634722222225
24,92,1.9,18,619.2,56505.635416666664
25,90,1.91,18,619.2,56505.63611111111
25,93,1.92,18,619.1,56505.63680555556
26,88,1.93,18,619.1,56505.6375
25,88,1.94,19,619.1,56505.638194444444
25,80,1.95,18,619.2,56505.63888888889
25,80,1.96,18,619.2,56505.63958333333
23,84,1.96,20,619.2,56505.64027777778
24,90,1.96,20,619.2,56505.64097222222
25,91,1.96,18,619.1,56505.64166666667
25,68,1.96,19,619.1,56505.64236111111
25,90,1.95,20,619.1,56505.643055555556
24,78,1.94,20,619.2,56505.64375
26,92,1.94,20,619.2,56505.64444444444
25,73,1.93,19,619.1,56505.64513888889
25,83,1.93,19,619.2,56505.645833333336
26,89,1.92,19,619.2,56505.646527777775
26,84,1.91,18,619.1,56505.64722222222
27,82,1.9,19,619.1,56505.64791666667
25,74,1.9,19,619.2,56505.64861111111
26,78,1.9,19,619.2,56505.649305555555
24,77,1.89,19,619.2,56505.65
25,77,1.89,20,619.2,56505.65069444444
26,80,1.87,20,619.2,56505.65138888889
29,83,1.87,19,619.2,56505.652083333334
27,85,1.85,20,619.2,56505.65277777778
26,92,1.84,20,619.2,56505.65347222222
26,79,1.84,20,619.2,56505.65416666667
27,86,1.83,20,619.2,56505.654861111114
26,86,1.81,20,619.2,56505.65555555555
27,67,1.8,20,619.2,56505.65625
27,74,1.79,19,619.3,56505.65694444445
25,83,1.79,19,619.3,56505.657638888886
25,83,1.78,19,619.3,56505.65833333333
25,78,1.78,19,619.3,56505.65902777778
25,75,1.78,20,619.3,56505.65972222222
24,77,1.78,19,619.3,56505.660416666666
23,82,1.77,19,619.3,56505.66111111111
25,77,1.76,19,619.3,56505.66180555556
26,81,1.77,19,619.3,56505.6625
25,78,1.78,20,619.3,56505.663194444445
25,77,1.79,19,619.3,56505.66388888889
24,76,1.8,18,619.3,56505.66458333333
23,72,1.83,19,619.4,56505.66527777778
22,77,1.85,19,619.4,56505.665972222225
22,91,1.88,19,619.4,56505.666666666664
21,83,1.91,19,619.4,56505.66736111111
22,69,1.94,20,619.4,56505.66805555556
22,80,1.96,19,619.4,56505.66875
22,69,1.99,19,619.4,56505.669444444444
21,85,2.02,19,619.4,56505.67013888889
21,81,2.03,19,619.4,56505.67083333333
22,81,2.05,19,619.4,56505.67152777778
23,80,2.08,18,619.4,56505.67222222222
23,68,2.09,18,619.5,56505.67291666667
23,81,2.12,18,619.5,56505.67361111111
21,70,2.15,19,619.5,56505.674305555556
21,72,2.17,20,619.5,56505.675
20,84,2.19,20,619.5,56505.67569444444
20,81,2.21,19,619.5,56505.67638888889
20,63,2.23,19,619.5,56505.677083333336
20,80,2.25,19,619.5,56505.677777777775
22,74,2.27,18,619.5,56505.67847222222
21,66,2.3,19,619.5,56505.67916666667
21,79,2.33,19,619.6,56505.67986111111
21,85,2.36,18,619.6,56505.680555555555
20,80,2.38,18,619.6,56505.68125
20,81,2.42,19,619.6,56505.68194444444
20,84,2.47,19,619.6,56505.68263888889
20,79,2.49,18,619.6,56505.683333333334
21,74,2.54,19,619.6,56505.68402777778
21,74,2.59,20,619.6,56505.68472222222
21,66,2.63,20,619.6,56505.68541666667
22,86,2.68,21,619.6,56505.686111111114
20,78,2.71,21,619.6,56505.68680555555
21,87,2.75,20,619.6,56505.6875
21,76,2.79,21,619.6,56505.68819444445
21,81,2.83,21,619.6,56505.688888888886
22,79,2.86,20,619.6,56505.68958333333
22,70,2.89,20,619.7,56505.69027777778
22,71,2.93,21,619.7,56505.69097222222
21,70,2.96,21,619.7,56505.691666666666
21,75,3.0,21,619.7,56505.69236111111
20,80,3.05,20,619.7,56505.69305555556
22,77,3.08,20,619.7,56505.69375
21,78,3.12,20,619.7,56505.694444444445
20,82,3.16,20,619.7,56505.69513888889
21,83,3.19,20,619.7,56505.69583333333
20,54,3.21,20,619.7,56505.69652777778
21,65,3.24,20,619.8,56505.697222222225
21,84,3.27,20,619.7,56505.697916666664
20,84,3.3,20,619.7,56505.69861111111
20,84,3.32,20,619.8,56505.69930555556
21,70,3.35,20,619.8,56505.7
18,84,3.38,19,619.8,56505.700694444444
20,83,3.41,21,619.8,56505.70138888889
19,82,3.43,20,619.8,56505.70208333333
19,84,3.46,20,619.8,56505.70277777778
19,87,3.48,19,619.9,56505.70347222222
18,82,3.5,19,619.9,56505.70416666667
18,86,3.52,19,619.9,56505.70486111111
18,81,3.54,20,619.9,56505.705555555556
18,82,3.55,20,619.9,56505.70625
19,73,3.57,19,619.9,56505.70694444444
18,84,3.58,19,619.9,56505.70763888889
18,79,3.6,19,619.9,56505.708333333336
19,83,3.62,19,619.9,56505.709027777775
20,86,3.65,19,619.9,56505.70972222222
18,88,3.68,20,619.9,56505.71041666667
19,87,3.7,20,619.9,56505.71111111111
20,82,3.73,20,619.9,56505.711805555555
20,84,3.76,20,619.9,56505.7125
20,92,3.78,18,619.9,56505.71319444444
17,87,3.81,19,620.0,56505.71388888889
19,85,3.83,19,620.0,56505.714583333334
19,85,3.86,19,620.0,56505.71527777778
18,84,3.88,19,620.0,56505.71597222222
19,104,3.91,18,620.0,56505.71666666667
19,95,3.94,18,620.0,56505.717361111114
20,84,3.97,18,619.9,56505.71805555555
20,88,4.0,18,619.9,56505.71875
21,89,4.02,18,619.9,56505.71944444445
20,77,4.06,18,620.0,56505.720138888886
19,82,4.09,18,620.0,56505.72083333333
21,89,4.13,18,620.0,56505.72152777778
20,83,4.18,18,620.0,56505.72222222222
18,83,4.21,19,620.1,56505.722916666666
18,86,4.25,18,620.1,56505.72361111111
18,87,4.28,17,620.1,56505.72430555556
19,96,4.31,15,620.1,56505.725
20,84,4.34,15,620.1,56505.725694444445
19,88,4.39,15,620.1,56505.72638888889
18,83,4.42,16,620.1,56505.72708333333
16,84,4.46,16,620.2,56505.72777777778
13,86,4.5,17,620.2,56505.728472222225
15,85,4.53,17,620.2,56505.729166666664
14,80,4.57,17,620.2,56505.72986111111
14,95,4.6,17,620.2,56505.73055555556
17,83,4.62,16,620.2,56505.73125
19,83,4.64,15,620.2,56505.731944444444
19,90,4.68,16,620.2,56505.73263888889
16,85,4.71,15,620.2,56505.73333333333
15,81,4.73,16,620.2,56505.73402777778
15,83,4.75,16,620.2,56505.73472222222
15,94,4.77,16,620.2,56505.73541666667
13,101,4.79,15,620.2,56505.73611111111
14,61,4.83,15,620.2,56505.736805555556
15,84,4.88,15,620.3,56505.7375
13,89,4.91,15,620.3,56505.73819444444
15,83,4.94,16,620.3,56505.73888888889
15,89,4.98,15,620.3,56505.739583333336
16,77,5.02,16,620.3,56505.740277777775
17,79,5.08,15,620.3,56505.74097222222
17,81,5.15,14,620.3,56505.74166666667
17,87,5.23,13,620.3,56505.74236111111
18,76,5.31,13,620.3,56505.743055555555
18,83,5.41,13,620.3,56505.74375
17,88,5.51,13,620.3,56505.74444444444
15,79,5.58,12,620.3,56505.74513888889
14,77,5.65,12,620.3,56505.745833333334
14,80,5.72,13,620.4,56505.74652777778
13,82,5.78,14,620.4,56505.74722222222
15,82,5.84,13,620.3,56505.74791666667
14,88,5.89,12,620.4,56505.748611111114
13,88,5.94,13,620.4,56505.74930555555
10,85,5.99,14,620.4,56505.75
10,87,6.04,14,620.4,56505.75069444445
12,88,6.09,14,620.4,56505.751388888886
13,74,6.13,13,620.4,56505.75208333333
13,83,6.17,12,620.4,56505.75277777778
14,87,6.21,13,620.4,56505.75347222222
12,85,6.24,12,620.4,56505.754166666666
11,72,6.28,12,620.5,56505.75486111111
14,71,6.31,13,620.5,56505.75555555556
14,76,6.33,13,620.5,56505.75625
14,84,6.36,12,620.5,56505.756944444445
11,114,6.38,13,620.5,56505.75763888889
7,88,6.4,13,620.5,56505.75833333333
6,68,6.42,14,620.5,56505.75902777778
8,77,6.44,14,620.6,56505.759722222225
10,86,6.45,13,620.6,56505.760416666664
11,80,6.46,12,620.6,56505.76111111111
11,88,6.48,13,620.6,56505.76180555556
13,91,6.5,12,620.6,56505.7625
10,86,6.53,12,620.6,56505.763194444444
7,145,6.55,13,620.6,56505.76388888889
7,74,6.59,14,620.6,56505.76458333333
9,91,6.62,13,620.6,56505.76527777778
9,92,6.64,13,620.6,56505.76597222222
6,77,6.68,13,620.6,56505.76666666667
5,173,6.71,13,620.6,56505.76736111111
5,88,6.74,14,620.7,56505.768055555556
7,93,6.78,14,620.7,56505.76875
8,87,6.81,14,620.7,56505.76944444444
9,107,6.86,14,620.7,56505.77013888889
12,76,6.9,14,620.6,56505.770833333336
12,82,6.96,14,620.6,56505.771527777775
13,87,7.01,13,620.6,56505.77222222222
11,70,7.06,13,620.6,56505.77291666667
12,83,7.13,13,620.6,56505.77361111111
9,96,7.17,13,620.6,56505.774305555555
11,82,7.2,13,620.6,56505.775
12,82,7.24,13,620.6,56505.77569444444
16,77,7.27,13,620.6,56505.77638888889
15,91,7.3,13,620.6,56505.777083333334
15,80,7.32,13,620.7,56505.77777777778
11,103,7.35,13,620.7,56505.77847222222
9,105,7.38,13,620.7,56505.77916666667
12,89,7.4,13,620.7,56505.779861111114
10,68,7.45,13,620.7,56505.78055555555
9,130,7.5,13,620.7,56505.78125
8,100,7.53,13,620.7,56505.78194444445
10,58,7.57,13,620.7,56505.782638888886
10,70,7.63,12,620.7,56505.78333333333
12,68,7.67,13,620.7,56505.78402777778
14,76,7.69,12,620.7,56505.78472222222
11,68,7.72,12,620.7,56505.785416666666
11,79,7.74,13,620.7,56505.78611111111
13,80,7.76,12,620.7,56505.78680555556
14,91,7.77,12,620.6,56505.7875
15,84,7.78,12,620.6,56505.788194444445
13,68,7.8,13,620.6,56505.78888888889
13,76,7.85,13,620.6,56505.78958333333
13,82,7.86,13,620.6,56505.79027777778
15,86,7.89,13,620.6,56505.790972222225
16,91,7.91,12,620.6,56505.791666666664
16,77,7.95,12,620.7,56505.79236111111
15,73,8.02,12,620.7,56505.79305555556
16,84,8.07,12,620.7,56505.79375
14,64,8.11,11,620.7,56505.794444444444
14,78,8.19,11,620.7,56505.79513888889
10,67,8.23,11,620.7,56505.79583333333
14,80,8.29,13,620.7,56505.79652777778
12,72,8.32,12,620.7,56505.79722222222
13,74,8.36,12,620.7,56505.79791666667
16,73,8.39,12,620.7,56505.79861111111
17,92,8.42,11,620.7,56505.799305555556
15,84,8.44,12,620.7,56505.8
13,77,8.46,11,620.7,56505.80069444444
12,97,8.53,12,620.7,56505.80138888889
13,112,8.56,12,620.7,56505.802083333336
10,90,8.59,12,620.7,56505.802777777775
11,92,8.62,12,620.7,56505.80347222222
8,84,8.64,12,620.7,56505.80416666667
13,81,8.7,13,620.7,56505.80486111111
14,81,8.75,13,620.7,56505.805555555555
15,75,8.78,13,620.7,56505.80625
13,100,8.83,13,620.7,56505.80694444444
12,99,8.86,12,620.7,56505.80763888889
12,84,8.89,12,620.7,56505.808333333334
12,72,8.92,12,620.7,56505.80902777778
10,95,8.97,12,620.7,56505.80972222222
13,80,9.0,13,620.7,56505.81041666667
13,76,9.03,13,620.7,56505.811111111114
14,72,9.08,12,620.7,56505.81180555555
14,62,9.12,12,620.7,56505.8125
13,72,9.17,12,620.7,56505.81319444445
11,73,9.22,12,620.7,56505.813888888886
13,73,9.28,12,620.7,56505.81458333333
14,70,9.33,12,620.7,56505.81527777778
16,66,9.37,12,620.6,56505.81597222222
14,97,9.46,12,620.6,56505.816666666666
12,87,9.51,12,620.6,56505.81736111111
11,73,9.56,12,620.6,56505.81805555556
14,66,9.65,12,620.6,56505.81875
12,79,9.72,12,620.6,56505.819444444445
10,78,9.77,12,620.6,56505.82013888889
16,68,9.83,13,620.5,56505.82083333333
16,81,9.93,12,620.6,56505.82152777778
14,72,10.0,12,620.6,56505.822222222225
16,80,10.07,12,620.6,56505.822916666664
13,64,10.11,12,620.6,56505.82361111111
16,73,10.22,12,620.6,56505.82430555556
17,73,10.31,12,620.6,56505.825
12,74,10.37,12,620.6,56505.825694444444
12,72,10.42,12,620.6,56505.82638888889
14,74,10.46,12,620.6,56505.82708333333
12,67,10.49,11,620.6,56505.82777777778
14,58,10.55,12,620.6,56505.82847222222
14,70,10.59,12,620.6,56505.82916666667
15,62,10.61,12,620.6,56505.82986111111
12,72,10.66,12,620.6,56505.830555555556
12,83,10.66,12,620.6,56505.83125
14,67,10.66,12,620.6,56505.83194444444
12,52,10.68,13,620.6,56505.83263888889
14,64,10.73,13,620.6,56505.833333333336
13,46,10.79,13,620.6,56505.834027777775
12,70,10.82,13,620.5,56505.83472222222
15,44,10.81,13,620.5,56505.83541666667
11,66,10.82,13,620.6,56505.83611111111
12,55,10.82,13,620.6,56505.836805555555
12,70,10.83,13,620.6,56505.8375
8,42,10.82,12,620.6,56505.83819444444
4,105,10.8,12,620.6,56505.83888888889
8,82,10.81,13,620.6,56505.839583333334
8,48,10.83,14,620.7,56505.84027777778
5,61,10.84,13,620.7,56505.84097222222
6,53,10.84,13,620.7,56505.84166666667
9,71,10.86,14,620.7,56505.842361111114
9,68,10.87,13,620.7,56505.84305555555
7,59,10.88,13,620.8,56505.84375
7,59,10.9,12,620.8,56505.84444444445
4,14,10.91,12,620.8,56505.845138888886
5,80,10.92,13,620.8,56505.84583333333
8,63,10.95,13,620.7,56505.84652777778
10,34,11.02,13,620.7,56505.84722222222
9,81,11.1,13,620.7,56505.847916666666
11,70,11.17,12,620.6,56505.84861111111
15,65,11.24,13,620.6,56505.84930555556
14,81,11.31,12,620.6,56505.85
9,75,11.31,12,620.6,56505.850694444445
12,68,11.34,13,620.6,56505.85138888889
15,73,11.35,13,620.6,56505.85208333333
15,73,11.41,13,620.6,56505.85277777778
14,73,11.46,13,620.6,56505.853472222225
14,93,11.51,13,620.6,56505.854166666664
13,83,11.52,13,620.6,56505.85486111111
16,70,11.52,13,620.6,56505.85555555556
16,78,11.59,13,620.6,56505.85625
10,56,11.61,12,620.7,56505.856944444444
9,74,11.61,12,620.7,56505.85763888889
7,60,11.6,12,620.7,56505.85833333333
12,59,11.64,12,620.7,56505.85902777778
10,65,11.67,12,620.7,56505.85972222222
9,36,11.67,12,620.7,56505.86041666667
14,61,11.76,13,620.7,56505.86111111111
11,70,11.81,12,620.7,56505.861805555556
9,39,11.84,12,620.7,56505.8625
9,61,11.85,12,620.6,56505.86319444444
17,61,11.91,13,620.6,56505.86388888889
14,57,11.93,12,620.6,56505.864583333336
10,88,11.9,12,620.6,56505.865277777775
15,69,11.87,12,620.6,56505.86597222222
14,92,11.82,12,620.6,56505.86666666667
17,70,11.76,12,620.5,56505.86736111111
11,71,11.74,12,620.6,56505.868055555555
16,80,11.69,13,620.6,56505.86875
16,76,11.61,13,620.5,56505.86944444444
14,53,11.53,13,620.5,56505.87013888889
14,64,11.51,13,620.5,56505.870833333334
14,81,11.45,13,620.5,56505.87152777778
13,90,11.4,13,620.5,56505.87222222222
14,84,11.35,13,620.5,56505.87291666667
19,76,11.36,14,620.5,56505.873611111114
17,72,11.34,13,620.5,56505.87430555555
11,50,11.31,13,620.5,56505.875
10,30,11.34,13,620.5,56505.87569444445
9,45,11.37,13,620.6,56505.876388888886
9,68,11.41,13,620.6,56505.87708333333
13,71,11.43,13,620.5,56505.87777777778
15,64,11.45,14,620.5,56505.87847222222
13,66,11.49,14,620.5,56505.879166666666
13,105,11.52,13,620.5,56505.87986111111
10,60,11.52,13,620.5,56505.88055555556
15,75,11.57,14,620.5,56505.88125
15,77,11.61,13,620.5,56505.881944444445
13,72,11.64,14,620.5,56505.88263888889
10,84,11.63,13,620.5,56505.88333333333
15,72,11.63,14,620.4,56505.88402777778
16,60,11.61,14,620.4,56505.884722222225
21,89,11.65,15,620.4,56505.885416666664
17,125,11.63,15,620.4,56505.88611111111
16,72,11.6,14,620.4,56505.88680555556
16,73,11.54,14,620.4,56505.8875
17,67,11.49,14,620.3,56505.888194444444
19,75,11.42,15,620.3,56505.88888888889
16,63,11.35,15,620.3,56505.88958333333
20,65,11.32,18,620.3,56505.89027777778
17,77,11.26,17,620.4,56505.89097222222
15,83,11.2,16,620.4,56505.89166666667
12,93,11.17,17,620.4,56505.89236111111
13,73,11.15,17,620.4,56505.893055555556
14,66,11.13,16,620.4,56505.89375
16,69,11.09,16,620.4,56505.89444444444
12,93,11.06,15,620.3,56505.89513888889
14,76,11.02,15,620.3,56505.895833333336
13,78,11.0,15,620.3,56505.896527777775
11,73,10.97,15,620.3,56505.89722222222
15,81,10.93,15,620.3,56505.89791666667
16,82,10.9,16,620.3,56505.89861111111
14,75,10.88,15,620.3,56505.899305555555
13,64,10.87,15,620.3,56505.9
13,78,10.9,14,620.3,56505.90069444444
18,79,10.91,15,620.2,56505.90138888889
20,77,10.95,15,620.2,56505.902083333334
16,114,11.03,14,620.2,56505.90277777778
12,73,11.07,14,620.2,56505.90347222222
16,74,11.13,15,620.2,56505.90416666667
17,32,11.23,15,620.2,56505.904861111114
14,94,11.35,14,620.2,56505.90555555555
15,94,11.39,14,620.2,56505.90625
10,46,11.46,14,620.2,56505.90694444445
13,88,11.55,14,620.2,56505.907638888886
10,54,11.57,14,620.2,56505.90833333333
13,84,11.65,15,620.2,56505.90902777778
12,65,11.7,14,620.2,56505.90972222222
12,67,11.75,14,620.2,56505.910416666666
19,64,11.81,14,620.2,56505.91111111111
16,65,11.9,14,620.2,56505.91180555556
14,61,12.02,13,620.2,56505.9125
15,96,12.13,14,620.2,56505.913194444445
15,90,12.18,16,620.1,56505.91388888889
13,95,12.19,15,620.1,56505.91458333333
14,72,12.22,16,620.3,56505.91527777778
15,91,12.22,16,620.1,56505.915972222225
14,94,12.19,15,620.1,56505.916666666664
15,63,12.16,15,620.1,56505.91736111111
18,60,12.23,15,620.1,56505.91805555556
20,75,12.28,15,620.1,56505.91875
17,55,12.23,15,620.1,56505.919444444444
21,89,12.2,14,620.1,56505.92013888889
19,70,12.12,13,620.1,56505.92083333333
16,59,12.14,14,620.1,56505.92152777778
17,92,12.15,14,620.1,56505.92222222222
15,99,12.08,14,620.1,56505.92291666667
16,93,12.01,14,620.1,56505.92361111111
18,73,11.99,13,620.1,56505.924305555556
16,72,11.94,13,620.1,56505.925
13,76,11.91,13,620.1,56505.92569444444
14,54,11.86,13,620.1,56505.92638888889
17,80,11.91,13,620.1,56505.927083333336
13,55,11.89,11,620.1,56505.927777777775
14,77,11.94,13,620.0,56505.92847222222
17,91,11.9,14,620.0,56505.92916666667
14,80,11.84,13,620.0,56505.92986111111
18,73,11.84,15,620.0,56505.930555555555
17,57,11.96,14,620.0,56505.93125
16,97,12.01,13,620.0,56505.93194444444
17,90,11.99,14,620.0,56505.93263888889
16,113,11.97,13,620.0,56505.933333333334
14,82,11.94,13,620.0,56505.93402777778
17,69,11.94,14,620.0,56505.93472222222
18,82,12.01,14,620.0,56505.93541666667
18,90,11.95,14,620.0,56505.936111111114
15,92,11.9,14,620.0,56505.93680555555
16,80,11.87,14,620.0,56505.9375
19,73,11.82,15,620.0,56505.93819444445
17,85,11.91,15,620.0,56505.938888888886
13,91,11.92,14,620.0,56505.93958333333
11,45,11.91,14,620.0,56505.94027777778
10,80,12.02,14,620.0,56505.94097222222
15,67,12.03,14,620.0,56505.941666666666
15,60,12.03,13,620.0,56505.94236111111
13,58,12.14,15,620.0,56505.94305555556
13,49,12.29,13,620.0,56505.94375
13,79,12.45,11,620.0,56505.944444444445
14,82,12.51,13,620.0,56505.94513888889
19,77,12.55,14,619.9,56505.94583333333
15,88,12.54,13,620.0,56505.94652777778
10,95,12.51,13,620.0,56505.947222222225
12,74,12.48,13,620.0,56505.947916666664
12,64,12.49,13,620.0,56505.94861111111
16,66,12.56,15,619.9,56505.94930555556
20,57,12.56,15,619.9,56505.95
20,81,12.74,13,619.9,56505.950694444444
15,62,12.8,13,619.9,56505.95138888889
18,67,12.91,14,619.9,56505.95208333333
16,59,13.04,14,619.9,56505.95277777778
16,102,13.06,14,619.9,56505.95347222222
16,87,13.05,13,619.9,56505.95416666667
14,104,13.05,14,619.9,56505.95486111111
14,66,13.05,15,619.8,56505.955555555556
21,76,13.05,15,619.8,56505.95625
19,86,12.97,15,619.9,56505.95694444444
15,73,12.89,14,619.9,56505.95763888889
13,68,12.83,14,619.9,56505.958333333336
14,64,12.79,15,619.9,56505.959027777775
12,81,12.85,15,619.9,56505.95972222222
16,67,12.82,16,619.9,56505.96041666667
16,76,12.77,15,619.9,56505.96111111111
14,69,12.73,14,619.9,56505.961805555555
10,112,12.73,14,619.9,56505.9625
11,68,12.68,14,619.9,56505.96319444444
13,67,12.68,14,619.9,56505.96388888889
16,58,12.72,14,619.8,56505.964583333334
17,58,12.85,13,619.8,56505.96527777778
11,86,12.96,13,619.8,56505.96597222222
14,65,13.04,15,619.8,56505.96666666667
19,74,13.18,15,619.8,56505.967361111114
17,95,13.18,15,619.8,56505.96805555555
19,80,13.15,15,619.8,56505.96875
15,79,13.1,14,619.8,56505.96944444445
8,93,13.07,14,619.8,56505.970138888886
10,56,13.05,15,619.8,56505.97083333333
17,64,13.12,16,619.8,56505.97152777778
15,100,13.08,16,619.8,56505.97222222222
14,87,13.03,16,619.8,56505.972916666666
15,95,12.96,17,619.8,56505.97361111111
17,76,12.92,19,619.7,56505.97430555556
20,80,12.85,20,619.6,56505.975
19,65,12.81,20,619.7,56505.975694444445
15,102,12.79,20,619.7,56505.97638888889
13,70,12.75,22,619.7,56505.97708333333
16,74,12.8,23,619.7,56505.97777777778
18,58,12.95,22,619.7,56505.978472222225
12,87,13.04,19,619.8,56505.979166666664
12,92,13.07,17,619.7,56505.97986111111
14,72,13.12,18,619.7,56505.98055555556
16,64,13.2,20,619.7,56505.98125
16,76,13.3,20,619.7,56505.981944444444
13,69,13.31,18,619.7,56505.98263888889
17,79,13.36,17,619.6,56505.98333333333
20,66,13.31,15,619.7,56505.98402777778
16,60,13.3,15,619.7,56505.98472222222
12,72,13.35,15,619.7,56505.98541666667
17,63,13.32,15,619.7,56505.98611111111
12,69,13.35,15,619.8,56505.986805555556
16,81,13.34,16,619.7,56505.9875
13,66,13.31,16,619.7,56505.98819444444
14,81,13.43,15,619.7,56505.98888888889
15,76,13.46,15,619.7,56505.989583333336
14,79,13.43,15,619.7,56505.990277777775
12,85,13.39,15,619.7,56505.99097222222
13,59,13.35,15,619.7,56505.99166666667
17,77,13.33,16,619.6,56505.99236111111
13,95,13.26,16,619.7,56505.993055555555
11,84,13.21,16,619.6,56505.99375
14,88,13.2,17,619.7,56505.99444444444
11,82,13.15,16,619.7,56505.99513888889
6,64,13.15,16,619.7,56505.995833333334
10,75,13.13,16,619.7,56505.99652777778
18,69,13.16,16,619.6,56505.99722222222
17,68,13.23,16,619.7,56505.99791666667
14,109,13.24,16,619.7,56505.998611111114
11,40,13.23,18,619.6,56505.99930555555
16,93,13.22,18,619.6,56506.0
16,80,13.17,17,619.6,56506.00069444445
13,63,13.14,16,619.6,56506.001388888886
12,90,13.21,16,619.6,56506.00208333333
14,82,13.19,17,619.6,56506.00277777778
13,84,13.14,16,619.6,56506.00347222222
10,121,13.11,16,619.6,56506.004166666666
10,84,13.1,16,619.6,56506.00486111111
14,95,13.09,16,619.6,56506.00555555556
12,90,13.05,16,619.6,56506.00625
13,72,13.06,15,619.5,56506.006944444445
12,84,13.05,14,619.6,56506.00763888889
10,86,13.04,14,619.6,56506.00833333333
10,73,13.05,14,619.5,56506.00902777778
15,88,13.12,15,619.5,56506.009722222225
14,59,13.17,14,619.5,56506.010416666664
12,84,13.31,13,619.5,56506.01111111111
9,117,13.35,13,619.6,56506.01180555556
10,86,13.39,14,619.5,56506.0125
11,72,13.44,14,619.5,56506.013194444444
13,108,13.49,14,619.5,56506.01388888889
12,86,13.49,14,619.5,56506.01458333333
9,78,13.47,14,619.5,56506.01527777778
11,79,13.5,14,619.5,56506.01597222222
14,81,13.52,14,619.5,56506.01666666667
12,94,13.51,14,619.5,56506.01736111111
7,80,13.5,14,619.5,56506.018055555556
15,57,13.52,17,619.4,56506.01875
19,70,13.6,17,619.4,56506.01944444444
17,90,13.64,16,619.4,56506.02013888889
12,100,13.66,15,619.5,56506.020833333336
9,46,13.66,16,619.4,56506.021527777775
15,56,13.77,19,619.4,56506.02222222222
14,72,13.91,18,619.4,56506.02291666667
12,70,13.94,17,619.4,56506.02361111111
11,75,13.99,15,619.4,56506.024305555555
9,56,14.02,14,619.4,56506.025
6,80,14.07,13,619.4,56506.02569444444
8,91,14.09,14,619.4,56506.02638888889
13,84,14.18,16,619.4,56506.027083333334
14,87,14.19,16,619.4,56506.02777777778
13,76,14.18,16,619.4,56506.02847222222
11,81,14.19,15,619.4,56506.02916666667
10,80,14.18,16,619.4,56506.029861111114
11,97,14.23,16,619.4,56506.03055555555
11,90,14.2,16,619.4,56506.03125
11,88,14.18,15,619.4,56506.03194444445
11,92,14.15,14,619.4,56506.032638888886
8,87,14.1,14,619.4,56506.03333333333
10,115,14.08,14,619.4,56506.03402777778
9,83,14.03,13,619.4,56506.03472222222
11,44,14.05,13,619.4,56506.035416666666
9,93,14.09,14,619.4,56506.03611111111
11,46,14.07,15,619.3,56506.03680555556
16,62,14.12,14,619.3,56506.0375
11,60,14.13,12,619.3,56506.038194444445
11,76,14.14,12,619.4,56506.03888888889
13,62,14.15,13,619.3,56506.03958333333
15,63,14.31,15,619.3,56506.04027777778
18,85,14.36,15,619.3,56506.040972222225
14,73,14.34,14,619.2,56506.041666666664
14,83,14.37,14,619.3,56506.04236111111
12,77,14.38,14,619.3,56506.04305555556
17,75,14.37,14,619.2,56506.04375
17,71,14.37,14,619.3,56506.044444444444
13,70,14.38,14,619.2,56506.04513888889
15,78,14.33,13,619.2,56506.04583333333
13,73,14.26,12,619.2,56506.04652777778
13,71,14.23,12,619.2,56506.04722222222
16,85,14.2,12,619.2,56506.04791666667
17,90,14.15,13,619.2,56506.04861111111
16,74,14.04,12,619.2,56506.049305555556
14,77,14.02,11,619.2,56506.05
10,69,14.03,11,619.2,56506.05069444444
13,77,14.02,13,619.2,56506.05138888889
14,72,13.98,15,619.2,56506.052083333336
13,65,13.93,15,619.2,56506.052777777775
17,78,13.92,17,619.1,56506.05347222222
15,96,13.86,17,619.1,56506.05416666667
11,86,13.78,15,619.2,56506.05486111111
13,80,13.7,14,619.1,56506.055555555555
14,59,13.67,15,619.1,56506.05625
15,90,13.68,15,619.1,56506.05694444444
12,91,13.59,15,619.1,56506.05763888889
15,79,13.55,16,619.1,56506.058333333334
14,70,13.49,15,619.1,56506.05902777778
16,72,13.45,16,619.1,56506.05972222222
17,72,13.43,16,619.1,56506.06041666667
13,75,13.47,14,619.1,56506.061111111114
11,71,13.47,14,619.1,56506.06180555555
16,92,13.48,15,619.1,56506.0625
14,83,13.42,13,619.1,56506.06319444445
12,89,13.41,14,619.1,56506.063888888886
15,88,13.37,15,619.1,56506.06458333333
16,78,13.32,15,619.1,56506.06527777778
13,81,13.26,14,619.1,56506.06597222222
10,88,13.18,14,619.1,56506.066666666666
10,82,13.15,14,619.1,56506.06736111111
10,86,13.11,15,619.1,56506.06805555556
14,105,13.05,17,619.1,56506.06875
13,108,12.98,16,619.1,56506.069444444445
13,72,12.93,17,619.1,56506.07013888889
13,62,12.91,16,619.1,56506.07083333333
12,92,12.88,16,619.1,56506.07152777778
13,69,12.82,17,619.1,56506.072222222225
13,108,12.78,17,619.1,56506.072916666664
11,74,12.72,16,619.1,56506.07361111111
9,80,12.69,16,619.1,56506.07430555556
13,101,12.67,18,619.1,56506.075
13,98,12.64,18,619.1,56506.075694444444
9,111,12.61,18,619.1,56506.07638888889
7,78,12.6,18,619.1,56506.07708333333
10,104,12.58,19,619.1,56506.07777777778
8,102,12.57,19,619.1,56506.07847222222
8,105,12.55,19,619.1,56506.07916666667
7,90,12.52,18,619.1,56506.07986111111
9,91,12.51,17,619.1,56506.080555555556
11,102,12.49,16,619.1,56506.08125
8,84,12.46,16,619.1,56506.08194444444
13,91,12.49,16,619.0,56506.08263888889
9,97,12.47,15,619.0,56506.083333333336
9,94,12.47,15,619.0,56506.084027777775
8,98,12.47,15,619.0,56506.08472222222
7,74,12.47,14,619.0,56506.08541666667
5,114,12.5,14,619.0,56506.08611111111
4,136,12.52,14,619.0,56506.086805555555
7,116,12.59,15,619.0,56506.0875
6,110,12.65,14,619.0,56506.08819444444
7,87,12.69,14,619.0,56506.08888888889
11,85,12.72,13,619.0,56506.089583333334
10,72,12.76,13,618.9,56506.09027777778
13,66,12.83,13,618.9,56506.09097222222
12,79,12.87,14,618.9,56506.09166666667
10,127,12.89,14,618.9,56506.092361111114
10,83,12.92,14,618.9,56506.09305555555
11,90,12.93,14,618.9,56506.09375
9,87,12.92,14,618.9,56506.09444444445
7,79,12.91,14,618.9,56506.095138888886
10,132,12.93,14,618.9,56506.09583333333
9,105,12.94,14,618.9,56506.09652777778
9,84,12.94,14,618.9,56506.09722222222
10,81,12.94,15,618.9,56506.097916666666
10,88,12.92,16,618.9,56506.09861111111
11,98,12.86,16,618.9,56506.09930555556
8,80,12.84,16,618.9,56506.1
11,97,12.82,16,618.9,56506.100694444445
7,128,12.79,15,618.9,56506.10138888889
7,86,12.78,15,618.9,56506.10208333333
7,93,12.79,15,618.9,56506.10277777778
4,111,12.8,15,618.9,56506.103472222225
1,105,12.79,15,618.9,56506.104166666664
1,97,12.79,15,618.9,56506.10486111111
3,118,12.84,15,618.9,56506.10555555556
3,83,12.86,15,618.9,56506.10625
4,138,12.94,15,618.9,56506.106944444444
3,125,13.04,14,618.9,56506.10763888889
3,99,13.13,14,618.9,56506.10833333333
5,91,13.18,14,618.9,56506.10902777778
7,80,13.26,13,618.9,56506.10972222222
7,88,13.33,13,618.9,56506.11041666667
4,88,13.36,13,618.9,56506.11111111111
4,84,13.4,13,618.9,56506.111805555556
5,86,13.48,13,618.9,56506.1125
3,89,13.51,13,618.9,56506.11319444444
2,118,13.55,13,618.9,56506.11388888889
1,109,13.61,13,618.8,56506.114583333336
0,122,13.67,12,618.8,56506.115277777775
1,76,13.75,12,618.8,56506.11597222222
3,106,13.85,12,618.8,56506.11666666667
2,104,13.95,12,618.8,56506.11736111111
2,101,14.03,12,618.8,56506.118055555555
5,88,14.1,12,618.8,56506.11875
7,76,14.17,12,618.9,56506.11944444444
8,96,14.25,12,618.9,56506.12013888889
6,115,14.28,12,618.9,56506.120833333334
4,73,14.31,12,618.9,56506.12152777778
4,78,14.32,12,618.9,56506.12222222222
2,88,14.31,12,619.0,56506.12291666667
0,83,14.31,12,619.0,56506.123611111114
2,90,14.29,12,619.0,56506.12430555555
1,88,14.31,12,619.0,56506.125
0,89,14.27,12,618.9,56506.12569444445
0,91,14.33,12,618.9,56506.126388888886
0,94,14.4,12,618.9,56506.12708333333
0,95,14.45,12,618.9,56506.12777777778
0,96,14.54,12,618.9,56506.12847222222
0,114,14.57,12,619.0,56506.129166666666
0,111,14.67,12,619.0,56506.12986111111
0,115,14.78,12,619.0,56506.13055555556
0,115,14.88,12,619.0,56506.13125
0,115,14.98,11,619.0,56506.131944444445
0,110,15.05,11,619.0,56506.13263888889
0,107,15.1,11,619.0,56506.13333333333
1,111,15.17,11,619.0,56506.13402777778
1,93,15.25,11,619.0,56506.134722222225
1,111,15.26,11,618.9,56506.135416666664
1,101,15.31,11,618.9,56506.13611111111
1,89,15.37,11,618.9,56506.13680555556
2,94,15.36,11,618.9,56506.1375
2,101,15.35,11,618.9,56506.138194444444
2,89,15.37,10,618.9,56506.13888888889
3,87,15.39,10,618.9,56506.13958333333
3,85,15.36,10,618.9,56506.14027777778
3,86,15.36,10,618.9,56506.14097222222
4,88,15.35,10,618.9,56506.14166666667
3,111,15.27,10,618.9,56506.14236111111
2,86,15.23,10,618.9,56506.143055555556
3,88,15.17,10,618.9,56506.14375
4,91,15.12,10,618.9,56506.14444444444
4,91,15.08,10,618.9,56506.14513888889
6,91,15.01,10,618.9,56506.145833333336
5,104,14.92,10,618.9,56506.146527777775
4,93,14.85,10,618.9,56506.14722222222
3,88,14.72,10,619.0,56506.14791666667
2,83,14.63,11,619.0,56506.14861111111
4,84,14.62,11,618.9,56506.149305555555
5,90,14.55,11,618.9,56506.15
4,90,14.48,11,618.9,56506.15069444444
4,87,14.41,11,618.9,56506.15138888889
4,85,14.32,11,618.9,56506.152083333334
5,83,14.27,11,618.9,56506.15277777778
5,85,14.18,11,619.0,56506.15347222222
5,79,14.1,11,618.9,56506.15416666667
5,87,14.03,11,618.9,56506.154861111114
4,81,13.96,11,618.9,56506.15555555555
4,87,13.88,11,618.9,56506.15625
3,90,13.75,11,618.9,56506.15694444445
1,87,13.66,11,618.9,56506.157638888886
1,80,13.67,11,618.9,56506.15833333333
2,84,13.64,11,618.9,56506.15902777778
2,89,13.57,11,618.9,56506.15972222222
3,86,13.49,11,619.0,56506.160416666666
5,88,13.49,11,619.0,56506.16111111111
5,92,13.43,11,619.0,56506.16180555556
5,86,13.37,11,619.0,56506.1625
5,91,13.3,11,619.0,56506.163194444445
4,91,13.21,11,619.0,56506.16388888889
2,99,13.09,11,619.0,56506.16458333333
0,99,13.02,11,619.0,56506.16527777778
0,101,12.99,12,619.0,56506.165972222225
0,101,12.99,11,619.0,56506.166666666664
0,101,12.96,11,619.0,56506.16736111111
0,101,12.94,11,619.0,56506.16805555556
0,101,12.92,11,619.0,56506.16875
0,101,12.9,11,619.0,56506.169444444444
0,91,12.86,11,619.0,56506.17013888889
1,88,12.82,11,619.0,56506.17083333333
2,79,12.86,11,619.0,56506.17152777778
4,77,12.88,11,619.0,56506.17222222222
5,76,12.87,10,619.0,56506.17291666667
5,76,12.86,10,619.0,56506.17361111111
4,76,12.83,10,619.0,56506.174305555556
4,77,12.81,10,619.0,56506.175
4,67,12.78,10,619.0,56506.17569444444
6,67,12.75,10,619.0,56506.17638888889
6,67,12.73,10,619.0,56506.177083333336
7,72,12.69,10,619.0,56506.177777777775
6,67,12.65,11,619.0,56506.17847222222
6,67,12.6,10,619.0,56506.17916666667
6,66,12.54,10,619.0,56506.17986111111
7,70,12.48,10,619.0,56506.180555555555
7,64,12.41,10,619.0,56506.18125
6,68,12.34,11,619.0,56506.18194444444
8,68,12.27,11,619.0,56506.18263888889
9,66,12.19,11,619.0,56506.183333333334
10,59,12.1,11,619.0,56506.18402777778
9,74,12.03,11,619.0,56506.18472222222
9,65,11.92,10,619.0,56506.18541666667
11,59,11.82,11,619.0,56506.186111111114
13,66,11.73,11,619.0,56506.18680555555
13,65,11.61,11,619.0,56506.1875
12,64,11.51,11,619.0,56506.18819444445
12,60,11.4,11,619.0,56506.188888888886
12,62,11.3,11,619.0,56506.18958333333
11,62,11.2,11,619.0,56506.19027777778
12,58,11.09,12,619.0,56506.19097222222
12,72,10.98,12,619.0,56506.191666666666
12,70,10.87,12,619.0,56506.19236111111
13,59,10.73,11,619.0,56506.19305555556
12,67,10.61,11,619.0,56506.19375
13,69,10.47,12,618.9,56506.194444444445
13,73,10.32,11,618.9,56506.19513888889
13,64,10.18,12,618.9,56506.19583333333
13,68,10.04,12,618.9,56506.19652777778
14,56,9.89,12,618.9,56506.197222222225
14,66,9.77,12,618.9,56506.197916666664
14,64,9.63,12,618.9,56506.19861111111
13,66,9.51,12,618.9,56506.19930555556
13,64,9.36,12,618.9,56506.2
14,60,9.22,12,618.9,56506.200694444444
14,72,9.08,12,618.9,56506.20138888889
13,68,8.93,12,619.0,56506.20208333333
13,67,8.78,12,619.0,56506.20277777778
13,59,8.63,12,619.0,56506.20347222222
13,63,8.49,12,619.0,56506.20416666667
13,61,8.37,12,619.1,56506.20486111111
12,62,8.25,13,619.1,56506.205555555556
13,60,8.14,13,619.1,56506.20625
13,67,8.04,13,619.1,56506.20694444444
13,62,7.93,13,619.1,56506.20763888889
13,61,7.83,13,619.1,56506.208333333336
14,65,7.72,12,619.1,56506.209027777775
12,67,7.61,12,619.1,56506.20972222222
13,64,7.49,13,619.1,56506.21041666667
14,67,7.38,13,619.1,56506.21111111111
14,72,7.23,13,619.1,56506.211805555555
13,63,7.08,13,619.1,56506.2125
13,70,6.96,13,619.1,56506.21319444444
13,71,6.81,13,619.1,56506.21388888889
13,67,6.66,13,619.0,56506.214583333334
14,59,6.51,13,619.1,56506.21527777778
16,64,6.39,13,619.0,56506.21597222222
16,71,6.26,13,619.1,56506.21666666667
16,66,6.11,13,619.1,56506.217361111114
14,72,6.0,14,619.1,56506.21805555555
14,76,5.89,14,619.1,56506.21875
14,74,5.79,14,619.1,56506.21944444445
14,67,5.67,14,619.1,56506.220138888886
15,69,5.56,14,619.1,56506.22083333333
15,71,5.46,13,619.1,56506.22152777778
14,73,5.34,13,619.2,56506.22222222222
13,75,5.26,13,619.2,56506.222916666666
11,76,5.17,13,619.2,56506.22361111111
11,60,5.1,14,619.2,56506.22430555556
12,68,5.06,13,619.2,56506.225
11,63,5.0,13,619.2,56506.225694444445
12,80,4.94,13,619.3,56506.22638888889
12,67,4.89,13,619.3,56506.22708333333
11,68,4.84,13,619.3,56506.22777777778
12,67,4.8,13,619.3,56506.228472222225
11,69,4.76,13,619.3,56506.229166666664
12,67,4.71,13,619.3,56506.22986111111
12,67,4.67,13,619.3,56506.23055555556
13,64,4.64,13,619.3,56506.23125
12,70,4.62,13,619.3,56506.231944444444
11,71,4.58,13,619.3,56506.23263888889
10,72,4.54,13,619.3,56506.23333333333
11,70,4.5,13,619.3,56506.23402777778
12,70,4.46,13,619.3,56506.23472222222
11,69,4.41,13,619.3,56506.23541666667
11,69,4.37,13,619.3,56506.23611111111
11,70,4.33,13,619.3,56506.236805555556
11,72,4.29,13,619.3,56506.2375
10,72,4.24,13,619.3,56506.23819444444
10,77,4.21,13,619.3,56506.23888888889
11,71,4.17,13,619.3,56506.239583333336
11,71,4.13,13,619.3,56506.240277777775
10,71,4.09,12,619.3,56506.24097222222
9,69,4.06,12,619.3,56506.24166666667
10,71,4.04,12,619.4,56506.24236111111
10,67,4.01,12,619.4,56506.243055555555
10,71,3.98,12,619.4,56506.24375
10,67,3.97,12,619.4,56506.24444444444
10,69,3.95,12,619.4,56506.24513888889
11,76,3.94,12,619.4,56506.245833333334
11,63,3.91,12,619.3,56506.24652777778
12,59,3.93,12,619.4,56506.24722222222
12,67,3.95,12,619.4,56506.24791666667
12,65,3.95,12,619.4,56506.248611111114
13,64,3.96,12,619.4,56506.24930555555
12,81,3.99,12,619.4,56506.25
10,62,3.98,12,619.4,56506.25069444445
11,64,4.01,12,619.4,56506.251388888886
11,79,4.04,11,619.4,56506.25208333333
9,77,4.05,12,619.4,56506.25277777778
10,75,4.04,12,619.4,56506.25347222222
12,69,4.04,12,619.4,56506.254166666666
9,52,4.04,12,619.4,56506.25486111111
8,77,4.06,12,619.4,56506.25555555556
9,73,4.04,13,619.4,56506.25625
10,78,4.02,13,619.4,56506.256944444445
10,75,4.0,13,619.4,56506.25763888889
10,77,3.97,13,619.4,56506.25833333333
10,79,3.94,13,619.4,56506.25902777778
8,76,3.92,13,619.4,56506.259722222225
8,79,3.88,13,619.4,56506.260416666664
8,77,3.85,13,619.4,56506.26111111111
10,61,3.81,13,619.4,56506.26180555556
11,72,3.79,13,619.5,56506.2625
9,74,3.76,13,619.5,56506.263194444444
8,68,3.73,13,619.5,56506.26388888889
8,65,3.7,13,619.5,56506.26458333333
10,72,3.68,13,619.5,56506.26527777778
9,72,3.66,13,619.5,56506.26597222222
8,69,3.63,13,619.5,56506.26666666667
9,69,3.6,13,619.5,56506.26736111111
10,72,3.57,14,619.5,56506.268055555556
9,90,3.54,13,619.5,56506.26875
7,77,3.51,13,619.5,56506.26944444444
8,73,3.48,13,619.5,56506.27013888889
9,73,3.45,13,619.5,56506.270833333336
9,72,3.42,13,619.5,56506.271527777775
7,81,3.4,13,619.5,56506.27222222222
6,83,3.38,13,619.5,56506.27291666667
6,76,3.36,14,619.6,56506.27361111111
6,76,3.34,14,619.6,56506.274305555555
6,82,3.34,14,619.6,56506.275
7,66,3.32,14,619.6,56506.27569444444
8,77,3.3,14,619.6,56506.27638888889
8,80,3.28,14,619.6,56506.277083333334
8,75,3.26,14,619.6,56506.27777777778
8,85,3.24,14,619.6,56506.27847222222
8,73,3.22,14,619.6,56506.27916666667
9,80,3.2,14,619.6,56506.279861111114
10,69,3.18,13,619.6,56506.28055555555
11,70,3.18,13,619.6,56506.28125
10,79,3.16,13,619.6,56506.28194444445
9,74,3.15,13,619.6,56506.282638888886
9,71,3.15,13,619.6,56506.28333333333
10,75,3.14,13,619.6,56506.28402777778
12,69,3.12,13,619.6,56506.28472222222
11,85,3.12,13,619.6,56506.285416666666
11,73,3.12,13,619.6,56506.28611111111
13,76,3.1,13,619.5,56506.28680555556
14,76,3.09,13,619.5,56506.2875
13,87,3.09,12,619.5,56506.288194444445
11,62,3.09,12,619.5,56506.28888888889
12,66,3.13,12,619.5,56506.28958333333
11,74,3.15,12,619.5,56506.29027777778
11,77,3.16,13,619.5,56506.290972222225
11,79,3.17,13,619.5,56506.291666666664
11,73,3.18,13,619.5,56506.29236111111
11,72,3.18,13,619.5,56506.29305555556
10,82,3.18,13,619.5,56506.29375
12,83,3.18,13,619.5,56506.294444444444
11,77,3.16,13,619.6,56506.29513888889
11,70,3.16,13,619.5,56506.29583333333
11,80,3.15,13,619.5,56506.29652777778
12,85,3.15,13,619.6,56506.29722222222
10,78,3.15,13,619.6,56506.29791666667
10,86,3.15,14,619.6,56506.29861111111
11,87,3.13,14,619.6,56506.299305555556
11,73,3.12,13,619.6,56506.3
10,80,3.12,14,619.6,56506.30069444444
9,86,3.11,14,619.6,56506.30138888889
10,90,3.1,14,619.6,56506.302083333336
9,84,3.09,14,619.6,56506.302777777775
10,89,3.08,14,619.6,56506.30347222222
12,80,3.06,14,619.6,56506.30416666667
12,77,3.04,14,619.6,56506.30486111111
11,82,3.03,14,619.6,56506.305555555555
10,90,3.03,14,619.7,56506.30625
10,78,3.02,14,619.7,56506.30694444444
9,73,3.0,14,619.7,56506.30763888889
12,93,3.0,15,619.7,56506.308333333334
10,76,3.0,15,619.7,56506.30902777778
10,88,2.97,15,619.7,56506.30972222222
10,80,2.97,15,619.7,56506.31041666667
9,93,2.97,14,619.6,56506.311111111114
8,90,2.97,15,619.6,56506.31180555555
10,94,2.94,15,619.6,56506.3125
11,80,2.93,15,619.7,56506.31319444445
11,88,2.9,14,619.7,56506.313888888886
11,79,2.88,14,619.7,56506.31458333333
10,78,2.88,14,619.7,56506.31527777778
10,75,2.85,14,619.7,56506.31597222222
9,91,2.85,14,619.7,56506.316666666666
7,90,2.84,14,619.7,56506.31736111111
9,92,2.83,14,619.6,56506.31805555556
11,85,2.82,15,619.6,56506.31875
12,84,2.8,14,619.6,56506.319444444445
13,84,2.78,14,619.6,56506.32013888889
14,82,2.76,14,619.6,56506.32083333333
14,86,2.75,14,619.6,56506.32152777778
15,84,2.73,14,619.6,56506.322222222225
15,85,2.73,14,619.6,56506.322916666664
14,88,2.72,14,619.6,56506.32361111111
13,78,2.72,14,619.6,56506.32430555556
14,85,2.71,15,619.6,56506.325
14,81,2.71,15,619.6,56506.325694444444
14,87,2.7,15,619.6,56506.32638888889
12,88,2.71,15,619.6,56506.32708333333
13,85,2.71,15,619.6,56506.32777777778
13,87,2.7,15,619.6,56506.32847222222
12,80,2.7,15,619.6,56506.32916666667
11,65,2.7,15,619.6,56506.32986111111
12,67,2.69,14,619.6,56506.330555555556
13,73,2.69,14,619.6,56506.33125
13,89,2.69,13,619.6,56506.33194444444
13,80,2.68,13,619.6,56506.33263888889
13,88,2.69,13,619.7,56506.333333333336
13,83,2.69,14,619.7,56506.334027777775
10,92,2.7,13,619.6,56506.33472222222
10,78,2.72,14,619.6,56506.33541666667
11,77,2.72,14,619.6,56506.33611111111
12,93,2.72,14,619.6,56506.336805555555
13,80,2.73,14,619.6,56506.3375
15,94,2.72,14,619.6,56506.33819444444
13,82,2.72,14,619.6,56506.33888888889
13,78,2.72,15,619.6,56506.339583333334
13,96,2.71,15,619.6,56506.34027777778
12,87,2.7,14,619.6,56506.34097222222
12,85,2.69,14,619.6,56506.34166666667
14,83,2.68,14,619.6,56506.342361111114
15,75,2.67,13,619.6,56506.34305555555
15,83,2.67,14,619.6,56506.34375
14,79,2.66,14,619.6,56506.34444444445
13,81,2.66,15,619.6,56506.345138888886
13,78,2.66,14,619.6,56506.34583333333
14,83,2.65,14,619.6,56506.34652777778
14,66,2.65,14,619.6,56506.34722222222
13,77,2.64,14,619.6,56506.347916666666
14,75,2.64,13,619.6,56506.34861111111
16,83,2.63,13,619.6,56506.34930555556
16,80,2.63,13,619.6,56506.35
15,83,2.64,13,619.6,56506.350694444445
14,67,2.66,13,619.6,56506.35138888889
16,72,2.66,13,619.6,56506.35208333333
17,78,2.67,13,619.6,56506.35277777778
16,80,2.69,13,619.6,56506.353472222225
16,84,2.69,13,619.5,56506.354166666664
16,90,2.7,13,619.5,56506.35486111111
16,85,2.72,13,619.5,56506.35555555556
17,83,2.73,13,619.5,56506.35625
17,86,2.74,13,619.5,56506.356944444444
15,83,2.75,13,619.4,56506.35763888889
14,91,2.76,14,619.5,56506.35833333333
15,91,2.77,14,619.5,56506.35902777778
15,79,2.78,14,619.5,56506.35972222222
15,89,2.78,14,619.5,56506.36041666667
16,84,2.79,14,619.5,56506.36111111111
14,88,2.78,14,619.5,56506.361805555556
15,92,2.78,14,619.5,56506.3625
15,88,2.77,14,619.5,56506.36319444444
14,87,2.77,14,619.5,56506.36388888889
14,85,2.76,14,619.5,56506.364583333336
14,88,2.76,14,619.5,56506.365277777775
15,85,2.76,14,619.5,56506.36597222222
15,96,2.75,14,619.5,56506.36666666667
13,92,2.74,14,619.5,56506.36736111111
14,84,2.73,14,619.5,56506.368055555555
14,88,2.73,14,619.5,56506.36875
14,90,2.72,14,619.5,56506.36944444444
14,80,2.71,14,619.5,56506.37013888889
12,83,2.69,14,619.5,56506.370833333334
12,83,2.68,14,619.5,56506.37152777778
12,80,2.68,14,619.5,56506.37222222222
11,80,2.67,15,619.5,56506.37291666667
12,86,2.66,14,619.5,56506.373611111114
12,81,2.66,14,619.5,56506.37430555555
13,85,2.66,14,619.5,56506.375
14,86,2.63,13,619.5,56506.37569444445
14,85,2.63,13,619.5,56506.376388888886
15,85,2.63,14,619.5,56506.37708333333
14,64,2.63,13,619.5,56506.37777777778
14,87,2.63,13,619.5,56506.37847222222
14,75,2.63,13,619.5,56506.379166666666
14,73,2.63,13,619.5,56506.37986111111
14,83,2.63,13,619.5,56506.38055555556
13,81,2.63,13,619.5,56506.38125
13,85,2.63,13,619.5,56506.381944444445
14,90,2.63,13,619.5,56506.38263888889
14,77,2.63,13,619.4,56506.38333333333
16,73,2.63,13,619.4,56506.38402777778
15,91,2.64,13,619.4,56506.384722222225
16,86,2.64,13,619.4,56506.385416666664
15,86,2.66,13,619.4,56506.38611111111
14,81,2.66,13,619.4,56506.38680555556
14,84,2.67,13,619.4,56506.3875
16,88,2.69,13,619.4,56506.388194444444
14,90,2.7,13,619.4,56506.38888888889
13,90,2.71,13,619.4,56506.38958333333
14,95,2.72,13,619.4,56506.39027777778
13,87,2.73,13,619.4,56506.39097222222
13,78,2.73,13,619.4,56506.39166666667
13,87,2.73,13,619.4,56506.39236111111
13,79,2.73,13,619.4,56506.393055555556
14,72,2.73,13,619.4,56506.39375
14,90,2.72,13,619.4,56506.39444444444
13,90,2.72,13,619.4,56506.39513888889
13,82,2.72,14,619.4,56506.395833333336
12,78,2.72,14,619.4,56506.396527777775
13,88,2.72,14,619.4,56506.39722222222
12,86,2.72,14,619.4,56506.39791666667
12,95,2.7,14,619.4,56506.39861111111
14,75,2.69,14,619.4,56506.399305555555
14,74,2.68,14,619.3,56506.4
15,78,2.66,13,619.3,56506.40069444444
14,91,2.64,13,619.3,56506.40138888889
14,95,2.64,13,619.3,56506.402083333334
14,95,2.65,14,619.3,56506.40277777778
15,96,2.65,13,619.3,56506.40347222222
14,83,2.66,14,619.2,56506.40416666667
13,81,2.65,14,619.3,56506.404861111114
13,79,2.65,15,619.3,56506.40555555555
13,88,2.64,15,619.3,56506.40625
13,83,2.63,15,619.3,56506.40694444445
13,86,2.61,14,619.2,56506.407638888886
14,81,2.6,14,619.2,56506.40833333333
14,79,2.59,13,619.2,56506.40902777778
13,91,2.58,13,619.2,56506.40972222222
14,85,2.57,14,619.2,56506.410416666666
14,86,2.57,14,619.2,56506.41111111111
13,85,2.57,14,619.2,56506.41180555556
13,75,2.56,14,619.2,56506.4125
13,91,2.56,15,619.2,56506.413194444445
14,86,2.54,15,619.2,56506.41388888889
14,90,2.54,15,619.1,56506.41458333333
15,90,2.54,15,619.1,56506.41527777778
15,91,2.52,15,619.1,56506.415972222225
