wind_speed,wind_direction,temperature,relative_humidity,pressure,mjd
3,265,3.01,11,618.6,56492.416666666664
3,265,3.03,11,618.5,56492.41736111111
4,266,3.03,11,618.5,56492.41805555556
5,268,3.06,11,618.5,56492.41875
5,269,3.09,11,618.5,56492.419444444444
5,266,3.1,10,618.5,56492.42013888889
5,269,3.12,10,618.5,56492.42083333333
5,268,3.15,10,618.5,56492.42152777778
5,267,3.16,10,618.5,56492.42222222222
6,263,3.18,10,618.5,56492.42291666667
6,263,3.19,10,618.5,56492.42361111111
7,265,3.21,10,618.5,56492.424305555556
7,266,3.23,10,618.5,56492.425
6,270,3.25,10,618.5,56492.42569444444
6,271,3.26,10,618.5,56492.42638888889
7,271,3.28,10,618.5,56492.427083333336
7,269,3.29,10,618.5,56492.427777777775
8,267,3.31,10,618.4,56492.42847222222
9,264,3.33,10,618.4,56492.42916666667
9,266,3.34,10,618.4,56492.42986111111
9,265,3.36,10,618.4,56492.430555555555
9,268,3.37,10,618.4,56492.43125
9,269,3.39,10,618.4,56492.43194444444
8,261,3.4,10,618.4,56492.43263888889
8,266,3.4,10,618.4,56492.433333333334
6,270,3.41,10,618.4,56492.43402777778
5,262,3.43,10,618.4,56492.43472222222
5,259,3.43,10,618.4,56492.43541666667
5,260,3.42,10,618.4,56492.436111111114
5,256,3.43,10,618.4,56492.43680555555
5,256,3.43,10,618.4,56492.4375
5,253,3.42,10,618.4,56492.43819444445
4,252,3.42,10,618.4,56492.438888888886
4,253,3.4,10,618.4,56492.43958333333
4,254,3.4,10,618.4,56492.44027777778
5,258,3.4,11,618.4,56492.44097222222
5,266,3.41,11,618.4,56492.441666666666
6,263,3.41,11,618.4,56492.44236111111
6,263,3.42,11,618.4,56492.44305555556
6,266,3.42,11,618.4,56492.44375
6,271,3.43,11,618.4,56492.444444444445
6,273,3.43,11,618.4,56492.44513888889
6,272,3.43,11,618.3,56492.44583333333
5,280,3.44,11,618.3,56492.44652777778
4,276,3.44,12,618.3,56492.447222222225
4,275,3.46,12,618.3,56492.447916666664
5,276,3.46,12,618.3,56492.44861111111
6,270,3.46,11,618.3,56492.44930555556
7,271,3.46,11,618.3,56492.45
7,270,3.46,11,618.3,56492.450694444444
7,268,3.47,10,618.3,56492.45138888889
7,269,3.49,10,618.3,56492.45208333333
7,272,3.49,10,618.2,56492.45277777778
7,269,3.49,10,618.2,56492.45347222222
7,273,3.51,10,618.2,56492.45416666667
7,267,3.52,10,618.2,56492.45486111111
8,267,3.52,10,618.2,56492.455555555556
9,268,3.54,10,618.2,56492.45625
9,271,3.55,10,618.2,56492.45694444444
10,271,3.55,10,618.2,56492.45763888889
10,268,3.58,10,618.2,56492.458333333336
9,270,3.58,10,618.2,56492.459027777775
9,271,3.58,9,618.1,56492.45972222222
10,276,3.6,9,618.1,56492.46041666667
9,274,3.61,9,618.1,56492.46111111111
9,274,3.61,9,618.1,56492.461805555555
10,272,3.61,10,618.1,56492.4625
10,272,3.62,10,618.1,56492.46319444444
11,269,3.63,10,618.1,56492.46388888889
11,267,3.64,10,618.0,56492.464583333334
11,268,3.64,10,618.0,56492.46527777778
10,268,3.64,11,618.0,56492.46597222222
11,266,3.64,11,618.0,56492.46666666667
10,260,3.65,11,618.0,56492.467361111114
11,273,3.65,11,618.0,56492.46805555555
11,268,3.66,11,618.0,56492.46875
12,271,3.66,11,618.0,56492.46944444445
11,268,3.67,11,618.0,56492.470138888886
12,272,3.67,11,617.9,56492.47083333333
11,271,3.67,11,617.9,56492.47152777778
10,268,3.67,11,617.9,56492.47222222222
11,269,3.67,11,617.9,56492.472916666666
10,271,3.67,11,617.9,56492.47361111111
11,272,3.67,11,617.9,56492.47430555556
11,272,3.67,11,617.9,56492.475
11,269,3.67,11,617.9,56492.475694444445
11,271,3.67,11,617.9,56492.47638888889
11,271,3.68,11,617.9,56492.47708333333
11,279,3.68,11,617.9,56492.47777777778
11,274,3.68,12,617.9,56492.478472222225
11,278,3.69,12,617.9,56492.479166666664
8,270,3.68,12,617.9,56492.47986111111
9,269,3.69,12,617.8,56492.48055555556
9,270,3.69,12,617.9,56492.48125
9,271,3.69,12,617.9,56492.481944444444
8,277,3.68,12,617.9,56492.48263888889
8,274,3.68,12,617.9,56492.48333333333
9,278,3.68,12,617.9,56492.48402777778
8,276,3.67,12,617.9,56492.48472222222
8,283,3.65,12,617.9,56492.48541666667
7,281,3.64,12,617.8,56492.48611111111
6,282,3.62,12,617.8,56492.486805555556
6,281,3.61,12,617.9,56492.4875
6,278,3.58,12,617.8,56492.48819444444
5,284,3.58,12,617.8,56492.48888888889
6,288,3.55,12,617.8,56492.489583333336
7,288,3.53,12,617.8,56492.490277777775
9,292,3.5,12,617.8,56492.49097222222
11,293,3.49,12,617.8,56492.49166666667
10,290,3.47,11,617.8,56492.49236111111
9,307,3.46,11,617.8,56492.493055555555
9,297,3.49,12,617.8,56492.49375
9,292,3.49,11,617.8,56492.49444444444
9,308,3.49,11,617.8,56492.49513888889
8,301,3.52,11,617.8,56492.495833333334
9,299,3.55,12,617.8,56492.49652777778
9,300,3.6,11,617.8,56492.49722222222
10,298,3.66,11,617.7,56492.49791666667
11,296,3.7,12,617.7,56492.498611111114
11,293,3.72,12,617.7,56492.49930555555
11,295,3.71,11,617.7,56492.5
11,284,3.7,11,617.7,56492.50069444445
10,290,3.68,11,617.7,56492.501388888886
8,280,3.67,11,617.7,56492.50208333333
7,288,3.64,11,617.7,56492.50277777778
7,287,3.63,11,617.7,56492.50347222222
8,290,3.6,11,617.7,56492.504166666666
8,291,3.57,11,617.7,56492.50486111111
8,285,3.55,12,617.7,56492.50555555556
7,290,3.52,12,617.7,56492.50625
7,288,3.49,12,617.7,56492.506944444445
9,284,3.45,12,617.7,56492.50763888889
9,285,3.42,11,617.7,56492.50833333333
10,289,3.39,10,617.6,56492.50902777778
10,287,3.37,10,617.6,56492.509722222225
10,293,3.34,10,617.6,56492.510416666664
11,289,3.34,11,617.6,56492.51111111111
11,286,3.33,11,617.6,56492.51180555556
11,288,3.32,11,617.6,56492.5125
12,289,3.31,11,617.6,56492.513194444444
12,291,3.32,11,617.6,56492.51388888889
12,289,3.33,11,617.6,56492.51458333333
10,289,3.34,11,617.6,56492.51527777778
11,290,3.34,11,617.6,56492.51597222222
10,287,3.34,11,617.6,56492.51666666667
10,283,3.35,10,617.6,56492.51736111111
10,291,3.34,10,617.5,56492.518055555556
11,284,3.35,10,617.5,56492.51875
11,291,3.36,10,617.5,56492.51944444444
11,288,3.36,10,617.5,56492.52013888889
12,289,3.36,10,617.5,56492.520833333336
13,290,3.35,9,617.5,56492.521527777775
13,285,3.36,9,617.5,56492.52222222222
12,288,3.37,9,617.5,56492.52291666667
12,281,3.37,9,617.5,56492.52361111111
11,288,3.39,10,617.5,56492.524305555555
13,287,3.4,9,617.5,56492.525
13,290,3.42,10,617.5,56492.52569444444
14,284,3.43,10,617.5,56492.52638888889
13,288,3.46,9,617.5,56492.527083333334
13,282,3.47,9,617.5,56492.52777777778
13,284,3.49,9,617.5,56492.52847222222
13,289,3.5,9,617.5,56492.52916666667
14,290,3.52,9,617.5,56492.529861111114
12,285,3.54,9,617.5,56492.53055555555
11,282,3.55,8,617.5,56492.53125
8,278,3.58,8,617.5,56492.53194444445
8,286,3.59,8,617.5,56492.532638888886
8,282,3.61,9,617.5,56492.53333333333
9,289,3.61,9,617.5,56492.53402777778
10,292,3.61,9,617.5,56492.53472222222
11,288,3.61,9,617.5,56492.535416666666
10,288,3.59,9,617.5,56492.53611111111
10,282,3.58,9,617.5,56492.53680555556
9,282,3.58,9,617.5,56492.5375
10,289,3.56,9,617.5,56492.538194444445
10,290,3.55,9,617.5,56492.53888888889
9,282,3.54,9,617.5,56492.53958333333
9,282,3.53,9,617.5,56492.54027777778
9,288,3.52,9,617.5,56492.540972222225
10,283,3.51,9,617.5,56492.541666666664
9,290,3.49,9,617.5,56492.54236111111
8,285,3.49,9,617.5,56492.54305555556
8,287,3.48,9,617.5,56492.54375
8,284,3.47,9,617.5,56492.544444444444
10,289,3.46,9,617.5,56492.54513888889
10,279,3.46,9,617.5,56492.54583333333
9,291,3.44,9,617.5,56492.54652777778
9,283,3.43,9,617.5,56492.54722222222
10,285,3.43,9,617.5,56492.54791666667
8,284,3.42,9,617.5,56492.54861111111
10,281,3.4,9,617.5,56492.549305555556
9,283,3.4,10,617.5,56492.55
9,279,3.4,10,617.4,56492.55069444444
9,283,3.39,10,617.4,56492.55138888889
9,278,3.4,10,617.4,56492.552083333336
8,283,3.39,10,617.4,56492.552777777775
8,283,3.37,9,617.4,56492.55347222222
8,275,3.36,9,617.5,56492.55416666667
7,289,3.34,9,617.5,56492.55486111111
7,288,3.33,9,617.5,56492.555555555555
8,285,3.31,8,617.5,56492.55625
7,290,3.28,9,617.5,56492.55694444444
7,300,3.25,9,617.5,56492.55763888889
8,298,3.22,8,617.5,56492.558333333334
8,297,3.21,8,617.5,56492.55902777778
8,298,3.19,8,617.5,56492.55972222222
7,301,3.18,9,617.5,56492.56041666667
7,298,3.18,9,617.5,56492.561111111114
8,300,3.18,9,617.5,56492.56180555555
8,307,3.17,9,617.4,56492.5625
8,308,3.2,9,617.4,56492.56319444445
8,301,3.23,9,617.4,56492.563888888886
8,297,3.24,9,617.4,56492.56458333333
8,303,3.26,9,617.4,56492.56527777778
9,301,3.3,8,617.4,56492.56597222222
9,297,3.31,9,617.4,56492.566666666666
8,291,3.32,9,617.4,56492.56736111111
8,281,3.31,9,617.4,56492.56805555556
7,283,3.28,9,617.4,56492.56875
7,296,3.25,9,617.4,56492.569444444445
8,294,3.21,9,617.4,56492.57013888889
7,275,3.16,9,617.4,56492.57083333333
8,275,3.11,9,617.4,56492.57152777778
8,288,3.05,9,617.4,56492.572222222225
7,302,3.01,9,617.4,56492.572916666664
6,292,2.96,9,617.4,56492.57361111111
6,282,2.92,9,617.4,56492.57430555556
7,284,2.88,9,617.4,56492.575
7,291,2.84,9,617.4,56492.575694444444
8,294,2.8,9,617.4,56492.57638888889
8,296,2.76,9,617.4,56492.57708333333
8,285,2.71,9,617.4,56492.57777777778
7,289,2.69,9,617.4,56492.57847222222
8,262,2.65,9,617.4,56492.57916666667
10,270,2.63,9,617.4,56492.57986111111
10,285,2.6,9,617.4,56492.580555555556
9,272,2.58,9,617.4,56492.58125
9,279,2.56,9,617.4,56492.58194444444
8,271,2.55,9,617.4,56492.58263888889
9,277,2.54,9,617.4,56492.583333333336
9,278,2.54,9,617.4,56492.584027777775
9,273,2.54,9,617.4,56492.58472222222
10,272,2.54,9,617.4,56492.58541666667
12,276,2.57,9,617.4,56492.58611111111
11,278,2.58,9,617.4,56492.586805555555
11,271,2.6,9,617.4,56492.5875
11,275,2.63,9,617.4,56492.58819444444
11,272,2.67,9,617.5,56492.58888888889
13,273,2.7,9,617.5,56492.589583333334
13,260,2.74,9,617.5,56492.59027777778
11,268,2.78,9,617.5,56492.59097222222
14,278,2.82,9,617.5,56492.59166666667
12,261,2.87,9,617.5,56492.592361111114
13,260,2.91,9,617.5,56492.59305555555
15,268,2.94,9,617.5,56492.59375
14,270,2.98,9,617.5,56492.59444444445
12,282,3.01,9,617.5,56492.595138888886
9,291,3.03,9,617.5,56492.59583333333
10,267,3.06,9,617.5,56492.59652777778
12,275,3.07,9,617.5,56492.59722222222
12,280,3.09,9,617.5,56492.597916666666
11,279,3.11,9,617.5,56492.59861111111
10,274,3.13,9,617.4,56492.59930555556
12,290,3.15,9,617.4,56492.6
9,274,3.16,9,617.4,56492.600694444445
10,280,3.17,9,617.4,56492.60138888889
10,288,3.18,9,617.4,56492.60208333333
10,278,3.18,9,617.4,56492.60277777778
10,281,3.18,9,617.4,56492.603472222225
9,266,3.16,9,617.5,56492.604166666664
11,266,3.15,9,617.5,56492.60486111111
13,267,3.15,9,617.5,56492.60555555556
12,273,3.15,9,617.5,56492.60625
10,258,3.15,9,617.5,56492.606944444444
12,275,3.13,9,617.5,56492.60763888889
11,262,3.12,9,617.5,56492.60833333333
10,280,3.12,9,617.5,56492.60902777778
9,295,3.12,9,617.5,56492.60972222222
9,273,3.12,9,617.5,56492.61041666667
9,276,3.11,9,617.5,56492.61111111111
10,277,3.09,9,617.5,56492.611805555556
8,284,3.09,9,617.5,56492.6125
8,294,3.07,9,617.5,56492.61319444444
8,289,3.05,9,617.5,56492.61388888889
8,290,3.03,9,617.5,56492.614583333336
8,284,3.0,9,617.5,56492.615277777775
8,283,2.97,9,617.5,56492.61597222222
8,290,2.96,9,617.6,56492.61666666667
9,291,2.94,9,617.6,56492.61736111111
8,285,2.92,9,617.6,56492.618055555555
8,293,2.91,9,617.6,56492.61875
10,298,2.89,9,617.6,56492.61944444444
10,296,2.88,9,617.6,56492.62013888889
9,296,2.88,9,617.6,56492.620833333334
9,297,2.88,9,617.6,56492.62152777778
8,300,2.87,9,617.6,56492.62222222222
10,300,2.88,9,617.6,56492.62291666667
9,293,2.9,9,617.6,56492.623611111114
9,276,2.91,9,617.6,56492.62430555555
10,296,2.91,9,617.6,56492.625
9,276,2.91,9,617.6,56492.62569444445
10,285,2.91,9,617.6,56492.626388888886
11,288,2.91,9,617.6,56492.62708333333
9,293,2.91,9,617.6,56492.62777777778
9,290,2.9,9,617.6,56492.62847222222
10,286,2.89,9,617.6,56492.629166666666
11,294,2.88,9,617.6,56492.62986111111
13,290,2.89,9,617.6,56492.63055555556
12,298,2.89,9,617.6,56492.63125
12,298,2.91,9,617.6,56492.631944444445
12,287,2.93,9,617.6,56492.63263888889
12,298,2.94,9,617.6,56492.63333333333
12,302,2.96,9,617.6,56492.63402777778
12,298,3.01,9,617.6,56492.634722222225
13,292,3.07,9,617.6,56492.635416666664
12,296,3.11,9,617.6,56492.63611111111
11,293,3.14,9,617.6,56492.63680555556
12,292,3.17,9,617.6,56492.6375
12,291,3.18,9,617.6,56492.638194444444
12,300,3.18,9,617.6,56492.63888888889
14,304,3.2,9,617.6,56492.63958333333
15,304,3.26,9,617.6,56492.64027777778
14,297,3.33,9,617.6,56492.64097222222
12,295,3.34,9,617.6,56492.64166666667
14,301,3.36,9,617.6,56492.64236111111
14,291,3.42,9,617.7,56492.643055555556
13,296,3.43,9,617.7,56492.64375
12,305,3.45,9,617.7,56492.64444444444
13,304,3.45,9,617.7,56492.64513888889
13,305,3.49,9,617.7,56492.645833333336
13,302,3.53,9,617.7,56492.646527777775
13,303,3.57,9,617.7,56492.64722222222
12,301,3.61,9,617.8,56492.64791666667
12,306,3.65,9,617.8,56492.64861111111
13,301,3.71,9,617.8,56492.649305555555
13,307,3.76,9,617.8,56492.65
13,299,3.82,9,617.8,56492.65069444444
13,307,3.88,9,617.8,56492.65138888889
13,307,3.95,8,617.8,56492.652083333334
12,306,4.0,8,617.8,56492.65277777778
12,304,4.07,8,617.8,56492.65347222222
13,305,4.12,8,617.8,56492.65416666667
12,292,4.16,8,617.8,56492.654861111114
12,303,4.16,8,617.8,56492.65555555555
13,301,4.17,8,617.8,56492.65625
15,293,4.19,9,617.8,56492.65694444445
11,290,4.19,9,617.8,56492.657638888886
12,280,4.15,9,617.8,56492.65833333333
12,292,4.12,9,617.8,56492.65902777778
13,291,4.07,9,617.8,56492.65972222222
11,290,4.02,9,617.8,56492.660416666666
11,294,3.97,9,617.8,56492.66111111111
11,289,3.92,9,617.8,56492.66180555556
10,287,3.88,9,617.8,56492.6625
10,297,3.83,9,617.9,56492.663194444445
12,300,3.79,10,617.9,56492.66388888889
13,301,3.77,10,617.9,56492.66458333333
13,299,3.76,10,617.9,56492.66527777778
12,298,3.76,10,617.9,56492.665972222225
11,293,3.76,10,617.9,56492.666666666664
11,297,3.75,10,617.9,56492.66736111111
12,302,3.77,10,617.9,56492.66805555556
11,303,3.81,10,617.9,56492.66875
12,308,3.86,10,617.9,56492.669444444444
10,306,3.92,10,617.9,56492.67013888889
11,311,3.97,10,617.9,56492.67083333333
11,310,4.04,9,617.9,56492.67152777778
10,304,4.09,9,618.0,56492.67222222222
11,309,4.15,9,618.0,56492.67291666667
11,310,4.21,9,618.0,56492.67361111111
10,309,4.27,9,618.0,56492.674305555556
10,307,4.32,9,618.0,56492.675
10,314,4.37,9,618.0,56492.67569444444
10,310,4.43,9,618.0,56492.67638888889
10,310,4.48,9,618.0,56492.677083333336
11,310,4.53,9,618.0,56492.677777777775
11,308,4.58,9,618.0,56492.67847222222
11,306,4.63,9,618.0,56492.67916666667
10,305,4.68,9,618.0,56492.67986111111
11,310,4.72,9,618.0,56492.680555555555
10,309,4.77,9,618.0,56492.68125
11,309,4.81,9,618.0,56492.68194444444
11,309,4.86,9,618.0,56492.68263888889
10,310,4.9,9,618.0,56492.683333333334
11,305,4.94,9,618.0,56492.68402777778
11,309,4.98,9,618.0,56492.68472222222
10,306,5.01,9,618.0,56492.68541666667
10,309,5.05,9,618.0,56492.686111111114
10,313,5.08,9,618.1,56492.68680555555
10,311,5.1,9,618.1,56492.6875
10,310,5.13,9,618.1,56492.68819444445
10,307,5.16,8,618.1,56492.688888888886
10,309,5.18,8,618.1,56492.68958333333
10,304,5.21,8,618.1,56492.69027777778
11,303,5.23,9,618.1,56492.69097222222
10,309,5.26,8,618.1,56492.691666666666
11,301,5.28,8,618.1,56492.69236111111
10,307,5.3,8,618.1,56492.69305555556
10,309,5.32,9,618.1,56492.69375
10,305,5.34,9,618.1,56492.694444444445
10,309,5.37,9,618.1,56492.69513888889
10,309,5.38,9,618.1,56492.69583333333
10,302,5.41,9,618.1,56492.69652777778
10,302,5.42,9,618.2,56492.697222222225
10,309,5.43,9,618.2,56492.697916666664
11,309,5.45,9,618.2,56492.69861111111
10,309,5.46,10,618.2,56492.69930555556
9,308,5.46,9,618.2,56492.7
11,301,5.47,10,618.2,56492.700694444444
12,298,5.47,10,618.2,56492.70138888889
11,307,5.49,10,618.2,56492.70208333333
11,303,5.51,9,618.2,56492.70277777778
11,301,5.54,9,618.2,56492.70347222222
10,300,5.56,10,618.2,56492.70416666667
11,306,5.58,10,618.2,56492.70486111111
11,306,5.61,10,618.2,56492.705555555556
11,301,5.63,10,618.2,56492.70625
11,305,5.65,10,618.2,56492.70694444444
11,305,5.67,9,618.2,56492.70763888889
11,309,5.69,9,618.2,56492.708333333336
10,309,5.71,9,618.2,56492.709027777775
10,309,5.72,9,618.2,56492.70972222222
10,305,5.73,10,618.2,56492.71041666667
11,312,5.75,10,618.3,56492.71111111111
10,310,5.77,10,618.3,56492.711805555555
10,307,5.78,10,618.3,56492.7125
10,315,5.8,11,618.3,56492.71319444444
10,310,5.81,11,618.3,56492.71388888889
11,304,5.82,11,618.3,56492.714583333334
11,318,5.84,10,618.3,56492.71527777778
11,311,5.84,10,618.2,56492.71597222222
11,316,5.84,10,618.2,56492.71666666667
11,301,5.86,11,618.2,56492.717361111114
11,306,5.86,10,618.2,56492.71805555555
12,302,5.87,10,618.2,56492.71875
13,308,5.88,11,618.2,56492.71944444445
12,310,5.9,11,618.2,56492.720138888886
13,309,5.93,11,618.3,56492.72083333333
13,309,5.96,11,618.3,56492.72152777778
12,293,5.97,11,618.3,56492.72222222222
12,302,5.99,12,618.3,56492.722916666666
12,309,6.02,12,618.3,56492.72361111111
11,308,6.04,12,618.3,56492.72430555556
11,307,6.05,12,618.3,56492.725
11,316,6.08,13,618.3,56492.725694444445
11,311,6.1,13,618.3,56492.72638888889
10,320,6.11,13,618.3,56492.72708333333
11,316,6.12,13,618.4,56492.72777777778
10,317,6.13,12,618.4,56492.728472222225
9,313,6.12,11,618.4,56492.729166666664
9,317,6.13,10,618.4,56492.72986111111
10,315,6.14,12,618.4,56492.73055555556
9,312,6.14,12,618.4,56492.73125
9,310,6.14,12,618.4,56492.731944444444
8,301,6.15,12,618.4,56492.73263888889
9,313,6.15,13,618.4,56492.73333333333
8,305,6.17,13,618.4,56492.73402777778
9,300,6.17,13,618.4,56492.73472222222
9,303,6.18,14,618.4,56492.73541666667
8,302,6.18,14,618.4,56492.73611111111
9,301,6.18,13,618.5,56492.736805555556
9,299,6.19,14,618.5,56492.7375
9,301,6.2,15,618.5,56492.73819444444
9,306,6.21,15,618.5,56492.73888888889
9,314,6.22,16,618.5,56492.739583333336
8,306,6.22,16,618.5,56492.740277777775
8,293,6.23,16,618.5,56492.74097222222
9,319,6.21,16,618.5,56492.74166666667
9,308,6.21,16,618.6,56492.74236111111
10,298,6.23,16,618.6,56492.743055555555
8,311,6.22,16,618.6,56492.74375
8,306,6.21,15,618.6,56492.74444444444
8,313,6.22,16,618.6,56492.74513888889
9,307,6.24,16,618.6,56492.745833333334
9,312,6.26,16,618.6,56492.74652777778
9,311,6.28,16,618.6,56492.74722222222
8,320,6.3,16,618.6,56492.74791666667
7,326,6.31,15,618.6,56492.748611111114
9,310,6.33,15,618.6,56492.74930555555
6,293,6.33,15,618.6,56492.75
9,296,6.33,15,618.6,56492.75069444445
6,316,6.33,15,618.6,56492.751388888886
6,296,6.33,15,618.6,56492.75208333333
8,310,6.35,15,618.6,56492.75277777778
5,302,6.35,15,618.7,56492.75347222222
5,341,6.35,15,618.7,56492.754166666666
5,322,6.36,15,618.7,56492.75486111111
6,332,6.38,15,618.7,56492.75555555556
6,318,6.41,14,618.7,56492.75625
5,303,6.45,14,618.7,56492.756944444445
7,331,6.46,15,618.7,56492.75763888889
6,307,6.48,15,618.7,56492.75833333333
5,316,6.51,15,618.7,56492.75902777778
5,225,6.53,15,618.7,56492.759722222225
7,316,6.57,15,618.7,56492.760416666664
9,313,6.62,15,618.7,56492.76111111111
9,311,6.68,14,618.7,56492.76180555556
7,307,6.73,14,618.7,56492.7625
6,310,6.76,14,618.7,56492.763194444444
10,313,6.81,14,618.7,56492.76388888889
8,307,6.87,14,618.7,56492.76458333333
6,297,6.89,14,618.7,56492.76527777778
7,303,6.91,14,618.7,56492.76597222222
10,311,6.95,14,618.7,56492.76666666667
6,296,6.97,14,618.7,56492.76736111111
6,271,6.97,14,618.7,56492.768055555556
7,279,6.99,14,618.8,56492.76875
7,327,7.0,14,618.8,56492.76944444444
7,26,7.01,14,618.8,56492.77013888889
3,316,7.0,14,618.8,56492.770833333336
3,37,7.03,14,618.8,56492.771527777775
5,329,7.04,14,618.8,56492.77222222222
7,318,7.07,14,618.8,56492.77291666667
7,310,7.1,14,618.8,56492.77361111111
7,311,7.14,14,618.8,56492.774305555555
7,317,7.17,14,618.8,56492.775
6,312,7.19,14,618.8,56492.77569444444
5,304,7.21,14,618.8,56492.77638888889
5,315,7.22,14,618.8,56492.777083333334
6,306,7.24,14,618.8,56492.77777777778
8,311,7.28,14,618.8,56492.77847222222
10,301,7.33,14,618.8,56492.77916666667
10,312,7.4,14,618.8,56492.779861111114
7,311,7.43,14,618.9,56492.78055555555
5,276,7.46,14,618.9,56492.78125
6,342,7.48,14,618.8,56492.78194444445
8,333,7.53,14,618.9,56492.782638888886
8,310,7.57,14,618.9,56492.78333333333
8,300,7.63,14,618.9,56492.78402777778
8,317,7.66,14,618.9,56492.78472222222
10,305,7.72,14,618.9,56492.785416666666
10,318,7.77,13,618.9,56492.78611111111
9,298,7.8,13,618.9,56492.78680555556
7,280,7.81,13,618.9,56492.7875
5,335,7.82,13,618.9,56492.788194444445
8,302,7.83,14,618.9,56492.78888888889
10,324,7.87,14,618.9,56492.78958333333
9,311,7.88,14,618.9,56492.79027777778
8,309,7.91,14,618.9,56492.790972222225
7,311,7.92,14,618.9,56492.791666666664
13,324,7.98,14,618.8,56492.79236111111
9,4,8.01,14,618.9,56492.79305555556
6,289,8.02,14,618.8,56492.79375
9,330,8.06,14,618.8,56492.794444444444
6,256,8.09,14,618.8,56492.79513888889
8,317,8.15,14,618.8,56492.79583333333
11,304,8.23,14,618.9,56492.79652777778
12,298,8.28,14,618.9,56492.79722222222
10,312,8.33,14,618.9,56492.79791666667
9,284,8.4,13,618.9,56492.79861111111
8,307,8.42,13,618.9,56492.799305555556
9,311,8.45,14,618.9,56492.8
12,296,8.49,15,618.9,56492.80069444444
11,276,8.5,16,618.9,56492.80138888889
8,289,8.49,17,618.8,56492.802083333336
13,346,8.52,24,618.8,56492.802777777775
11,308,8.52,21,618.8,56492.80347222222
6,326,8.52,19,618.8,56492.80416666667
7,293,8.53,17,618.8,56492.80486111111
10,313,8.55,15,618.8,56492.805555555555
13,345,8.58,14,618.8,56492.80625
12,281,8.64,14,618.8,56492.80694444444
7,331,8.63,15,618.8,56492.80763888889
7,308,8.62,15,618.8,56492.808333333334
12,327,8.68,14,618.9,56492.80902777778
10,330,8.7,13,618.9,56492.80972222222
10,313,8.75,14,618.9,56492.81041666667
9,305,8.78,14,618.9,56492.811111111114
7,287,8.8,14,618.9,56492.81180555555
6,319,8.8,14,618.9,56492.8125
11,304,8.84,14,618.9,56492.81319444445
9,345,8.85,14,618.9,56492.813888888886
7,345,8.87,15,619.0,56492.81458333333
3,303,8.87,15,619.0,56492.81527777778
2,320,8.86,15,619.0,56492.81597222222
1,320,8.84,14,619.0,56492.816666666666
3,337,8.87,14,619.0,56492.81736111111
6,298,8.92,14,619.0,56492.81805555556
5,288,8.92,15,619.0,56492.81875
6,271,8.92,15,619.0,56492.819444444445
4,245,8.87,16,619.0,56492.82013888889
3,316,8.89,16,619.0,56492.82083333333
3,289,8.91,15,619.0,56492.82152777778
3,327,8.91,15,618.9,56492.822222222225
6,288,8.96,17,618.9,56492.822916666664
8,313,8.98,19,618.9,56492.82361111111
9,288,9.01,18,618.9,56492.82430555556
9,336,9.04,17,618.9,56492.825
13,287,9.12,18,618.9,56492.825694444444
13,269,9.17,21,619.0,56492.82638888889
13,277,9.21,20,618.9,56492.82708333333
13,289,9.25,18,618.9,56492.82777777778
11,278,9.29,17,618.9,56492.82847222222
12,289,9.31,17,618.9,56492.82916666667
15,284,9.37,26,619.0,56492.82986111111
14,278,9.42,27,618.9,56492.830555555556
13,279,9.46,27,619.0,56492.83125
10,305,9.48,30,619.0,56492.83194444444
13,277,9.57,31,619.0,56492.83263888889
11,281,9.59,30,619.0,56492.833333333336
12,242,9.6,26,619.0,56492.834027777775
9,278,9.62,25,619.0,56492.83472222222
7,275,9.65,29,619.0,56492.83541666667
6,299,9.66,29,619.0,56492.83611111111
6,313,9.68,30,619.0,56492.836805555555
10,305,9.73,29,619.0,56492.8375
14,298,9.82,26,619.0,56492.83819444444
17,266,9.87,27,618.9,56492.83888888889
17,251,9.84,25,619.0,56492.839583333334
13,291,9.81,27,619.0,56492.84027777778
10,324,9.8,23,619.0,56492.84097222222
10,281,9.8,20,619.0,56492.84166666667
5,221,9.79,22,619.0,56492.842361111114
2,351,9.78,20,619.0,56492.84305555555
0,308,9.79,19,619.1,56492.84375
1,71,9.8,18,619.1,56492.84444444445
2,79,9.83,21,619.0,56492.845138888886
3,297,9.85,24,619.0,56492.84583333333
10,306,9.93,19,619.0,56492.84652777778
9,289,10.01,18,619.0,56492.84722222222
9,345,10.08,19,619.0,56492.847916666666
11,219,10.17,24,619.1,56492.84861111111
7,202,10.22,26,619.1,56492.84930555556
2,109,10.26,23,619.0,56492.85
4,207,10.31,31,619.0,56492.850694444445
4,154,10.35,27,618.9,56492.85138888889
7,110,10.4,28,618.9,56492.85208333333
13,79,10.47,34,619.0,56492.85277777778
7,38,10.53,34,619.0,56492.853472222225
5,73,10.56,30,619.0,56492.854166666664
7,73,10.61,33,619.0,56492.85486111111
6,108,10.65,33,619.0,56492.85555555556
2,250,10.66,30,619.0,56492.85625
6,225,10.7,30,618.8,56492.856944444444
16,0,10.75,30,618.7,56492.85763888889
14,100,10.85,30,618.9,56492.85833333333
7,89,10.88,32,619.0,56492.85902777778
5,117,10.91,33,619.0,56492.85972222222
1,92,10.93,32,619.0,56492.86041666667
3,82,10.97,32,619.0,56492.86111111111
11,92,11.0,32,618.9,56492.861805555556
8,60,11.03,31,619.0,56492.8625
5,124,11.05,32,619.0,56492.86319444444
7,70,11.08,34,619.0,56492.86388888889
14,98,11.11,35,618.9,56492.864583333336
14,93,11.12,36,618.9,56492.865277777775
11,69,11.08,33,618.9,56492.86597222222
8,98,11.06,33,619.0,56492.86666666667
5,140,11.03,34,619.0,56492.86736111111
7,115,10.97,34,619.0,56492.868055555555
8,93,10.92,34,618.9,56492.86875
6,70,10.87,34,618.9,56492.86944444444
11,67,10.83,33,618.9,56492.87013888889
12,84,10.79,33,618.9,56492.870833333334
10,69,10.78,33,619.0,56492.87152777778
8,66,10.78,33,619.0,56492.87222222222
5,82,10.76,33,619.0,56492.87291666667
4,60,10.75,33,619.0,56492.873611111114
6,64,10.75,33,619.0,56492.87430555555
11,87,10.74,33,619.0,56492.875
12,59,10.75,33,619.0,56492.87569444445
11,72,10.78,34,619.0,56492.876388888886
12,76,10.8,33,619.0,56492.87708333333
11,51,10.79,33,619.0,56492.87777777778
12,77,10.87,33,619.0,56492.87847222222
14,93,10.87,29,619.0,56492.879166666666
14,87,10.82,29,619.0,56492.87986111111
12,112,10.8,29,619.0,56492.88055555556
13,70,10.77,29,619.0,56492.88125
13,59,10.74,29,619.0,56492.881944444445
11,97,10.73,29,619.0,56492.88263888889
11,73,10.67,31,619.0,56492.88333333333
11,42,10.66,31,619.0,56492.88402777778
9,75,10.68,31,619.0,56492.884722222225
10,50,10.68,31,619.0,56492.885416666664
8,80,10.71,31,619.0,56492.88611111111
12,90,10.69,30,618.9,56492.88680555556
12,78,10.69,31,618.9,56492.8875
11,59,10.66,30,618.9,56492.888194444444
5,100,10.65,30,618.9,56492.88888888889
10,59,10.65,31,618.9,56492.88958333333
15,37,10.75,32,618.9,56492.89027777778
13,62,10.86,31,618.9,56492.89097222222
11,60,10.96,30,618.9,56492.89166666667
9,73,11.05,31,618.9,56492.89236111111
16,65,11.15,36,618.9,56492.893055555556
17,75,11.25,43,618.9,56492.89375
15,68,11.33,38,618.9,56492.89444444444
12,49,11.35,38,618.9,56492.89513888889
13,54,11.46,39,618.9,56492.895833333336
9,78,11.52,37,619.0,56492.896527777775
10,65,11.56,38,619.0,56492.89722222222
7,91,11.57,35,619.0,56492.89791666667
4,77,11.54,35,619.0,56492.89861111111
13,77,11.51,33,618.9,56492.899305555555
14,127,11.46,32,618.9,56492.9
13,132,11.39,32,618.9,56492.90069444444
9,125,11.34,33,618.9,56492.90138888889
12,78,11.29,33,618.9,56492.902083333334
10,76,11.25,33,618.9,56492.90277777778
9,63,11.24,33,618.9,56492.90347222222
11,77,11.23,34,618.9,56492.90416666667
9,108,11.21,34,618.9,56492.904861111114
8,109,11.17,34,619.0,56492.90555555555
4,151,11.14,35,619.0,56492.90625
2,116,11.12,35,618.9,56492.90694444445
1,98,11.11,36,618.9,56492.907638888886
6,61,11.09,35,618.9,56492.90833333333
9,76,11.07,36,618.9,56492.90902777778
6,185,11.06,36,618.9,56492.90972222222
3,55,11.06,37,618.9,56492.910416666666
3,237,11.07,43,619.0,56492.91111111111
1,32,11.07,45,619.0,56492.91180555556
0,353,11.06,46,619.0,56492.9125
1,46,11.08,44,618.9,56492.913194444445
7,82,11.11,42,618.9,56492.91388888889
8,76,11.09,40,618.9,56492.91458333333
6,77,11.08,41,618.9,56492.91527777778
8,96,11.07,43,618.9,56492.915972222225
7,85,11.05,44,618.9,56492.916666666664
2,41,11.0,44,618.9,56492.91736111111
7,76,10.97,44,618.9,56492.91805555556
9,85,10.96,45,618.9,56492.91875
7,76,10.93,45,618.9,56492.919444444444
8,47,10.94,43,618.9,56492.92013888889
15,89,10.94,44,618.8,56492.92083333333
16,87,10.88,42,618.8,56492.92152777778
16,60,10.84,44,618.8,56492.92222222222
13,69,10.85,43,618.8,56492.92291666667
14,70,10.81,45,618.8,56492.92361111111
13,82,10.76,44,618.8,56492.924305555556
11,131,10.69,44,618.8,56492.925
13,87,10.59,43,618.8,56492.92569444444
12,119,10.47,43,618.8,56492.92638888889
10,89,10.38,46,618.8,56492.927083333336
5,82,10.3,47,618.8,56492.927777777775
7,89,10.2,46,618.8,56492.92847222222
11,99,10.09,45,618.8,56492.92916666667
9,89,9.98,45,618.8,56492.92986111111
7,83,9.87,45,618.8,56492.930555555555
6,95,9.77,45,618.8,56492.93125
5,66,9.69,46,618.8,56492.93194444444
7,57,9.67,47,618.9,56492.93263888889
5,36,9.64,47,618.9,56492.933333333334
2,59,9.61,48,618.9,56492.93402777778
7,55,9.58,48,618.8,56492.93472222222
9,37,9.64,47,618.8,56492.93541666667
7,72,9.71,46,618.8,56492.936111111114
6,151,9.73,46,618.8,56492.93680555555
4,70,9.75,45,618.8,56492.9375
8,60,9.85,45,618.8,56492.93819444445
8,131,9.94,44,618.8,56492.938888888886
7,111,10.0,43,618.8,56492.93958333333
3,108,10.03,43,618.8,56492.94027777778
3,88,10.11,43,618.8,56492.94097222222
8,64,10.24,44,618.8,56492.941666666666
12,36,10.38,46,618.8,56492.94236111111
12,58,10.53,46,618.8,56492.94305555556
15,60,10.74,46,618.8,56492.94375
14,60,11.01,44,618.8,56492.944444444445
8,53,11.17,43,618.8,56492.94513888889
3,65,11.2,43,618.8,56492.94583333333
3,48,11.32,43,618.8,56492.94652777778
5,87,11.39,42,618.8,56492.947222222225
7,89,11.42,40,618.8,56492.947916666664
4,113,11.41,40,618.8,56492.94861111111
3,111,11.38,39,618.8,56492.94930555556
5,110,11.39,42,618.8,56492.95
5,78,11.38,42,618.8,56492.950694444444
5,82,11.34,42,618.8,56492.95138888889
3,59,11.3,42,618.8,56492.95208333333
5,124,11.3,43,618.7,56492.95277777778
5,139,11.26,42,618.8,56492.95347222222
4,101,11.22,42,618.8,56492.95416666667
5,123,11.19,43,618.8,56492.95486111111
5,129,11.14,44,618.7,56492.955555555556
6,104,11.08,44,618.7,56492.95625
7,87,11.03,44,618.7,56492.95694444444
9,79,10.97,46,618.7,56492.95763888889
9,107,10.95,46,618.7,56492.958333333336
10,70,10.95,46,618.7,56492.959027777775
12,87,10.94,46,618.6,56492.95972222222
8,99,10.93,46,618.7,56492.96041666667
9,66,10.89,47,618.7,56492.96111111111
7,96,10.86,47,618.7,56492.961805555555
13,93,10.86,51,618.6,56492.9625
11,11,10.85,51,618.6,56492.96319444444
8,59,10.85,49,618.6,56492.96388888889
6,161,10.82,49,618.7,56492.964583333334
5,291,10.85,47,618.6,56492.96527777778
2,79,10.85,47,618.7,56492.96597222222
5,36,10.84,51,618.7,56492.96666666667
9,99,10.86,51,618.7,56492.967361111114
7,85,10.84,51,618.6,56492.96805555555
4,77,10.8,51,618.7,56492.96875
2,0,10.79,50,618.6,56492.96944444445
8,77,10.87,52,618.6,56492.970138888886
6,102,10.86,50,618.6,56492.97083333333
4,86,10.87,51,618.6,56492.97152777778
3,46,10.91,52,618.6,56492.97222222222
4,56,10.96,51,618.6,56492.972916666666
4,76,11.0,50,618.6,56492.97361111111
1,147,11.03,50,618.6,56492.97430555556
2,49,11.08,50,618.6,56492.975
3,74,11.16,51,618.6,56492.975694444445
1,305,11.21,50,618.6,56492.97638888889
6,308,11.29,46,618.6,56492.97708333333
6,55,11.41,44,618.6,56492.97777777778
7,47,11.48,47,618.6,56492.978472222225
5,55,11.6,49,618.6,56492.979166666664
5,56,11.69,50,618.5,56492.97986111111
5,39,11.85,50,618.6,56492.98055555556
5,69,11.97,50,618.5,56492.98125
6,88,12.07,50,618.5,56492.981944444444
4,87,12.13,49,618.5,56492.98263888889
2,90,12.15,49,618.5,56492.98333333333
0,90,12.18,49,618.5,56492.98402777778
0,70,12.24,49,618.5,56492.98472222222
4,73,12.38,48,618.5,56492.98541666667
6,69,12.49,45,618.5,56492.98611111111
6,30,12.58,40,618.5,56492.986805555556
3,79,12.66,37,618.5,56492.9875
1,54,12.68,42,618.5,56492.98819444444
1,10,12.76,41,618.5,56492.98888888889
1,9,12.83,39,618.5,56492.989583333336
5,50,12.91,41,618.5,56492.990277777775
7,72,13.1,49,618.5,56492.99097222222
9,57,13.2,45,618.5,56492.99166666667
9,55,13.3,50,618.4,56492.99236111111
10,62,13.52,51,618.4,56492.993055555555
11,65,13.67,51,618.4,56492.99375
10,81,13.78,51,618.4,56492.99444444444
9,77,13.83,50,618.4,56492.99513888889
7,80,13.83,48,618.4,56492.995833333334
8,70,13.81,48,618.4,56492.99652777778
7,74,13.79,47,618.4,56492.99722222222
8,70,13.73,49,618.4,56492.99791666667
9,72,13.67,47,618.4,56492.998611111114
5,65,13.59,46,618.4,56492.99930555555
6,54,13.53,47,618.4,56493.0
9,71,13.47,49,618.4,56493.00069444445
10,42,13.4,48,618.4,56493.001388888886
8,58,13.35,50,618.3,56493.00208333333
9,81,13.26,50,618.3,56493.00277777778
10,46,13.17,50,618.3,56493.00347222222
10,55,13.11,47,618.3,56493.004166666666
7,49,13.02,46,618.3,56493.00486111111
5,58,12.91,45,618.3,56493.00555555556
5,77,12.85,45,618.3,56493.00625
5,70,12.78,45,618.3,56493.006944444445
7,50,12.81,42,618.3,56493.00763888889
8,38,12.85,39,618.3,56493.00833333333
10,74,12.94,39,618.3,56493.00902777778
7,78,12.94,39,618.3,56493.009722222225
6,71,13.01,39,618.3,56493.010416666664
8,84,13.08,38,618.3,56493.01111111111
9,94,13.15,38,618.3,56493.01180555556
12,76,13.25,38,618.3,56493.0125
12,80,13.35,38,618.3,56493.013194444444
13,73,13.4,41,618.3,56493.01388888889
12,94,13.44,42,618.3,56493.01458333333
10,83,13.44,42,618.3,56493.01527777778
9,73,13.45,43,618.3,56493.01597222222
7,89,13.46,42,618.3,56493.01666666667
5,138,13.41,42,618.3,56493.01736111111
1,145,13.41,42,618.3,56493.018055555556
1,245,13.4,41,618.3,56493.01875
6,113,13.51,38,618.3,56493.01944444444
10,74,13.61,35,618.2,56493.02013888889
11,86,13.72,35,618.2,56493.020833333336
11,65,13.79,33,618.2,56493.021527777775
9,64,13.92,34,618.3,56493.02222222222
5,88,14.01,35,618.3,56493.02291666667
6,87,14.12,32,618.3,56493.02361111111
8,113,14.23,30,618.3,56493.024305555555
8,116,14.28,29,618.3,56493.025
6,138,14.38,29,618.3,56493.02569444444
3,84,14.45,29,618.3,56493.02638888889
4,76,14.5,37,618.3,56493.027083333334
13,52,14.74,41,618.2,56493.02777777778
16,15,15.2,41,618.3,56493.02847222222
7,63,15.4,36,618.3,56493.02916666667
2,66,15.51,35,618.3,56493.029861111114
1,63,15.65,36,618.3,56493.03055555555
2,61,15.81,37,618.3,56493.03125
6,79,16.0,36,618.3,56493.03194444445
5,85,16.06,35,618.3,56493.032638888886
6,55,16.21,35,618.3,56493.03333333333
8,80,16.41,34,618.3,56493.03402777778
7,86,16.46,33,618.3,56493.03472222222
8,77,16.48,33,618.3,56493.035416666666
11,92,16.56,32,618.3,56493.03611111111
5,119,16.5,32,618.3,56493.03680555556
7,59,16.59,32,618.3,56493.0375
4,43,16.63,32,618.2,56493.038194444445
5,75,16.62,32,618.3,56493.03888888889
4,98,16.6,32,618.3,56493.03958333333
4,159,16.68,32,618.2,56493.04027777778
5,352,16.73,32,618.2,56493.040972222225
4,84,16.71,31,618.3,56493.041666666664
6,33,16.79,33,618.2,56493.04236111111
11,189,16.92,30,618.2,56493.04305555556
8,82,17.01,29,618.2,56493.04375
7,98,17.04,31,618.2,56493.044444444444
10,95,17.07,32,618.2,56493.04513888889
15,67,17.06,31,618.2,56493.04583333333
13,85,17.08,32,618.2,56493.04652777778
13,86,16.98,32,618.2,56493.04722222222
9,112,16.86,31,618.2,56493.04791666667
5,115,16.73,30,618.2,56493.04861111111
6,105,16.47,32,618.2,56493.049305555556
8,116,16.35,32,618.2,56493.05
8,106,16.12,31,618.2,56493.05069444444
6,91,15.87,31,618.2,56493.05138888889
4,97,15.64,32,618.2,56493.052083333336
4,65,15.39,32,618.2,56493.052777777775
10,64,15.26,31,618.1,56493.05347222222
11,98,15.13,30,618.1,56493.05416666667
9,83,14.94,30,618.1,56493.05486111111
8,72,14.79,29,618.2,56493.055555555555
5,105,14.64,29,618.2,56493.05625
2,57,14.49,29,618.1,56493.05694444444
8,44,14.52,35,618.1,56493.05763888889
12,81,14.48,34,618.1,56493.058333333334
11,109,14.43,33,618.1,56493.05902777778
9,59,14.4,34,618.1,56493.05972222222
8,95,14.46,36,618.1,56493.06041666667
10,64,14.44,38,618.1,56493.061111111114
10,66,14.55,38,618.1,56493.06180555555
9,81,14.63,39,618.1,56493.0625
7,69,14.63,37,618.2,56493.06319444445
3,76,14.69,37,618.2,56493.063888888886
3,51,14.66,41,618.1,56493.06458333333
8,78,14.75,41,618.1,56493.06527777778
10,74,14.8,40,618.1,56493.06597222222
9,60,14.9,39,618.1,56493.066666666666
8,116,14.96,38,618.1,56493.06736111111
6,117,14.94,38,618.1,56493.06805555556
4,132,15.02,38,618.1,56493.06875
8,160,15.06,35,618.1,56493.069444444445
10,86,15.12,35,618.0,56493.07013888889
10,73,15.11,35,618.1,56493.07083333333
11,93,15.09,33,618.1,56493.07152777778
10,73,15.07,34,618.1,56493.072222222225
14,86,15.1,35,618.1,56493.072916666664
11,90,15.03,32,618.1,56493.07361111111
8,56,14.94,33,618.1,56493.07430555556
9,111,14.88,33,618.1,56493.075
7,82,14.83,32,618.1,56493.075694444444
6,89,14.76,34,618.1,56493.07638888889
10,84,14.72,34,618.1,56493.07708333333
11,75,14.69,33,618.1,56493.07777777778
12,85,14.65,36,618.0,56493.07847222222
12,144,14.58,33,618.0,56493.07916666667
8,112,14.57,32,618.1,56493.07986111111
10,225,14.62,33,618.0,56493.080555555556
6,100,14.67,33,618.0,56493.08125
3,330,14.67,35,618.0,56493.08194444444
3,84,14.68,34,618.1,56493.08263888889
4,65,14.77,34,618.1,56493.083333333336
12,68,14.88,39,618.1,56493.084027777775
17,96,14.89,39,618.1,56493.08472222222
15,80,14.83,38,618.1,56493.08541666667
11,80,14.77,37,618.1,56493.08611111111
11,78,14.7,39,618.1,56493.086805555555
13,73,14.6,38,618.1,56493.0875
10,92,14.5,38,618.1,56493.08819444444
9,69,14.38,38,618.1,56493.08888888889
7,59,14.31,38,618.1,56493.089583333334
4,71,14.24,38,618.1,56493.09027777778
11,94,14.23,38,618.0,56493.09097222222
7,81,14.13,39,618.1,56493.09166666667
9,70,14.14,39,618.0,56493.092361111114
12,62,14.19,36,618.0,56493.09305555555
11,65,14.34,36,618.0,56493.09375
9,84,14.42,36,618.0,56493.09444444445
11,89,14.45,38,618.0,56493.095138888886
11,103,14.47,38,618.0,56493.09583333333
10,126,14.49,39,618.0,56493.09652777778
7,112,14.52,39,618.0,56493.09722222222
8,74,14.49,38,618.0,56493.097916666666
11,95,14.52,37,618.0,56493.09861111111
7,126,14.52,37,618.0,56493.09930555556
6,117,14.5,37,618.0,56493.1
7,91,14.51,36,618.0,56493.100694444445
9,74,14.5,34,618.0,56493.10138888889
7,97,14.5,34,618.0,56493.10208333333
7,79,14.51,33,618.0,56493.10277777778
12,59,14.57,32,618.0,56493.103472222225
10,59,14.67,33,618.0,56493.104166666664
8,96,14.7,31,618.0,56493.10486111111
11,74,14.77,29,618.0,56493.10555555556
11,71,14.85,28,617.9,56493.10625
9,104,14.88,30,618.0,56493.106944444444
8,92,14.89,30,618.0,56493.10763888889
8,88,14.88,32,618.0,56493.10833333333
5,96,14.8,31,618.0,56493.10902777778
2,99,14.76,31,618.0,56493.10972222222
0,35,14.7,31,618.0,56493.11041666667
0,21,14.79,30,618.0,56493.11111111111
3,53,14.87,28,618.0,56493.111805555556
4,14,15.02,25,618.0,56493.1125
2,302,15.16,24,618.0,56493.11319444444
1,125,15.23,25,618.0,56493.11388888889
1,70,15.36,25,618.0,56493.114583333336
7,98,15.47,27,617.9,56493.115277777775
9,81,15.56,27,618.0,56493.11597222222
9,69,15.65,26,618.0,56493.11666666667
7,71,15.74,25,618.0,56493.11736111111
2,66,15.7,26,618.0,56493.118055555555
0,340,15.8,26,618.0,56493.11875
0,313,15.92,24,618.0,56493.11944444444
0,122,16.0,23,618.0,56493.12013888889
0,213,16.11,22,618.0,56493.120833333334
3,311,16.21,19,618.0,56493.12152777778
9,68,16.4,18,618.0,56493.12222222222
3,130,16.46,21,618.0,56493.12291666667
12,83,16.61,22,618.0,56493.123611111114
9,268,16.73,23,618.1,56493.12430555555
2,85,16.71,23,618.0,56493.125
0,68,16.77,23,618.0,56493.12569444445
4,54,16.86,22,618.0,56493.126388888886
6,274,16.88,25,618.1,56493.12708333333
1,275,16.83,27,618.1,56493.12777777778
1,75,16.83,23,618.1,56493.12847222222
3,98,16.84,23,618.1,56493.129166666666
4,105,16.77,24,618.1,56493.12986111111
7,76,16.72,22,618.1,56493.13055555556
9,91,16.69,22,618.0,56493.13125
7,57,16.62,22,618.1,56493.131944444445
4,111,16.53,22,618.1,56493.13263888889
1,110,16.26,23,618.1,56493.13333333333
0,62,16.21,21,618.1,56493.13402777778
0,320,16.23,19,618.1,56493.134722222225
5,336,16.25,16,618.1,56493.135416666664
5,328,16.3,15,618.1,56493.13611111111
5,329,16.32,15,618.1,56493.13680555556
2,22,16.29,16,618.1,56493.1375
0,42,16.25,17,618.1,56493.138194444444
1,328,16.27,20,618.1,56493.13888888889
7,285,16.41,21,618.1,56493.13958333333
8,299,16.47,20,618.1,56493.14027777778
4,322,16.52,18,618.1,56493.14097222222
0,273,16.55,18,618.1,56493.14166666667
0,91,16.5,19,618.1,56493.14236111111
0,72,16.58,19,618.1,56493.143055555556
0,75,16.63,19,618.1,56493.14375
0,81,16.6,19,618.1,56493.14444444444
1,126,16.64,19,618.0,56493.14513888889
4,60,16.69,19,618.1,56493.145833333336
1,59,16.7,19,618.0,56493.146527777775
0,78,16.61,19,618.0,56493.14722222222
0,184,16.63,19,618.0,56493.14791666667
0,193,16.68,19,618.0,56493.14861111111
0,178,16.69,19,618.0,56493.149305555555
0,148,16.6,20,618.0,56493.15
0,150,16.66,21,618.0,56493.15069444444
0,78,16.68,21,618.0,56493.15138888889
0,77,16.67,21,618.1,56493.152083333334
0,77,16.66,21,618.0,56493.15277777778
0,101,16.63,21,618.0,56493.15347222222
0,333,16.66,23,618.1,56493.15416666667
1,269,16.72,25,618.0,56493.154861111114
1,82,16.71,25,618.0,56493.15555555555
0,111,16.75,21,618.0,56493.15625
1,138,16.76,20,618.0,56493.15694444445
1,147,16.74,19,618.0,56493.157638888886
0,147,16.73,19,618.0,56493.15833333333
0,127,16.7,19,618.0,56493.15902777778
0,101,16.59,20,618.0,56493.15972222222
2,80,16.55,19,618.0,56493.160416666666
6,79,16.52,18,618.0,56493.16111111111
7,91,16.41,17,618.0,56493.16180555556
7,75,16.27,16,618.0,56493.1625
5,73,16.14,16,618.0,56493.163194444445
7,66,15.98,16,618.0,56493.16388888889
4,62,15.82,16,618.1,56493.16458333333
3,94,15.65,16,618.1,56493.16527777778
2,83,15.4,16,618.1,56493.165972222225
1,80,15.15,16,618.0,56493.166666666664
1,84,14.9,16,618.1,56493.16736111111
4,88,14.77,15,618.1,56493.16805555556
3,115,14.57,15,618.1,56493.16875
2,102,14.39,15,618.1,56493.169444444444
2,100,14.12,15,618.1,56493.17013888889
0,103,13.96,17,618.1,56493.17083333333
0,103,13.81,20,618.1,56493.17152777778
0,109,13.59,21,618.1,56493.17222222222
0,117,13.41,26,618.1,56493.17291666667
2,118,13.23,29,618.1,56493.17361111111
2,135,13.02,30,618.1,56493.174305555556
0,111,12.81,30,618.1,56493.175
0,105,12.46,27,618.1,56493.17569444444
0,105,12.25,24,618.1,56493.17638888889
0,127,12.09,22,618.1,56493.177083333336
0,127,12.04,20,618.1,56493.177777777775
0,148,11.91,20,618.1,56493.17847222222
0,76,11.76,20,618.1,56493.17916666667
0,70,11.63,21,618.1,56493.17986111111
0,71,11.49,21,618.1,56493.180555555555
0,72,11.28,22,618.1,56493.18125
0,72,11.21,22,618.1,56493.18194444444
0,72,11.21,22,618.1,56493.18263888889
0,72,11.11,22,618.1,56493.183333333334
0,72,11.04,22,618.1,56493.18402777778
0,72,11.01,21,618.1,56493.18472222222
0,72,10.98,21,618.2,56493.18541666667
0,72,10.97,21,618.2,56493.186111111114
0,230,10.99,20,618.2,56493.18680555555
0,230,11.01,21,618.1,56493.1875
1,278,11.02,18,618.2,56493.18819444445
4,319,11.07,16,618.2,56493.188888888886
1,336,11.09,17,618.2,56493.18958333333
0,9,11.11,17,618.2,56493.19027777778
0,251,11.11,17,618.2,56493.19097222222
0,264,11.14,16,618.2,56493.191666666666
0,272,11.15,16,618.2,56493.19236111111
0,278,11.17,17,618.2,56493.19305555556
0,196,11.21,16,618.2,56493.19375
1,229,11.24,15,618.2,56493.194444444445
1,215,11.24,15,618.2,56493.19513888889
0,215,11.24,15,618.2,56493.19583333333
0,215,11.23,16,618.2,56493.19652777778
0,215,11.21,16,618.2,56493.197222222225
0,213,11.13,16,618.2,56493.197916666664
0,119,11.03,16,618.2,56493.19861111111
0,118,10.96,17,618.2,56493.19930555556
0,118,10.91,17,618.3,56493.2
0,84,10.87,17,618.3,56493.200694444444
0,90,10.8,18,618.3,56493.20138888889
0,96,10.74,18,618.3,56493.20208333333
0,125,10.63,19,618.3,56493.20277777778
1,112,10.56,17,618.3,56493.20347222222
0,113,10.43,16,618.3,56493.20416666667
0,116,10.29,18,618.3,56493.20486111111
0,129,10.13,18,618.3,56493.205555555556
0,129,9.93,19,618.3,56493.20625
0,144,9.82,19,618.3,56493.20694444444
0,145,9.73,20,618.3,56493.20763888889
0,145,9.59,20,618.3,56493.208333333336
0,145,9.48,21,618.3,56493.209027777775
0,144,9.34,22,618.3,56493.20972222222
0,145,9.21,21,618.3,56493.21041666667
0,146,9.07,21,618.3,56493.21111111111
0,137,8.94,20,618.3,56493.211805555555
0,142,8.8,20,618.3,56493.2125
0,134,8.68,20,618.3,56493.21319444444
0,135,8.56,20,618.3,56493.21388888889
0,135,8.43,22,618.3,56493.214583333334
0,135,8.28,21,618.3,56493.21527777778
0,135,8.14,20,618.4,56493.21597222222
0,130,8.01,20,618.4,56493.21666666667
0,130,7.83,20,618.4,56493.217361111114
0,130,7.73,21,618.4,56493.21805555555
0,131,7.63,21,618.4,56493.21875
0,131,7.51,22,618.4,56493.21944444445
0,132,7.39,23,618.4,56493.220138888886
0,133,7.27,22,618.4,56493.22083333333
0,134,7.15,21,618.4,56493.22152777778
0,135,7.01,20,618.4,56493.22222222222
0,134,6.84,20,618.4,56493.222916666666
0,136,6.68,20,618.4,56493.22361111111
0,154,6.67,20,618.4,56493.22430555556
0,156,6.58,22,618.4,56493.225
0,178,6.49,24,618.4,56493.225694444445
0,174,6.38,24,618.4,56493.22638888889
0,173,6.26,24,618.4,56493.22708333333
0,173,6.18,24,618.4,56493.22777777778
0,173,6.09,24,618.4,56493.228472222225
0,173,5.99,25,618.4,56493.229166666664
0,174,5.85,25,618.4,56493.22986111111
0,177,5.78,25,618.4,56493.23055555556
0,177,5.73,25,618.4,56493.23125
0,177,5.66,25,618.4,56493.231944444444
0,180,5.58,25,618.4,56493.23263888889
0,182,5.52,25,618.4,56493.23333333333
0,180,5.43,25,618.4,56493.23402777778
0,179,5.36,25,618.4,56493.23472222222
0,176,5.31,25,618.4,56493.23541666667
0,148,5.24,25,618.4,56493.23611111111
0,148,5.17,23,618.4,56493.236805555556
0,148,5.09,22,618.4,56493.2375
0,148,5.01,21,618.4,56493.23819444444
0,148,4.94,21,618.4,56493.23888888889
0,148,4.86,21,618.4,56493.239583333336
0,148,4.8,21,618.4,56493.240277777775
0,148,4.73,21,618.4,56493.24097222222
0,148,4.67,21,618.4,56493.24166666667
0,148,4.62,22,618.4,56493.24236111111
0,148,4.57,22,618.4,56493.243055555555
0,148,4.52,23,618.4,56493.24375
0,148,4.47,23,618.4,56493.24444444444
0,236,4.44,25,618.4,56493.24513888889
0,252,4.39,26,618.4,56493.245833333334
0,253,4.33,27,618.4,56493.24652777778
0,253,4.32,27,618.4,56493.24722222222
0,253,4.29,27,618.4,56493.24791666667
0,252,4.25,27,618.4,56493.248611111114
0,252,4.21,27,618.4,56493.24930555555
0,252,4.17,27,618.4,56493.25
0,252,4.13,27,618.4,56493.25069444445
0,252,4.1,27,618.4,56493.251388888886
0,252,4.05,26,618.5,56493.25208333333
0,252,3.98,27,618.5,56493.25277777778
0,252,3.93,27,618.5,56493.25347222222
0,252,3.93,26,618.5,56493.254166666666
0,252,3.89,26,618.5,56493.25486111111
0,252,3.87,26,618.5,56493.25555555556
0,252,3.84,27,618.5,56493.25625
0,252,3.81,26,618.5,56493.256944444445
0,252,3.78,26,618.5,56493.25763888889
0,252,3.75,25,618.5,56493.25833333333
0,252,3.71,25,618.5,56493.25902777778
0,252,3.68,25,618.5,56493.259722222225
0,245,3.65,24,618.5,56493.260416666664
0,245,3.62,23,618.5,56493.26111111111
0,245,3.59,23,618.5,56493.26180555556
0,228,3.55,23,618.5,56493.2625
0,228,3.51,22,618.5,56493.263194444444
0,229,3.47,23,618.5,56493.26388888889
0,229,3.45,22,618.6,56493.26458333333
0,229,3.42,22,618.6,56493.26527777778
0,229,3.4,22,618.6,56493.26597222222
0,229,3.37,21,618.6,56493.26666666667
0,229,3.34,20,618.6,56493.26736111111
0,229,3.31,20,618.6,56493.268055555556
0,229,3.26,20,618.6,56493.26875
0,228,3.25,20,618.6,56493.26944444444
0,228,3.22,20,618.6,56493.27013888889
0,228,3.2,19,618.6,56493.270833333336
0,228,3.18,18,618.6,56493.271527777775
0,228,3.14,19,618.6,56493.27222222222
0,228,3.11,18,618.6,56493.27291666667
0,227,3.09,18,618.6,56493.27361111111
0,227,3.06,18,618.6,56493.274305555555
0,225,3.03,18,618.6,56493.275
0,216,3.01,17,618.6,56493.27569444444
0,214,2.99,17,618.6,56493.27638888889
0,172,2.96,17,618.6,56493.277083333334
0,173,2.93,16,618.6,56493.27777777778
0,167,2.91,16,618.6,56493.27847222222
0,165,2.88,16,618.6,56493.27916666667
0,163,2.87,16,618.6,56493.279861111114
0,165,2.85,16,618.6,56493.28055555555
0,158,2.82,16,618.7,56493.28125
0,159,2.81,16,618.7,56493.28194444445
0,160,2.79,16,618.7,56493.282638888886
0,160,2.79,16,618.7,56493.28333333333
0,160,2.78,16,618.7,56493.28402777778
0,161,2.76,16,618.7,56493.28472222222
0,194,2.75,16,618.7,56493.285416666666
0,198,2.74,16,618.7,56493.28611111111
0,197,2.72,16,618.7,56493.28680555556
0,236,2.72,16,618.6,56493.2875
0,235,2.7,16,618.7,56493.288194444445
0,214,2.7,16,618.6,56493.28888888889
0,215,2.69,16,618.6,56493.28958333333
0,223,2.68,16,618.6,56493.29027777778
0,226,2.67,16,618.6,56493.290972222225
0,225,2.66,16,618.6,56493.291666666664
0,148,2.65,16,618.6,56493.29236111111
0,197,2.64,16,618.6,56493.29305555556
0,138,2.64,16,618.6,56493.29375
0,208,2.63,16,618.6,56493.294444444444
0,240,2.63,16,618.6,56493.29513888889
0,242,2.63,16,618.6,56493.29583333333
0,237,2.62,16,618.6,56493.29652777778
0,237,2.61,16,618.6,56493.29722222222
0,237,2.6,16,618.6,56493.29791666667
0,237,2.6,16,618.6,56493.29861111111
0,236,2.6,16,618.6,56493.299305555556
0,173,2.58,16,618.6,56493.3
0,283,2.58,16,618.6,56493.30069444444
0,235,2.57,16,618.6,56493.30138888889
0,239,2.57,16,618.7,56493.302083333336
0,229,2.57,16,618.7,56493.302777777775
1,214,2.57,15,618.7,56493.30347222222
1,213,2.57,15,618.7,56493.30416666667
3,225,2.59,15,618.7,56493.30486111111
2,237,2.61,15,618.7,56493.305555555555
3,228,2.63,15,618.7,56493.30625
3,229,2.65,15,618.7,56493.30694444444
4,232,2.69,15,618.7,56493.30763888889
4,241,2.74,16,618.7,56493.308333333334
3,233,2.78,16,618.7,56493.30902777778
3,228,2.82,16,618.7,56493.30972222222
2,228,2.85,16,618.7,56493.31041666667
1,222,2.88,17,618.7,56493.311111111114
0,223,2.91,18,618.7,56493.31180555555
0,224,2.94,17,618.7,56493.3125
0,225,2.95,18,618.7,56493.31319444445
0,227,2.97,18,618.7,56493.313888888886
0,227,2.99,18,618.7,56493.31458333333
0,231,3.01,19,618.7,56493.31527777778
0,231,3.03,19,618.7,56493.31597222222
0,228,3.05,19,618.7,56493.316666666666
0,231,3.06,19,618.7,56493.31736111111
0,231,3.07,18,618.7,56493.31805555556
0,227,3.08,18,618.7,56493.31875
0,231,3.09,18,618.7,56493.319444444445
0,231,3.09,18,618.7,56493.32013888889
0,230,3.1,18,618.7,56493.32083333333
0,234,3.11,19,618.7,56493.32152777778
0,234,3.12,19,618.7,56493.322222222225
0,229,3.12,19,618.7,56493.322916666664
0,229,3.12,19,618.7,56493.32361111111
0,228,3.12,18,618.7,56493.32430555556
0,229,3.12,18,618.7,56493.325
0,230,3.12,19,618.7,56493.325694444444
0,229,3.12,19,618.7,56493.32638888889
0,228,3.12,19,618.7,56493.32708333333
0,231,3.12,19,618.7,56493.32777777778
0,233,3.12,19,618.7,56493.32847222222
1,233,3.12,19,618.7,56493.32916666667
2,233,3.12,19,618.7,56493.32986111111
3,234,3.15,19,618.7,56493.330555555556
3,233,3.15,19,618.7,56493.33125
3,232,3.17,19,618.7,56493.33194444444
3,232,3.18,19,618.7,56493.33263888889
3,233,3.21,19,618.8,56493.333333333336
3,233,3.22,19,618.8,56493.334027777775
3,232,3.24,19,618.8,56493.33472222222
3,228,3.26,19,618.8,56493.33541666667
2,227,3.28,19,618.8,56493.33611111111
1,230,3.28,19,618.8,56493.336805555555
0,228,3.28,19,618.8,56493.3375
0,223,3.28,19,618.8,56493.33819444444
0,222,3.28,18,618.8,56493.33888888889
0,219,3.27,18,618.8,56493.339583333334
0,225,3.27,18,618.8,56493.34027777778
0,217,3.25,18,618.8,56493.34097222222
0,216,3.24,18,618.8,56493.34166666667
0,218,3.24,18,618.8,56493.342361111114
0,222,3.22,18,618.8,56493.34305555555
1,230,3.22,18,618.8,56493.34375
0,227,3.21,18,618.8,56493.34444444445
1,212,3.21,18,618.8,56493.345138888886
0,225,3.21,18,618.8,56493.34583333333
0,224,3.2,18,618.8,56493.34652777778
0,224,3.2,18,618.8,56493.34722222222
0,217,3.19,18,618.8,56493.347916666666
0,223,3.19,18,618.8,56493.34861111111
1,219,3.18,19,618.8,56493.34930555556
1,219,3.18,19,618.8,56493.35
2,219,3.18,19,618.8,56493.350694444445
2,220,3.17,19,618.8,56493.35138888889
1,214,3.16,19,618.8,56493.35208333333
1,220,3.16,19,618.8,56493.35277777778
1,230,3.15,19,618.8,56493.353472222225
1,229,3.15,19,618.8,56493.354166666664
1,231,3.16,19,618.8,56493.35486111111
1,222,3.16,19,618.8,56493.35555555556
1,225,3.18,19,618.8,56493.35625
0,227,3.17,18,618.8,56493.356944444444
0,226,3.16,18,618.8,56493.35763888889
0,215,3.15,18,618.8,56493.35833333333
0,212,3.15,18,618.8,56493.35902777778
0,233,3.15,18,618.8,56493.35972222222
1,235,3.15,19,618.8,56493.36041666667
1,224,3.13,19,618.7,56493.36111111111
1,230,3.12,19,618.7,56493.361805555556
1,228,3.12,19,618.7,56493.3625
1,222,3.11,19,618.7,56493.36319444444
0,221,3.1,19,618.7,56493.36388888889
0,223,3.09,19,618.7,56493.364583333336
0,224,3.08,19,618.7,56493.365277777775
1,222,3.06,19,618.7,56493.36597222222
0,222,3.06,19,618.7,56493.36666666667
0,222,3.06,19,618.7,56493.36736111111
0,228,3.06,19,618.7,56493.368055555555
0,220,3.06,19,618.7,56493.36875
0,227,3.05,19,618.7,56493.36944444444
0,223,3.04,19,618.7,56493.37013888889
0,225,3.04,19,618.7,56493.370833333334
0,227,3.04,19,618.7,56493.37152777778
0,231,3.04,19,618.7,56493.37222222222
0,227,3.04,19,618.7,56493.37291666667
1,228,3.05,19,618.7,56493.373611111114
1,228,3.05,19,618.7,56493.37430555555
0,228,3.05,19,618.7,56493.375
0,220,3.04,19,618.7,56493.37569444445
0,220,3.03,19,618.7,56493.376388888886
0,221,3.03,19,618.7,56493.37708333333
0,225,3.03,19,618.7,56493.37777777778
0,226,3.02,19,618.7,56493.37847222222
0,230,3.02,19,618.7,56493.379166666666
0,227,3.02,19,618.7,56493.37986111111
0,225,3.01,19,618.7,56493.38055555556
0,222,3.0,19,618.7,56493.38125
0,221,3.0,19,618.7,56493.381944444445
0,221,3.0,19,618.7,56493.38263888889
0,222,2.99,19,618.7,56493.38333333333
0,223,2.99,20,618.6,56493.38402777778
0,223,2.98,20,618.6,56493.384722222225
0,225,2.99,20,618.6,56493.385416666664
0,225,3.0,20,618.6,56493.38611111111
1,226,3.0,20,618.6,56493.38680555556
2,225,3.01,20,618.6,56493.3875
2,225,3.03,20,618.6,56493.388194444444
3,228,3.03,20,618.6,56493.38888888889
3,228,3.04,20,618.6,56493.38958333333
4,230,3.04,20,618.6,56493.39027777778
4,230,3.04,20,618.6,56493.39097222222
4,231,3.03,20,618.6,56493.39166666667
5,234,3.03,20,618.6,56493.39236111111
5,243,3.02,20,618.6,56493.393055555556
4,243,3.02,19,618.6,56493.39375
4,242,3.02,19,618.6,56493.39444444444
4,240,3.02,19,618.6,56493.39513888889
5,241,3.01,20,618.6,56493.395833333336
5,240,3.01,20,618.6,56493.396527777775
6,240,3.03,20,618.6,56493.39722222222
6,241,3.03,20,618.6,56493.39791666667
6,238,3.04,20,618.6,56493.39861111111
7,240,3.06,20,618.6,56493.399305555555
8,243,3.06,20,618.6,56493.4
8,245,3.06,20,618.6,56493.40069444444
8,245,3.06,20,618.6,56493.40138888889
8,243,3.06,20,618.5,56493.402083333334
7,241,3.06,20,618.5,56493.40277777778
7,233,3.07,20,618.5,56493.40347222222
5,232,3.09,20,618.5,56493.40416666667
6,232,3.12,20,618.5,56493.404861111114
6,231,3.15,20,618.5,56493.40555555555
6,235,3.18,20,618.5,56493.40625
7,232,3.22,20,618.5,56493.40694444445
7,235,3.27,20,618.5,56493.407638888886
6,234,3.3,20,618.5,56493.40833333333
6,233,3.33,20,618.5,56493.40902777778
6,234,3.36,20,618.5,56493.40972222222
6,236,3.38,20,618.4,56493.410416666666
6,235,3.41,20,618.4,56493.41111111111
7,238,3.45,20,618.4,56493.41180555556
7,228,3.47,20,618.4,56493.4125
7,232,3.51,20,618.4,56493.413194444445
7,230,3.52,20,618.4,56493.41388888889
7,229,3.56,20,618.4,56493.41458333333
6,231,3.58,20,618.4,56493.41527777778
6,234,3.6,20,618.4,56493.415972222225
