wind_speed,wind_direction,temperature,relative_humidity,pressure,mjd
7,273,1.42,34,615.1,56061.416666666664
7,272,1.4,34,615.1,56061.41736111111
6,278,1.37,34,615.1,56061.41805555556
6,277,1.33,33,615.1,56061.41875
6,275,1.31,34,615.1,56061.419444444444
6,271,1.29,32,615.1,56061.42013888889
8,268,1.29,32,615.1,56061.42083333333
8,268,1.27,31,615.1,56061.42152777778
9,269,1.26,31,615.0,56061.42222222222
9,266,1.26,31,615.0,56061.42291666667
9,271,1.26,31,615.0,56061.42361111111
9,268,1.26,32,615.0,56061.424305555556
10,271,1.26,33,615.0,56061.425
9,273,1.25,33,615.0,56061.42569444444
9,273,1.23,33,615.0,56061.42638888889
9,271,1.23,33,615.0,56061.427083333336
10,268,1.21,33,615.0,56061.427777777775
10,267,1.2,32,614.9,56061.42847222222
9,266,1.19,33,614.9,56061.42916666667
9,271,1.15,31,614.9,56061.42986111111
9,282,1.13,31,614.9,56061.430555555555
9,276,1.1,31,614.9,56061.43125
9,271,1.09,31,614.9,56061.43194444444
9,270,1.08,31,614.9,56061.43263888889
8,274,1.05,32,614.9,56061.433333333334
9,280,1.02,31,614.9,56061.43402777778
8,269,1.0,31,614.9,56061.43472222222
9,274,0.99,31,614.9,56061.43541666667
9,279,1.0,30,614.9,56061.436111111114
9,274,1.04,30,614.9,56061.43680555555
9,278,1.09,29,614.9,56061.4375
9,270,1.13,30,614.9,56061.43819444445
9,278,1.15,30,614.9,56061.438888888886
9,269,1.12,30,614.9,56061.43958333333
9,279,1.08,30,614.9,56061.44027777778
9,281,1.07,29,614.9,56061.44097222222
9,273,1.06,30,614.9,56061.441666666666
9,273,1.02,30,614.9,56061.44236111111
8,282,1.02,30,614.9,56061.44305555556
9,283,1.03,31,614.9,56061.44375
8,275,0.99,33,614.9,56061.444444444445
8,275,0.91,33,614.8,56061.44513888889
8,271,0.84,34,614.8,56061.44583333333
8,270,0.77,33,614.8,56061.44652777778
10,264,0.73,33,614.8,56061.447222222225
11,265,0.71,33,614.8,56061.447916666664
11,262,0.71,34,614.8,56061.44861111111
12,264,0.74,33,614.8,56061.44930555556
12,265,0.78,33,614.7,56061.45
12,263,0.81,32,614.7,56061.450694444444
12,269,0.85,32,614.7,56061.45138888889
12,263,0.88,32,614.7,56061.45208333333
14,272,0.91,31,614.7,56061.45277777778
12,271,0.93,32,614.7,56061.45347222222
13,267,0.96,31,614.7,56061.45416666667
13,275,0.99,32,614.7,56061.45486111111
13,272,1.01,31,614.7,56061.455555555556
13,273,1.05,32,614.7,56061.45625
12,270,1.06,32,614.7,56061.45694444444
12,273,1.06,33,614.7,56061.45763888889
11,267,1.05,33,614.7,56061.458333333336
12,268,1.07,32,614.6,56061.459027777775
12,266,1.09,31,614.7,56061.45972222222
13,265,1.13,31,614.7,56061.46041666667
14,267,1.16,30,614.7,56061.46111111111
13,267,1.18,30,614.7,56061.461805555555
13,267,1.17,30,614.6,56061.4625
13,266,1.2,31,614.6,56061.46319444444
12,274,1.22,30,614.6,56061.46388888889
11,286,1.2,30,614.6,56061.464583333334
11,280,1.19,30,614.6,56061.46527777778
11,277,1.16,30,614.6,56061.46597222222
12,268,1.12,31,614.6,56061.46666666667
13,266,1.11,31,614.6,56061.467361111114
13,270,1.13,31,614.6,56061.46805555555
12,275,1.1,31,614.5,56061.46875
12,269,1.09,31,614.5,56061.46944444445
12,273,1.07,31,614.5,56061.470138888886
13,271,1.08,31,614.5,56061.47083333333
13,270,1.1,31,614.5,56061.47152777778
12,269,1.1,31,614.5,56061.47222222222
11,265,1.06,31,614.5,56061.472916666666
12,269,1.02,32,614.5,56061.47361111111
11,268,0.97,32,614.6,56061.47430555556
12,267,0.93,33,614.5,56061.475
13,267,0.9,34,614.5,56061.475694444445
13,267,0.9,34,614.5,56061.47638888889
12,266,0.9,34,614.5,56061.47708333333
13,267,0.91,34,614.5,56061.47777777778
13,275,0.93,33,614.5,56061.478472222225
12,265,0.97,32,614.5,56061.479166666664
11,266,1.0,33,614.5,56061.47986111111
12,271,1.03,33,614.5,56061.48055555556
13,267,1.05,33,614.5,56061.48125
13,268,1.07,32,614.5,56061.481944444444
13,266,1.08,33,614.5,56061.48263888889
14,267,1.1,33,614.5,56061.48333333333
13,267,1.09,32,614.4,56061.48402777778
13,276,1.11,33,614.4,56061.48472222222
12,266,1.09,32,614.4,56061.48541666667
11,273,1.04,33,614.4,56061.48611111111
11,278,0.97,31,614.4,56061.486805555556
13,283,0.97,29,614.4,56061.4875
13,276,0.99,29,614.4,56061.48819444444
13,272,1.04,29,614.3,56061.48888888889
14,275,1.07,30,614.3,56061.489583333336
13,271,1.08,31,614.3,56061.490277777775
13,273,1.07,32,614.3,56061.49097222222
14,267,1.05,33,614.3,56061.49166666667
14,268,1.02,34,614.3,56061.49236111111
13,270,0.98,35,614.4,56061.493055555555
13,268,0.94,36,614.4,56061.49375
13,272,0.9,36,614.4,56061.49444444444
13,266,0.87,36,614.4,56061.49513888889
13,266,0.84,36,614.4,56061.495833333334
13,269,0.8,36,614.4,56061.49652777778
13,273,0.77,36,614.4,56061.49722222222
13,273,0.72,37,614.4,56061.49791666667
13,264,0.71,36,614.3,56061.498611111114
13,267,0.72,36,614.3,56061.49930555555
13,268,0.74,36,614.3,56061.5
12,264,0.74,37,614.3,56061.50069444445
12,261,0.75,37,614.3,56061.501388888886
12,258,0.77,36,614.3,56061.50208333333
12,266,0.79,36,614.3,56061.50277777778
12,267,0.81,36,614.3,56061.50347222222
11,274,0.85,34,614.3,56061.504166666666
11,267,0.89,35,614.3,56061.50486111111
11,269,0.92,35,614.3,56061.50555555556
10,268,0.92,33,614.3,56061.50625
11,272,0.9,34,614.3,56061.506944444445
11,274,0.86,31,614.3,56061.50763888889
13,272,0.86,29,614.3,56061.50833333333
12,276,0.89,28,614.3,56061.50902777778
12,270,0.95,28,614.3,56061.509722222225
14,267,1.02,29,614.3,56061.510416666664
13,259,1.06,30,614.3,56061.51111111111
14,271,1.11,29,614.3,56061.51180555556
12,258,1.16,30,614.3,56061.5125
13,262,1.17,31,614.3,56061.513194444444
13,263,1.18,31,614.2,56061.51388888889
13,269,1.17,32,614.2,56061.51458333333
12,270,1.15,32,614.2,56061.51527777778
12,274,1.13,33,614.2,56061.51597222222
11,275,1.07,33,614.2,56061.51666666667
12,272,1.0,33,614.2,56061.51736111111
12,270,0.92,33,614.2,56061.518055555556
13,271,0.89,33,614.2,56061.51875
13,268,0.87,33,614.1,56061.51944444444
13,272,0.87,33,614.1,56061.52013888889
12,276,0.86,33,614.1,56061.520833333336
13,265,0.86,33,614.1,56061.521527777775
13,275,0.86,33,614.1,56061.52222222222
12,280,0.85,32,614.2,56061.52291666667
12,261,0.85,31,614.1,56061.52361111111
13,273,0.82,32,614.1,56061.524305555555
13,291,0.81,30,614.1,56061.525
14,271,0.82,30,614.1,56061.52569444444
13,271,0.82,29,614.1,56061.52638888889
12,279,0.86,30,614.1,56061.527083333334
12,276,0.87,30,614.1,56061.52777777778
13,272,0.9,30,614.1,56061.52847222222
13,275,0.93,30,614.1,56061.52916666667
13,277,0.95,31,614.1,56061.529861111114
12,280,0.92,31,614.1,56061.53055555555
13,271,0.91,32,614.1,56061.53125
12,273,0.88,32,614.1,56061.53194444445
11,276,0.85,32,614.1,56061.532638888886
12,274,0.82,32,614.1,56061.53333333333
12,264,0.82,32,614.1,56061.53402777778
13,275,0.8,32,614.1,56061.53472222222
12,276,0.78,33,614.1,56061.535416666666
12,295,0.76,33,614.0,56061.53611111111
14,269,0.73,33,614.0,56061.53680555556
13,281,0.71,33,614.0,56061.5375
14,270,0.7,33,614.0,56061.538194444445
15,274,0.69,33,614.0,56061.53888888889
14,268,0.66,33,614.0,56061.53958333333
15,272,0.67,34,614.0,56061.54027777778
13,277,0.65,34,614.0,56061.540972222225
13,270,0.61,34,614.0,56061.541666666664
15,272,0.61,34,614.0,56061.54236111111
14,272,0.6,34,614.0,56061.54305555556
13,277,0.56,34,614.0,56061.54375
13,276,0.54,34,613.9,56061.544444444444
14,275,0.55,34,613.9,56061.54513888889
14,272,0.56,34,613.9,56061.54583333333
14,268,0.56,34,613.9,56061.54652777778
16,270,0.55,33,613.9,56061.54722222222
16,276,0.57,33,613.9,56061.54791666667
15,274,0.59,33,613.9,56061.54861111111
15,268,0.58,33,613.9,56061.549305555556
14,272,0.56,33,613.9,56061.55
13,259,0.55,34,613.9,56061.55069444444
14,273,0.52,34,613.9,56061.55138888889
13,269,0.5,34,613.9,56061.552083333336
14,270,0.52,33,613.9,56061.552777777775
16,282,0.53,33,613.9,56061.55347222222
13,279,0.53,33,613.9,56061.55416666667
15,275,0.54,33,613.9,56061.55486111111
16,270,0.56,34,613.9,56061.555555555555
17,266,0.59,34,613.9,56061.55625
16,266,0.59,34,613.9,56061.55694444444
15,277,0.58,34,613.9,56061.55763888889
15,268,0.56,35,613.9,56061.558333333334
16,271,0.57,35,613.9,56061.55902777778
18,270,0.59,35,613.9,56061.55972222222
18,277,0.6,35,613.9,56061.56041666667
18,265,0.62,35,613.9,56061.561111111114
17,272,0.63,35,613.9,56061.56180555555
17,271,0.6,35,613.9,56061.5625
18,273,0.56,35,613.9,56061.56319444445
16,274,0.55,35,613.9,56061.563888888886
15,271,0.54,35,613.9,56061.56458333333
17,276,0.53,35,613.9,56061.56527777778
18,274,0.53,35,613.9,56061.56597222222
17,273,0.52,36,613.9,56061.566666666666
16,277,0.51,36,613.9,56061.56736111111
15,275,0.48,36,613.9,56061.56805555556
16,278,0.46,36,613.9,56061.56875
17,275,0.47,36,613.9,56061.569444444445
17,269,0.47,36,613.9,56061.57013888889
18,274,0.48,36,613.9,56061.57083333333
17,271,0.5,36,613.9,56061.57152777778
19,274,0.5,36,613.9,56061.572222222225
18,271,0.5,36,613.9,56061.572916666664
16,274,0.51,36,613.9,56061.57361111111
16,273,0.51,36,613.9,56061.57430555556
17,278,0.53,36,613.9,56061.575
18,266,0.53,36,613.9,56061.575694444444
20,270,0.51,37,613.9,56061.57638888889
17,278,0.5,37,613.9,56061.57708333333
16,271,0.48,37,613.9,56061.57777777778
19,273,0.47,37,613.9,56061.57847222222
18,276,0.45,37,613.9,56061.57916666667
17,269,0.44,38,613.9,56061.57986111111
16,272,0.44,38,613.9,56061.580555555556
15,272,0.43,38,613.9,56061.58125
17,277,0.43,37,613.9,56061.58194444444
16,268,0.43,38,613.9,56061.58263888889
17,268,0.42,37,613.9,56061.583333333336
17,269,0.43,37,613.9,56061.584027777775
18,272,0.44,37,613.9,56061.58472222222
18,277,0.44,37,613.9,56061.58541666667
17,266,0.46,37,613.9,56061.58611111111
18,273,0.47,37,613.9,56061.586805555555
18,272,0.47,37,613.9,56061.5875
16,270,0.45,37,613.9,56061.58819444444
16,284,0.42,38,613.9,56061.58888888889
16,286,0.37,38,613.9,56061.589583333334
16,293,0.33,39,613.9,56061.59027777778
16,270,0.31,39,613.9,56061.59097222222
16,275,0.28,40,613.9,56061.59166666667
15,278,0.27,41,613.9,56061.592361111114
15,279,0.26,41,613.9,56061.59305555555
14,275,0.26,42,613.9,56061.59375
16,281,0.26,42,613.9,56061.59444444445
15,280,0.25,42,613.9,56061.595138888886
15,278,0.25,42,613.9,56061.59583333333
15,282,0.25,42,613.9,56061.59652777778
15,267,0.25,42,613.9,56061.59722222222
14,278,0.23,42,613.9,56061.597916666666
15,281,0.22,42,613.9,56061.59861111111
15,282,0.22,42,613.9,56061.59930555556
15,279,0.22,42,613.9,56061.6
15,276,0.24,42,613.9,56061.600694444445
15,283,0.25,41,613.9,56061.60138888889
16,281,0.26,41,613.9,56061.60208333333
16,278,0.28,41,613.9,56061.60277777778
16,281,0.28,41,613.9,56061.603472222225
15,273,0.29,41,613.9,56061.604166666664
16,283,0.3,41,613.9,56061.60486111111
17,278,0.31,41,613.9,56061.60555555556
17,273,0.31,40,613.9,56061.60625
17,282,0.31,40,613.9,56061.606944444444
17,277,0.31,40,613.9,56061.60763888889
16,275,0.32,39,613.9,56061.60833333333
17,277,0.33,40,613.9,56061.60902777778
17,278,0.34,40,613.9,56061.60972222222
18,273,0.35,40,613.9,56061.61041666667
17,279,0.34,40,613.9,56061.61111111111
17,273,0.35,41,613.9,56061.611805555556
19,270,0.34,41,613.9,56061.6125
18,278,0.34,41,613.9,56061.61319444444
18,280,0.34,41,613.9,56061.61388888889
18,279,0.33,40,613.9,56061.614583333336
18,276,0.33,40,613.9,56061.615277777775
18,276,0.31,40,613.9,56061.61597222222
17,279,0.32,39,613.9,56061.61666666667
19,273,0.32,39,613.9,56061.61736111111
17,274,0.32,39,614.0,56061.618055555555
17,283,0.32,39,614.0,56061.61875
16,269,0.31,39,614.0,56061.61944444444
19,280,0.29,38,614.0,56061.62013888889
17,258,0.28,39,614.0,56061.620833333334
16,278,0.26,38,614.0,56061.62152777778
16,289,0.25,38,614.0,56061.62222222222
17,276,0.23,37,614.0,56061.62291666667
15,268,0.22,36,614.0,56061.623611111114
17,276,0.22,36,614.0,56061.62430555555
15,269,0.22,36,614.0,56061.625
16,275,0.22,35,614.0,56061.62569444445
17,275,0.22,36,614.0,56061.626388888886
15,270,0.21,36,614.0,56061.62708333333
16,265,0.2,37,614.0,56061.62777777778
18,271,0.21,36,614.0,56061.62847222222
16,272,0.22,36,614.1,56061.629166666666
15,283,0.22,36,614.1,56061.62986111111
16,281,0.24,36,614.1,56061.63055555556
16,266,0.25,36,614.1,56061.63125
15,271,0.24,35,614.1,56061.631944444445
16,264,0.25,34,614.1,56061.63263888889
16,262,0.23,34,614.1,56061.63333333333
15,275,0.23,34,614.1,56061.63402777778
14,264,0.22,33,614.1,56061.634722222225
16,274,0.21,33,614.1,56061.635416666664
14,278,0.2,34,614.1,56061.63611111111
14,273,0.17,34,614.1,56061.63680555556
14,256,0.16,34,614.1,56061.6375
15,281,0.16,34,614.1,56061.638194444444
13,267,0.16,34,614.1,56061.63888888889
14,264,0.16,34,614.1,56061.63958333333
12,279,0.15,35,614.1,56061.64027777778
15,262,0.15,34,614.1,56061.64097222222
15,288,0.15,34,614.1,56061.64166666667
13,275,0.15,34,614.1,56061.64236111111
14,266,0.16,34,614.2,56061.643055555556
13,270,0.16,34,614.2,56061.64375
13,279,0.18,34,614.2,56061.64444444444
13,273,0.19,34,614.2,56061.64513888889
13,277,0.19,34,614.2,56061.645833333336
13,278,0.19,34,614.2,56061.646527777775
13,272,0.2,33,614.2,56061.64722222222
14,268,0.22,33,614.2,56061.64791666667
14,277,0.21,33,614.2,56061.64861111111
13,276,0.2,33,614.2,56061.649305555555
13,278,0.21,33,614.2,56061.65
13,294,0.22,33,614.2,56061.65069444444
13,274,0.22,33,614.2,56061.65138888889
15,267,0.22,32,614.2,56061.652083333334
15,279,0.22,33,614.2,56061.65277777778
13,276,0.22,33,614.2,56061.65347222222
13,280,0.22,33,614.2,56061.65416666667
14,275,0.22,33,614.2,56061.654861111114
15,270,0.23,33,614.2,56061.65555555555
14,284,0.23,33,614.2,56061.65625
14,285,0.25,33,614.2,56061.65694444445
16,284,0.27,32,614.2,56061.657638888886
17,281,0.3,32,614.2,56061.65833333333
16,280,0.34,32,614.2,56061.65902777778
16,276,0.39,32,614.2,56061.65972222222
15,279,0.42,32,614.2,56061.660416666666
17,277,0.44,32,614.2,56061.66111111111
16,278,0.47,32,614.2,56061.66180555556
16,281,0.49,32,614.2,56061.6625
16,282,0.51,33,614.2,56061.663194444445
17,280,0.53,33,614.3,56061.66388888889
17,279,0.55,34,614.3,56061.66458333333
17,280,0.56,35,614.3,56061.66527777778
16,276,0.56,36,614.3,56061.665972222225
16,281,0.57,37,614.3,56061.666666666664
16,279,0.59,38,614.3,56061.66736111111
15,281,0.59,41,614.3,56061.66805555556
16,272,0.6,43,614.3,56061.66875
17,280,0.61,47,614.3,56061.669444444444
15,279,0.62,47,614.3,56061.67013888889
16,276,0.62,47,614.3,56061.67083333333
16,276,0.63,48,614.3,56061.67152777778
16,280,0.65,50,614.3,56061.67222222222
16,279,0.67,51,614.3,56061.67291666667
16,282,0.69,51,614.3,56061.67361111111
17,280,0.71,51,614.3,56061.674305555556
16,280,0.72,51,614.3,56061.675
16,274,0.74,51,614.3,56061.67569444444
17,278,0.74,51,614.4,56061.67638888889
15,273,0.74,51,614.3,56061.677083333336
16,275,0.74,51,614.3,56061.677777777775
16,272,0.74,51,614.4,56061.67847222222
16,278,0.75,51,614.4,56061.67916666667
15,276,0.74,50,614.4,56061.67986111111
15,290,0.74,52,614.4,56061.680555555555
13,278,0.73,51,614.4,56061.68125
15,274,0.71,51,614.4,56061.68194444444
13,276,0.69,51,614.4,56061.68263888889
15,275,0.68,52,614.4,56061.683333333334
15,274,0.66,52,614.4,56061.68402777778
15,271,0.65,52,614.4,56061.68472222222
14,273,0.65,52,614.4,56061.68541666667
16,276,0.65,53,614.4,56061.686111111114
13,281,0.65,52,614.4,56061.68680555555
15,275,0.64,52,614.4,56061.6875
14,277,0.63,51,614.4,56061.68819444445
14,268,0.62,52,614.5,56061.688888888886
16,277,0.62,53,614.5,56061.68958333333
15,286,0.62,52,614.5,56061.69027777778
15,279,0.63,53,614.5,56061.69097222222
14,282,0.64,53,614.5,56061.691666666666
14,277,0.65,53,614.5,56061.69236111111
13,268,0.65,53,614.5,56061.69305555556
17,272,0.68,53,614.5,56061.69375
15,271,0.69,53,614.5,56061.694444444445
15,276,0.71,53,614.5,56061.69513888889
15,284,0.71,53,614.5,56061.69583333333
15,269,0.72,53,614.5,56061.69652777778
17,276,0.74,53,614.5,56061.697222222225
16,276,0.74,53,614.5,56061.697916666664
16,273,0.75,53,614.5,56061.69861111111
16,272,0.75,53,614.5,56061.69930555556
16,272,0.76,53,614.6,56061.7
19,273,0.77,53,614.6,56061.700694444444
18,266,0.77,53,614.6,56061.70138888889
18,275,0.78,53,614.6,56061.70208333333
18,296,0.78,53,614.6,56061.70277777778
16,267,0.79,54,614.6,56061.70347222222
21,263,0.8,53,614.6,56061.70416666667
16,269,0.78,54,614.6,56061.70486111111
17,279,0.77,54,614.6,56061.705555555556
17,273,0.77,53,614.7,56061.70625
16,263,0.77,53,614.7,56061.70694444444
16,282,0.78,53,614.7,56061.70763888889
13,262,0.78,53,614.7,56061.708333333336
16,277,0.78,53,614.7,56061.709027777775
15,266,0.8,54,614.7,56061.70972222222
19,266,0.8,54,614.7,56061.71041666667
13,297,0.8,53,614.7,56061.71111111111
12,300,0.8,54,614.7,56061.711805555555
15,284,0.79,54,614.8,56061.7125
12,300,0.8,54,614.8,56061.71319444444
12,286,0.8,54,614.8,56061.71388888889
11,295,0.81,54,614.8,56061.714583333334
9,270,0.83,54,614.8,56061.71527777778
12,298,0.81,54,614.8,56061.71597222222
12,298,0.81,54,614.8,56061.71666666667
13,298,0.83,54,614.8,56061.717361111114
13,302,0.83,54,614.8,56061.71805555555
12,290,0.84,54,614.8,56061.71875
11,268,0.84,54,614.8,56061.71944444445
13,272,0.85,55,614.8,56061.720138888886
12,281,0.86,55,614.8,56061.72083333333
11,271,0.86,55,614.8,56061.72152777778
11,280,0.9,55,614.8,56061.72222222222
9,275,0.91,55,614.8,56061.722916666666
10,272,0.94,55,614.8,56061.72361111111
12,274,0.96,55,614.8,56061.72430555556
11,273,0.97,55,614.8,56061.725
10,279,0.99,55,614.8,56061.725694444445
8,276,1.02,55,614.9,56061.72638888889
7,285,1.05,55,614.9,56061.72708333333
5,273,1.08,54,614.9,56061.72777777778
7,260,1.09,54,614.9,56061.728472222225
6,269,1.11,54,614.9,56061.729166666664
6,281,1.13,54,614.9,56061.72986111111
3,274,1.17,54,614.9,56061.73055555556
1,272,1.2,54,614.9,56061.73125
1,269,1.23,54,614.9,56061.731944444444
1,266,1.26,54,614.9,56061.73263888889
2,268,1.29,54,614.9,56061.73333333333
2,243,1.32,54,614.9,56061.73402777778
3,243,1.35,54,615.0,56061.73472222222
3,237,1.38,54,615.0,56061.73541666667
1,241,1.43,54,615.0,56061.73611111111
0,243,1.46,53,615.0,56061.736805555556
0,246,1.49,53,615.0,56061.7375
0,248,1.53,53,615.0,56061.73819444444
0,247,1.59,52,615.0,56061.73888888889
0,236,1.65,51,615.0,56061.739583333336
0,236,1.69,51,615.0,56061.740277777775
0,242,1.73,52,615.0,56061.74097222222
0,242,1.77,51,615.0,56061.74166666667
0,328,1.81,51,615.0,56061.74236111111
0,342,1.86,49,615.0,56061.743055555555
0,57,1.93,50,615.0,56061.74375
0,283,2.0,49,615.0,56061.74444444444
2,341,2.04,42,615.0,56061.74513888889
0,29,2.07,44,615.0,56061.745833333334
0,318,2.15,45,615.0,56061.74652777778
0,331,2.2,46,615.0,56061.74722222222
0,330,2.24,43,615.0,56061.74791666667
0,329,2.28,44,615.0,56061.748611111114
2,65,2.37,42,615.0,56061.74930555555
5,40,2.52,40,615.0,56061.75
2,93,2.61,39,615.0,56061.75069444445
0,45,2.74,38,615.0,56061.751388888886
0,81,2.88,38,615.0,56061.75208333333
1,32,3.04,38,615.0,56061.75277777778
1,305,3.18,38,615.1,56061.75347222222
0,309,3.21,42,615.1,56061.754166666666
2,306,3.17,43,615.1,56061.75486111111
2,284,3.07,44,615.1,56061.75555555556
0,311,2.97,45,615.1,56061.75625
1,350,2.9,45,615.1,56061.756944444445
3,290,2.85,46,615.1,56061.75763888889
7,301,2.79,45,615.1,56061.75833333333
5,281,2.72,46,615.1,56061.75902777778
4,314,2.67,48,615.1,56061.759722222225
6,336,2.65,49,615.1,56061.760416666664
8,323,2.64,48,615.1,56061.76111111111
6,319,2.6,48,615.1,56061.76180555556
9,295,2.6,49,615.1,56061.7625
12,303,2.57,49,615.1,56061.763194444444
10,311,2.52,50,615.1,56061.76388888889
8,328,2.45,50,615.1,56061.76458333333
8,334,2.36,50,615.1,56061.76527777778
9,305,2.31,51,615.1,56061.76597222222
10,323,2.24,50,615.2,56061.76666666667
6,294,2.19,51,615.2,56061.76736111111
2,291,2.18,51,615.2,56061.768055555556
5,310,2.16,50,615.2,56061.76875
4,312,2.15,51,615.2,56061.76944444444
4,284,2.17,50,615.2,56061.77013888889
6,312,2.21,50,615.2,56061.770833333336
7,287,2.26,50,615.2,56061.771527777775
6,258,2.35,49,615.2,56061.77222222222
5,290,2.44,49,615.2,56061.77291666667
3,261,2.53,49,615.2,56061.77361111111
6,255,2.6,49,615.2,56061.774305555555
10,282,2.63,46,615.2,56061.775
7,281,2.63,45,615.2,56061.77569444444
4,277,2.64,48,615.2,56061.77638888889
8,301,2.67,49,615.2,56061.777083333334
9,294,2.68,46,615.3,56061.77777777778
6,282,2.71,47,615.2,56061.77847222222
7,264,2.75,48,615.2,56061.77916666667
9,285,2.8,48,615.2,56061.779861111114
7,273,2.83,48,615.2,56061.78055555555
9,296,2.9,46,615.2,56061.78125
7,285,2.87,44,615.2,56061.78194444445
5,273,2.86,45,615.2,56061.782638888886
6,291,2.87,46,615.2,56061.78333333333
4,327,2.85,44,615.2,56061.78402777778
2,345,2.83,44,615.2,56061.78472222222
0,0,2.86,44,615.3,56061.785416666666
0,220,2.94,45,615.2,56061.78611111111
3,269,3.02,46,615.3,56061.78680555556
3,291,3.11,46,615.3,56061.7875
3,263,3.17,46,615.2,56061.788194444445
5,270,3.21,45,615.2,56061.78888888889
6,293,3.25,45,615.2,56061.78958333333
7,313,3.24,46,615.2,56061.79027777778
7,320,3.21,47,615.2,56061.790972222225
5,48,3.14,47,615.3,56061.791666666664
2,309,3.2,47,615.3,56061.79236111111
6,326,3.23,46,615.3,56061.79305555556
7,304,3.26,46,615.3,56061.79375
7,306,3.23,45,615.3,56061.794444444444
3,291,3.25,46,615.3,56061.79513888889
2,314,3.33,44,615.3,56061.79583333333
4,319,3.42,45,615.3,56061.79652777778
8,303,3.43,42,615.3,56061.79722222222
3,293,3.44,43,615.3,56061.79791666667
2,1,3.54,45,615.3,56061.79861111111
4,69,3.74,35,615.4,56061.799305555556
3,63,3.87,33,615.4,56061.8
1,187,3.96,34,615.4,56061.80069444444
4,329,4.01,38,615.4,56061.80138888889
6,318,4.08,38,615.4,56061.802083333336
9,272,4.15,39,615.4,56061.802777777775
12,282,4.22,38,615.4,56061.80347222222
6,313,4.23,36,615.4,56061.80416666667
3,307,4.23,35,615.4,56061.80486111111
3,292,4.25,36,615.4,56061.805555555555
3,259,4.24,37,615.4,56061.80625
2,352,4.27,34,615.5,56061.80694444444
0,314,4.33,33,615.4,56061.80763888889
0,13,4.41,35,615.4,56061.808333333334
2,25,4.51,30,615.4,56061.80902777778
5,48,4.63,30,615.4,56061.80972222222
13,69,4.63,28,615.4,56061.81041666667
15,73,4.73,28,615.2,56061.811111111114
9,70,4.93,28,615.4,56061.81180555555
11,110,5.06,33,615.4,56061.8125
8,39,5.16,28,615.5,56061.81319444445
7,79,5.22,27,615.5,56061.813888888886
5,71,5.37,27,615.5,56061.81458333333
6,56,5.3,26,615.5,56061.81527777778
15,89,5.35,27,615.5,56061.81597222222
13,88,5.41,26,615.5,56061.816666666666
11,95,5.36,27,615.5,56061.81736111111
10,60,5.35,27,615.5,56061.81805555556
7,104,5.33,27,615.6,56061.81875
5,80,5.15,27,615.5,56061.819444444445
3,88,4.95,27,615.6,56061.82013888889
1,76,4.8,28,615.6,56061.82083333333
0,46,4.57,28,615.5,56061.82152777778
1,49,4.32,29,615.5,56061.822222222225
6,5,4.26,29,615.5,56061.822916666664
4,109,4.21,31,615.5,56061.82361111111
2,309,4.27,33,615.5,56061.82430555556
3,136,4.44,35,615.5,56061.825
4,70,4.73,32,615.5,56061.825694444444
6,57,4.86,29,615.5,56061.82638888889
10,280,5.05,32,615.5,56061.82708333333
6,312,5.05,32,615.5,56061.82777777778
1,317,4.98,33,615.5,56061.82847222222
2,8,4.97,31,615.6,56061.82916666667
3,26,4.95,30,615.6,56061.82986111111
2,253,4.95,30,615.6,56061.830555555556
2,57,5.0,31,615.6,56061.83125
2,102,5.06,30,615.6,56061.83194444444
1,90,5.07,29,615.6,56061.83263888889
5,66,5.1,29,615.6,56061.833333333336
3,80,5.04,29,615.6,56061.834027777775
11,75,5.14,30,615.6,56061.83472222222
7,57,5.19,30,615.6,56061.83541666667
7,95,5.16,30,615.6,56061.83611111111
5,28,5.04,30,615.5,56061.836805555555
5,98,4.88,31,615.5,56061.8375
3,92,4.81,32,615.5,56061.83819444444
6,88,4.82,32,615.5,56061.83888888889
12,83,4.91,32,615.5,56061.839583333334
9,90,4.89,32,615.5,56061.84027777778
3,115,4.83,31,615.6,56061.84097222222
3,217,4.96,33,615.6,56061.84166666667
1,125,5.05,32,615.6,56061.842361111114
1,70,5.17,32,615.6,56061.84305555555
3,64,5.1,31,615.6,56061.84375
6,129,5.03,31,615.6,56061.84444444445
6,38,4.89,32,615.6,56061.845138888886
8,85,4.86,32,615.6,56061.84583333333
6,55,4.82,33,615.6,56061.84652777778
4,82,4.6,33,615.6,56061.84722222222
8,60,4.64,34,615.6,56061.847916666666
10,85,4.82,33,615.6,56061.84861111111
12,74,4.99,33,615.6,56061.84930555556
7,87,4.9,33,615.6,56061.85
11,72,4.86,34,615.6,56061.850694444445
6,62,4.76,34,615.6,56061.85138888889
1,36,4.64,34,615.6,56061.85208333333
5,98,4.59,36,615.6,56061.85277777778
7,107,4.67,36,615.6,56061.853472222225
8,63,4.89,37,615.6,56061.854166666664
8,52,5.21,36,615.7,56061.85486111111
6,78,5.42,35,615.6,56061.85555555556
10,59,5.53,34,615.6,56061.85625
7,71,5.68,34,615.7,56061.856944444444
3,270,5.7,36,615.7,56061.85763888889
0,71,5.72,38,615.6,56061.85833333333
7,76,5.64,34,615.6,56061.85902777778
13,85,5.59,34,615.7,56061.85972222222
12,71,5.61,34,615.7,56061.86041666667
12,92,5.7,34,615.6,56061.86111111111
9,158,5.64,34,615.6,56061.861805555556
6,136,5.59,35,615.6,56061.8625
6,122,5.53,35,615.6,56061.86319444444
7,60,5.37,35,615.7,56061.86388888889
14,91,5.41,36,615.7,56061.864583333336
8,102,5.26,36,615.7,56061.865277777775
3,61,5.1,36,615.7,56061.86597222222
6,72,5.01,37,615.7,56061.86666666667
6,97,4.95,37,615.7,56061.86736111111
3,85,4.97,37,615.7,56061.868055555555
0,77,4.89,38,615.7,56061.86875
1,78,4.84,39,615.6,56061.86944444444
11,80,4.97,40,615.6,56061.87013888889
11,94,5.11,40,615.6,56061.870833333334
13,92,5.24,39,615.6,56061.87152777778
8,62,5.13,40,615.6,56061.87222222222
6,74,5.01,41,615.6,56061.87291666667
8,70,5.07,40,615.6,56061.873611111114
8,71,5.08,40,615.6,56061.87430555555
4,84,5.01,40,615.7,56061.875
11,99,5.08,41,615.6,56061.87569444445
11,79,5.11,41,615.6,56061.876388888886
9,76,5.06,41,615.6,56061.87708333333
12,67,5.12,40,615.6,56061.87777777778
11,69,5.01,41,615.7,56061.87847222222
13,73,4.94,41,615.7,56061.879166666666
10,41,4.92,42,615.7,56061.87986111111
5,41,4.81,42,615.7,56061.88055555556
4,72,4.91,42,615.7,56061.88125
9,65,4.93,43,615.7,56061.881944444445
8,70,5.05,42,615.7,56061.88263888889
9,134,5.23,42,615.7,56061.88333333333
9,68,5.43,41,615.7,56061.88402777778
6,78,5.52,41,615.7,56061.884722222225
3,136,5.46,41,615.7,56061.885416666664
4,114,5.51,42,615.7,56061.88611111111
11,148,5.61,42,615.7,56061.88680555556
10,154,5.72,41,615.7,56061.8875
7,142,5.66,41,615.7,56061.888194444444
7,73,5.47,42,615.7,56061.88888888889
8,74,5.38,43,615.7,56061.88958333333
8,77,5.51,44,615.7,56061.89027777778
16,74,5.81,43,615.6,56061.89097222222
12,113,5.9,43,615.7,56061.89166666667
7,134,5.75,43,615.6,56061.89236111111
3,84,5.52,44,615.7,56061.893055555556
6,130,5.39,45,615.7,56061.89375
6,106,5.45,45,615.6,56061.89444444444
8,87,5.5,44,615.6,56061.89513888889
12,91,5.66,46,615.6,56061.895833333336
14,57,5.81,45,615.6,56061.896527777775
12,91,5.83,46,615.6,56061.89722222222
8,79,5.82,47,615.6,56061.89791666667
9,93,5.76,49,615.6,56061.89861111111
11,60,5.68,50,615.6,56061.899305555555
14,62,5.66,46,615.6,56061.9
11,71,5.61,48,615.6,56061.90069444444
11,69,5.58,49,615.6,56061.90138888889
12,80,5.62,47,615.7,56061.902083333334
13,56,5.82,46,615.6,56061.90277777778
14,66,5.98,52,615.6,56061.90347222222
9,114,5.95,52,615.6,56061.90416666667
6,62,5.84,53,615.6,56061.904861111114
10,92,5.82,54,615.6,56061.90555555555
14,74,5.76,52,615.6,56061.90625
13,78,5.65,53,615.6,56061.90694444445
7,70,5.49,53,615.6,56061.907638888886
4,69,5.39,52,615.7,56061.90833333333
3,81,5.3,54,615.7,56061.90902777778
3,78,5.37,54,615.6,56061.90972222222
9,103,5.41,52,615.6,56061.910416666666
10,93,5.51,51,615.6,56061.91111111111
6,43,5.64,49,615.6,56061.91180555556
3,309,5.75,51,615.6,56061.9125
2,79,6.02,51,615.6,56061.913194444445
0,103,6.19,51,615.6,56061.91388888889
2,87,6.23,48,615.6,56061.91458333333
4,61,6.32,49,615.6,56061.91527777778
2,53,6.32,51,615.6,56061.915972222225
4,69,6.32,53,615.6,56061.916666666664
5,300,6.2,55,615.6,56061.91736111111
6,330,6.17,55,615.5,56061.91805555556
6,313,6.19,59,615.5,56061.91875
5,274,6.18,57,615.5,56061.919444444444
2,333,6.21,59,615.5,56061.92013888889
4,279,6.28,59,615.5,56061.92083333333
2,148,6.19,54,615.5,56061.92152777778
3,84,6.05,52,615.5,56061.92222222222
7,72,5.98,52,615.5,56061.92291666667
5,125,5.88,53,615.5,56061.92361111111
2,305,5.83,54,615.5,56061.924305555556
4,2,5.8,62,615.5,56061.925
6,292,5.86,61,615.5,56061.92569444444
5,71,5.75,57,615.5,56061.92638888889
3,82,5.64,54,615.5,56061.927083333336
2,47,5.5,54,615.5,56061.927777777775
1,41,5.22,56,615.5,56061.92847222222
0,41,5.04,58,615.5,56061.92916666667
0,40,4.86,59,615.5,56061.92986111111
4,65,4.77,61,615.5,56061.930555555555
4,27,4.79,65,615.5,56061.93125
3,65,4.79,62,615.5,56061.93194444444
5,90,4.81,62,615.5,56061.93263888889
9,80,4.85,64,615.5,56061.933333333334
11,59,4.97,63,615.5,56061.93402777778
10,67,5.07,61,615.4,56061.93472222222
8,56,5.2,60,615.4,56061.93541666667
7,39,5.23,60,615.4,56061.936111111114
11,43,5.28,58,615.4,56061.93680555555
8,21,5.25,59,615.4,56061.9375
10,81,5.28,60,615.4,56061.93819444445
11,64,5.25,61,615.4,56061.938888888886
13,71,5.29,65,615.4,56061.93958333333
13,100,5.2,67,615.4,56061.94027777778
9,78,5.07,67,615.4,56061.94097222222
7,105,4.91,68,615.4,56061.941666666666
5,69,4.82,67,615.4,56061.94236111111
5,119,4.81,65,615.4,56061.94305555556
11,86,4.84,64,615.4,56061.94375
4,91,4.83,64,615.4,56061.944444444445
0,101,4.72,66,615.4,56061.94513888889
0,184,4.67,68,615.4,56061.94583333333
9,75,4.76,67,615.3,56061.94652777778
13,71,4.83,66,615.3,56061.947222222225
14,44,4.84,66,615.3,56061.947916666664
13,61,4.73,65,615.3,56061.94861111111
10,69,4.51,66,615.3,56061.94930555556
10,65,4.34,65,615.4,56061.95
10,88,4.23,66,615.4,56061.950694444444
9,67,4.14,67,615.4,56061.95138888889
12,56,4.08,67,615.3,56061.95208333333
11,58,3.99,67,615.3,56061.95277777778
8,25,3.86,68,615.3,56061.95347222222
2,118,3.73,68,615.3,56061.95416666667
1,44,3.68,69,615.4,56061.95486111111
4,65,3.82,70,615.3,56061.955555555556
3,325,4.0,68,615.3,56061.95625
3,29,4.16,67,615.3,56061.95694444444
2,55,4.3,67,615.3,56061.95763888889
7,45,4.34,68,615.3,56061.958333333336
8,73,4.35,68,615.3,56061.959027777775
8,68,4.35,68,615.3,56061.95972222222
8,71,4.37,70,615.3,56061.96041666667
7,55,4.37,73,615.3,56061.96111111111
4,83,4.3,73,615.2,56061.961805555555
6,38,4.38,71,615.2,56061.9625
6,17,4.26,72,615.2,56061.96319444444
4,36,4.11,72,615.2,56061.96388888889
6,77,4.18,70,615.2,56061.964583333334
11,62,4.18,70,615.1,56061.96527777778
7,34,4.14,69,615.1,56061.96597222222
2,66,4.09,69,615.1,56061.96666666667
1,61,4.12,68,615.1,56061.967361111114
1,314,4.15,63,615.1,56061.96805555555
7,316,4.23,60,615.1,56061.96875
5,273,4.3,60,615.1,56061.96944444445
1,336,4.32,60,615.1,56061.970138888886
0,10,4.48,62,615.1,56061.97083333333
4,71,4.83,66,615.1,56061.97152777778
5,57,5.12,65,615.1,56061.97222222222
10,86,5.33,63,615.1,56061.972916666666
11,69,5.37,63,615.1,56061.97361111111
8,43,5.29,64,615.1,56061.97430555556
5,37,5.16,65,615.1,56061.975
7,64,5.21,67,615.1,56061.975694444445
9,74,5.44,65,615.1,56061.97638888889
5,68,5.57,65,615.0,56061.97708333333
6,84,5.81,62,615.0,56061.97777777778
5,61,5.83,59,615.0,56061.978472222225
4,74,5.79,61,615.0,56061.979166666664
3,49,5.73,62,615.0,56061.97986111111
3,204,5.8,55,615.0,56061.98055555556
6,330,6.21,56,615.0,56061.98125
5,48,6.34,55,615.1,56061.981944444444
2,48,6.49,57,615.1,56061.98263888889
1,317,6.67,52,615.0,56061.98333333333
2,332,6.81,46,615.0,56061.98402777778
0,46,6.8,47,615.0,56061.98472222222
1,80,6.81,47,615.0,56061.98541666667
5,78,6.88,62,615.0,56061.98611111111
7,59,6.82,66,615.0,56061.986805555556
5,83,6.8,60,615.0,56061.9875
5,288,6.87,59,615.0,56061.98819444444
4,314,6.81,44,615.0,56061.98888888889
2,95,6.84,51,615.0,56061.989583333336
4,91,6.92,65,615.0,56061.990277777775
5,79,6.8,66,615.0,56061.99097222222
4,324,6.64,51,615.0,56061.99166666667
6,31,6.5,52,615.0,56061.99236111111
9,40,6.56,55,615.0,56061.993055555555
5,33,6.68,46,615.0,56061.99375
2,33,6.63,43,615.0,56061.99444444444
2,69,6.55,56,615.0,56061.99513888889
1,57,6.52,62,615.0,56061.995833333334
0,102,6.56,55,614.9,56061.99652777778
0,67,6.7,55,614.9,56061.99722222222
2,351,6.81,47,614.9,56061.99791666667
2,160,6.98,44,615.0,56061.998611111114
0,61,6.98,57,615.0,56061.99930555555
1,320,6.95,51,614.9,56062.0
6,306,7.03,40,614.9,56062.00069444445
9,321,7.04,40,614.9,56062.001388888886
10,280,7.01,40,614.9,56062.00208333333
9,286,7.0,38,614.9,56062.00277777778
11,307,6.83,38,614.9,56062.00347222222
13,304,6.69,38,614.9,56062.004166666666
6,177,6.6,38,614.9,56062.00486111111
2,191,6.52,43,614.9,56062.00555555556
7,295,6.48,44,614.8,56062.00625
13,296,6.38,40,614.9,56062.006944444445
10,322,6.21,40,614.9,56062.00763888889
12,282,6.25,41,614.8,56062.00833333333
16,290,6.24,43,614.8,56062.00902777778
14,308,6.25,45,614.8,56062.009722222225
15,278,6.3,40,614.8,56062.010416666664
11,258,6.19,42,614.8,56062.01111111111
12,311,6.33,41,614.8,56062.01180555556
13,294,6.46,40,614.8,56062.0125
8,311,6.47,40,614.8,56062.013194444444
13,292,6.46,40,614.8,56062.01388888889
15,305,6.37,41,614.8,56062.01458333333
15,292,6.27,40,614.8,56062.01527777778
14,301,6.16,45,614.8,56062.01597222222
13,319,6.09,39,614.8,56062.01666666667
13,294,6.07,40,614.8,56062.01736111111
16,306,6.21,41,614.8,56062.018055555556
17,310,6.39,37,614.7,56062.01875
12,305,6.4,37,614.7,56062.01944444444
14,301,6.42,37,614.7,56062.02013888889
13,341,6.58,37,614.8,56062.020833333336
18,276,6.84,36,614.8,56062.021527777775
14,286,6.88,36,614.8,56062.02222222222
11,313,6.87,36,614.8,56062.02291666667
12,317,6.98,36,614.8,56062.02361111111
8,322,7.09,36,614.8,56062.024305555555
12,319,7.2,35,614.8,56062.025
9,272,7.11,35,614.8,56062.02569444444
14,276,7.01,37,614.8,56062.02638888889
17,259,6.87,37,614.8,56062.027083333334
15,285,6.71,37,614.8,56062.02777777778
16,292,6.69,37,614.7,56062.02847222222
18,288,6.71,37,614.7,56062.02916666667
17,311,6.68,37,614.7,56062.029861111114
17,275,6.74,36,614.7,56062.03055555555
20,297,6.74,36,614.6,56062.03125
16,300,6.64,36,614.7,56062.03194444445
15,310,6.51,37,614.7,56062.032638888886
18,305,6.4,38,614.7,56062.03333333333
11,314,6.23,38,614.7,56062.03402777778
6,309,6.11,38,614.7,56062.03472222222
8,168,6.09,38,614.7,56062.035416666666
8,305,6.16,38,614.6,56062.03611111111
21,293,6.36,38,614.7,56062.03680555556
19,288,6.36,38,614.7,56062.0375
18,265,6.33,38,614.7,56062.038194444445
14,302,6.31,38,614.7,56062.03888888889
17,278,6.42,38,614.7,56062.03958333333
19,310,6.41,38,614.7,56062.04027777778
17,315,6.49,40,614.7,56062.040972222225
13,69,6.53,40,614.7,56062.041666666664
8,345,6.52,40,614.7,56062.04236111111
20,279,6.61,38,614.7,56062.04305555556
18,268,6.57,38,614.7,56062.04375
10,294,6.37,39,614.7,56062.044444444444
12,264,6.31,39,614.7,56062.04513888889
11,266,6.33,39,614.7,56062.04583333333
8,305,6.34,39,614.7,56062.04652777778
15,267,6.35,38,614.7,56062.04722222222
17,307,6.26,38,614.7,56062.04791666667
18,284,6.22,38,614.7,56062.04861111111
14,295,6.06,38,614.8,56062.049305555556
13,262,5.94,39,614.8,56062.05
11,266,5.83,40,614.8,56062.05069444444
12,296,5.91,40,614.7,56062.05138888889
12,294,6.05,41,614.7,56062.052083333336
9,283,6.13,41,614.7,56062.052777777775
12,322,6.21,41,614.7,56062.05347222222
15,299,6.24,40,614.7,56062.05416666667
10,342,6.1,41,614.7,56062.05486111111
6,269,6.03,42,614.7,56062.055555555555
10,296,6.05,41,614.7,56062.05625
13,261,5.97,41,614.7,56062.05694444444
10,301,5.88,42,614.7,56062.05763888889
7,338,5.95,43,614.7,56062.058333333334
9,317,6.0,43,614.7,56062.05902777778
10,314,6.02,43,614.8,56062.05972222222
6,275,5.94,43,614.8,56062.06041666667
8,276,5.84,42,614.8,56062.061111111114
13,351,5.96,42,614.7,56062.06180555555
7,283,6.09,41,614.7,56062.0625
13,306,6.24,40,614.7,56062.06319444445
15,284,6.4,40,614.7,56062.063888888886
11,267,6.49,39,614.7,56062.06458333333
10,291,6.65,40,614.7,56062.06527777778
7,254,6.77,39,614.7,56062.06597222222
6,316,6.9,39,614.7,56062.066666666666
5,302,6.76,39,614.7,56062.06736111111
7,107,6.72,40,614.7,56062.06805555556
6,291,6.77,40,614.8,56062.06875
9,244,6.89,40,614.8,56062.069444444445
9,299,7.0,39,614.7,56062.07013888889
9,309,7.05,39,614.7,56062.07083333333
14,308,7.11,40,614.7,56062.07152777778
10,304,6.91,41,614.7,56062.072222222225
12,299,6.67,43,614.8,56062.072916666664
10,313,6.39,45,614.8,56062.07361111111
7,278,6.23,45,614.8,56062.07430555556
5,347,6.14,45,614.8,56062.075
8,5,6.21,45,614.8,56062.075694444444
9,256,6.23,44,614.8,56062.07638888889
7,339,6.38,43,614.8,56062.07708333333
8,269,6.42,43,614.8,56062.07777777778
5,311,6.33,44,615.0,56062.07847222222
9,320,6.36,43,614.8,56062.07916666667
10,335,6.35,42,614.8,56062.07986111111
5,319,6.17,43,614.8,56062.080555555556
7,286,6.12,43,614.8,56062.08125
7,316,6.11,43,614.8,56062.08194444444
13,274,6.08,43,614.8,56062.08263888889
7,290,5.94,43,614.8,56062.083333333336
7,339,5.89,43,614.8,56062.084027777775
8,352,5.89,43,614.8,56062.08472222222
5,328,5.99,42,614.8,56062.08541666667
6,307,5.9,42,614.7,56062.08611111111
4,60,6.04,42,614.8,56062.086805555555
8,313,6.3,42,614.8,56062.0875
7,303,6.46,41,614.8,56062.08819444444
5,305,6.27,41,614.8,56062.08888888889
6,301,6.13,41,614.8,56062.089583333334
11,324,6.09,42,614.8,56062.09027777778
8,297,5.96,42,614.8,56062.09097222222
9,287,5.99,42,614.8,56062.09166666667
8,345,6.12,42,614.8,56062.092361111114
5,303,6.19,41,614.8,56062.09305555555
7,340,6.46,40,614.7,56062.09375
6,289,6.56,40,614.8,56062.09444444445
8,308,6.54,40,614.7,56062.095138888886
10,311,6.55,40,614.7,56062.09583333333
5,316,6.42,41,614.7,56062.09652777778
3,304,6.28,42,614.7,56062.09722222222
4,311,6.17,41,614.7,56062.097916666666
10,313,6.25,41,614.7,56062.09861111111
9,266,6.18,41,614.8,56062.09930555556
7,324,6.08,41,614.7,56062.1
7,296,6.02,42,614.7,56062.100694444445
7,286,5.93,41,614.8,56062.10138888889
8,311,5.89,42,614.8,56062.10208333333
7,310,5.8,42,614.8,56062.10277777778
5,316,5.93,43,614.8,56062.103472222225
5,264,6.19,43,614.8,56062.104166666664
9,301,6.51,41,614.8,56062.10486111111
9,300,6.73,40,614.8,56062.10555555556
7,306,6.88,40,614.8,56062.10625
6,285,7.01,39,614.8,56062.106944444444
7,326,7.14,40,614.8,56062.10763888889
6,93,7.18,40,614.8,56062.10833333333
5,16,7.2,41,614.8,56062.10902777778
6,338,7.18,40,614.8,56062.10972222222
4,316,7.1,40,614.8,56062.11041666667
1,37,6.91,42,614.8,56062.11111111111
3,38,6.76,53,614.8,56062.111805555556
3,58,6.61,64,614.8,56062.1125
4,80,6.44,68,614.8,56062.11319444444
2,88,6.24,68,614.8,56062.11388888889
0,83,5.95,69,614.8,56062.114583333336
2,263,5.75,67,614.8,56062.115277777775
3,12,5.67,58,614.8,56062.11597222222
3,10,5.47,70,614.8,56062.11666666667
1,330,5.34,66,614.8,56062.11736111111
3,74,5.45,63,614.8,56062.118055555555
6,97,5.69,58,614.8,56062.11875
8,233,5.97,56,614.8,56062.11944444444
7,137,6.24,49,614.7,56062.12013888889
11,168,6.68,47,614.8,56062.120833333334
9,237,7.0,45,614.7,56062.12152777778
9,170,7.3,43,614.7,56062.12222222222
5,139,7.31,53,614.8,56062.12291666667
4,181,7.06,56,614.8,56062.123611111114
1,172,6.75,59,614.8,56062.12430555555
1,193,6.44,60,614.8,56062.125
2,118,6.19,61,614.8,56062.12569444445
3,125,5.89,64,614.8,56062.126388888886
6,127,5.56,66,614.8,56062.12708333333
6,128,5.32,64,614.8,56062.12777777778
9,126,5.09,63,614.8,56062.12847222222
8,132,4.9,64,614.8,56062.129166666666
7,123,4.7,66,614.8,56062.12986111111
5,140,4.52,65,614.9,56062.13055555556
4,97,4.38,64,614.9,56062.13125
5,84,4.27,64,614.9,56062.131944444445
6,89,4.15,63,614.9,56062.13263888889
7,72,4.07,65,614.9,56062.13333333333
6,101,4.0,65,614.9,56062.13402777778
5,132,3.91,67,614.9,56062.134722222225
4,105,3.85,66,614.9,56062.135416666664
4,111,3.82,66,614.9,56062.13611111111
4,109,3.82,66,614.9,56062.13680555556
4,129,3.83,66,614.9,56062.1375
4,125,3.83,64,614.9,56062.138194444444
4,104,3.83,63,614.9,56062.13888888889
5,115,3.83,63,614.9,56062.13958333333
5,118,3.86,66,614.9,56062.14027777778
3,117,3.87,70,614.9,56062.14097222222
1,143,3.85,71,614.9,56062.14166666667
0,135,3.82,71,614.9,56062.14236111111
1,123,3.83,65,614.9,56062.143055555556
1,181,3.89,63,614.9,56062.14375
3,222,4.05,61,614.9,56062.14444444444
10,236,4.31,61,614.9,56062.14513888889
13,195,4.73,66,614.9,56062.145833333336
7,249,4.96,62,615.0,56062.146527777775
8,272,5.08,56,615.0,56062.14722222222
9,262,5.22,54,614.9,56062.14791666667
15,225,5.41,59,614.9,56062.14861111111
8,191,5.51,54,615.0,56062.149305555555
6,222,5.53,52,615.0,56062.15
3,242,5.49,52,615.0,56062.15069444444
3,246,5.45,51,615.0,56062.15138888889
1,254,5.43,54,615.0,56062.152083333334
0,279,5.44,54,615.0,56062.15277777778
4,268,5.48,51,615.0,56062.15347222222
12,217,5.53,51,615.0,56062.15416666667
9,257,5.63,51,615.0,56062.154861111114
7,258,5.65,51,615.0,56062.15555555555
11,236,5.69,51,615.0,56062.15625
8,302,5.64,51,615.0,56062.15694444445
7,248,5.59,50,615.0,56062.157638888886
8,236,5.5,51,615.0,56062.15833333333
13,248,5.46,50,615.0,56062.15902777778
13,262,5.37,51,615.0,56062.15972222222
9,259,5.2,52,615.0,56062.160416666666
8,215,5.13,52,615.0,56062.16111111111
6,271,5.17,51,615.0,56062.16180555556
9,267,5.19,50,615.0,56062.1625
6,89,5.23,52,615.0,56062.163194444445
6,69,5.16,55,615.0,56062.16388888889
2,70,5.06,56,615.0,56062.16458333333
0,73,4.96,55,615.0,56062.16527777778
0,70,4.88,55,615.1,56062.165972222225
3,69,4.77,54,615.1,56062.166666666664
2,49,4.6,55,615.1,56062.16736111111
0,48,4.43,56,615.1,56062.16805555556
0,48,4.39,56,615.1,56062.16875
0,48,4.32,56,615.1,56062.169444444444
0,50,4.28,56,615.1,56062.17013888889
0,51,4.28,56,615.1,56062.17083333333
0,310,4.27,56,615.1,56062.17152777778
6,5,4.29,53,615.1,56062.17222222222
6,326,4.32,54,615.2,56062.17291666667
3,291,4.32,53,615.2,56062.17361111111
3,307,4.31,53,615.2,56062.174305555556
4,295,4.24,53,615.2,56062.175
3,322,4.21,53,615.2,56062.17569444444
4,314,4.19,53,615.1,56062.17638888889
5,292,4.14,53,615.1,56062.177083333336
2,268,4.08,53,615.1,56062.177777777775
0,292,4.05,53,615.1,56062.17847222222
3,326,4.08,53,615.1,56062.17916666667
6,309,4.05,52,615.1,56062.17986111111
3,316,4.03,52,615.2,56062.180555555555
1,280,3.99,53,615.2,56062.18125
2,280,3.94,53,615.2,56062.18194444444
2,315,3.95,53,615.2,56062.18263888889
3,47,3.89,55,615.2,56062.183333333334
1,62,3.78,55,615.2,56062.18402777778
1,54,3.68,56,615.2,56062.18472222222
0,45,3.61,55,615.2,56062.18541666667
0,45,3.56,54,615.3,56062.186111111114
0,42,3.5,53,615.3,56062.18680555555
0,41,3.45,54,615.3,56062.1875
0,327,3.48,54,615.3,56062.18819444445
3,310,3.48,52,615.3,56062.188888888886
8,270,3.52,52,615.3,56062.18958333333
9,302,3.52,52,615.3,56062.19027777778
7,279,3.53,52,615.3,56062.19097222222
7,299,3.52,52,615.3,56062.191666666666
5,301,3.48,52,615.3,56062.19236111111
1,290,3.41,52,615.4,56062.19305555556
3,303,3.36,53,615.4,56062.19375
2,306,3.3,52,615.4,56062.194444444445
0,306,3.25,53,615.4,56062.19513888889
0,310,3.22,53,615.4,56062.19583333333
0,318,3.25,53,615.4,56062.19652777778
0,287,3.27,53,615.4,56062.197222222225
0,282,3.23,52,615.4,56062.197916666664
0,282,3.19,52,615.4,56062.19861111111
0,282,3.17,52,615.4,56062.19930555556
0,290,3.15,53,615.4,56062.2
0,311,3.14,53,615.4,56062.200694444444
0,327,3.12,53,615.4,56062.20138888889
0,312,3.09,53,615.4,56062.20208333333
0,323,3.06,53,615.4,56062.20277777778
0,325,3.03,53,615.4,56062.20347222222
0,323,2.99,54,615.5,56062.20416666667
0,336,3.0,53,615.5,56062.20486111111
0,342,2.96,53,615.5,56062.205555555556
0,342,2.94,53,615.5,56062.20625
0,337,2.93,53,615.5,56062.20694444444
0,332,2.91,53,615.5,56062.20763888889
0,19,2.89,53,615.5,56062.208333333336
0,20,2.83,54,615.5,56062.209027777775
0,20,2.84,54,615.5,56062.20972222222
0,20,2.85,53,615.5,56062.21041666667
0,19,2.87,53,615.5,56062.21111111111
0,19,2.88,53,615.5,56062.211805555555
0,339,2.91,53,615.5,56062.2125
0,338,2.89,53,615.5,56062.21319444444
0,334,2.87,53,615.5,56062.21388888889
0,335,2.85,53,615.6,56062.214583333334
0,328,2.85,52,615.6,56062.21527777778
0,329,2.83,53,615.6,56062.21597222222
0,345,2.82,53,615.6,56062.21666666667
0,345,2.79,54,615.6,56062.217361111114
0,345,2.75,54,615.6,56062.21805555555
0,345,2.7,56,615.6,56062.21875
0,85,2.63,57,615.6,56062.21944444445
0,85,2.55,58,615.6,56062.220138888886
0,85,2.47,58,615.6,56062.22083333333
0,80,2.4,58,615.6,56062.22152777778
0,80,2.33,58,615.6,56062.22222222222
0,80,2.29,58,615.6,56062.222916666666
0,80,2.25,58,615.7,56062.22361111111
0,80,2.21,56,615.7,56062.22430555556
0,68,2.19,54,615.7,56062.225
0,66,2.18,53,615.7,56062.225694444445
0,66,2.18,53,615.7,56062.22638888889
0,66,2.18,53,615.7,56062.22708333333
0,66,2.18,53,615.7,56062.22777777778
0,66,2.18,50,615.7,56062.228472222225
0,66,2.18,50,615.7,56062.229166666664
0,65,2.18,50,615.7,56062.22986111111
0,65,2.17,50,615.7,56062.23055555556
0,56,2.16,50,615.7,56062.23125
0,56,2.15,50,615.7,56062.231944444444
0,56,2.17,49,615.7,56062.23263888889
0,58,2.18,49,615.7,56062.23333333333
0,56,2.18,50,615.7,56062.23402777778
0,54,2.16,49,615.7,56062.23472222222
0,54,2.16,50,615.7,56062.23541666667
0,75,2.18,47,615.8,56062.23611111111
1,47,2.17,47,615.8,56062.236805555556
1,32,2.17,48,615.8,56062.2375
0,38,2.19,48,615.8,56062.23819444444
0,43,2.19,48,615.8,56062.23888888889
0,45,2.18,46,615.8,56062.239583333336
0,46,2.18,47,615.8,56062.240277777775
0,52,2.18,50,615.8,56062.24097222222
0,67,2.16,50,615.8,56062.24166666667
0,66,2.12,50,615.8,56062.24236111111
0,65,2.08,51,615.8,56062.243055555555
0,64,2.04,51,615.8,56062.24375
0,59,2.01,50,615.8,56062.24444444444
0,26,2.01,49,615.9,56062.24513888889
0,51,2.03,48,615.9,56062.245833333334
0,53,2.02,46,615.9,56062.24652777778
0,49,1.99,47,615.9,56062.24722222222
1,43,2.0,49,615.9,56062.24791666667
2,55,2.02,48,615.9,56062.248611111114
2,48,2.04,47,615.9,56062.24930555555
1,48,2.03,47,615.9,56062.25
0,23,2.05,47,615.9,56062.25069444445
2,45,2.05,48,615.9,56062.251388888886
3,53,2.07,47,615.9,56062.25208333333
1,56,2.09,47,615.9,56062.25277777778
3,48,2.12,47,615.9,56062.25347222222
2,47,2.13,46,616.0,56062.254166666666
2,50,2.13,46,616.0,56062.25486111111
1,36,2.12,46,616.0,56062.25555555556
0,47,2.11,47,616.0,56062.25625
1,49,2.07,47,616.0,56062.256944444445
1,44,2.05,48,616.0,56062.25763888889
1,51,2.04,47,616.0,56062.25833333333
2,40,2.01,46,616.0,56062.25902777778
4,55,2.01,48,616.0,56062.259722222225
5,51,1.96,50,616.0,56062.260416666664
4,39,1.95,51,616.0,56062.26111111111
5,39,1.96,51,616.0,56062.26180555556
4,49,1.98,49,616.0,56062.2625
5,52,1.98,50,616.0,56062.263194444444
6,41,1.96,49,616.0,56062.26388888889
4,44,1.94,49,616.0,56062.26458333333
3,37,1.94,49,616.0,56062.26527777778
5,41,1.94,49,616.0,56062.26597222222
4,31,1.94,49,616.1,56062.26666666667
5,35,1.94,50,616.1,56062.26736111111
5,34,1.94,49,616.1,56062.268055555556
3,47,1.94,50,616.1,56062.26875
4,51,1.93,49,616.1,56062.26944444444
5,53,1.9,51,616.1,56062.27013888889
5,36,1.89,50,616.1,56062.270833333336
5,55,1.89,51,616.1,56062.271527777775
6,51,1.88,50,616.1,56062.27222222222
6,44,1.85,50,616.1,56062.27291666667
6,36,1.81,50,616.1,56062.27361111111
6,46,1.78,49,616.1,56062.274305555555
6,50,1.76,49,616.1,56062.275
8,42,1.73,50,616.1,56062.27569444444
8,49,1.68,49,616.1,56062.27638888889
8,47,1.65,49,616.1,56062.277083333334
8,42,1.63,49,616.1,56062.27777777778
8,50,1.6,48,616.1,56062.27847222222
8,49,1.58,48,616.1,56062.27916666667
6,44,1.56,48,616.1,56062.279861111114
5,42,1.54,49,616.1,56062.28055555555
5,47,1.57,50,616.1,56062.28125
4,40,1.59,51,616.1,56062.28194444445
6,42,1.6,49,616.1,56062.282638888886
6,45,1.61,49,616.1,56062.28333333333
8,40,1.6,48,616.2,56062.28402777778
7,46,1.6,50,616.2,56062.28472222222
7,42,1.62,49,616.2,56062.285416666666
7,58,1.6,48,616.2,56062.28611111111
7,48,1.58,48,616.2,56062.28680555556
7,48,1.54,48,616.2,56062.2875
6,47,1.52,48,616.2,56062.288194444445
6,48,1.5,48,616.2,56062.28888888889
6,54,1.5,47,616.2,56062.28958333333
6,47,1.49,47,616.2,56062.29027777778
7,42,1.47,47,616.2,56062.290972222225
6,48,1.47,47,616.2,56062.291666666664
6,48,1.47,48,616.2,56062.29236111111
5,55,1.5,48,616.2,56062.29305555556
6,54,1.5,47,616.2,56062.29375
6,54,1.51,47,616.2,56062.294444444444
8,50,1.49,46,616.2,56062.29513888889
7,59,1.5,47,616.2,56062.29583333333
6,69,1.53,47,616.2,56062.29652777778
5,62,1.54,48,616.2,56062.29722222222
5,61,1.55,46,616.2,56062.29791666667
5,64,1.54,46,616.2,56062.29861111111
5,60,1.53,46,616.2,56062.299305555556
6,61,1.51,48,616.2,56062.3
6,58,1.49,47,616.2,56062.30069444444
6,61,1.49,47,616.2,56062.30138888889
6,61,1.49,47,616.2,56062.302083333336
6,64,1.49,47,616.2,56062.302777777775
6,63,1.48,46,616.2,56062.30347222222
6,70,1.46,47,616.3,56062.30416666667
6,67,1.43,47,616.3,56062.30486111111
5,70,1.4,46,616.3,56062.305555555555
5,73,1.39,46,616.3,56062.30625
5,70,1.38,46,616.3,56062.30694444444
4,70,1.38,46,616.3,56062.30763888889
5,67,1.38,47,616.3,56062.308333333334
7,57,1.38,48,616.3,56062.30902777778
7,63,1.4,49,616.3,56062.30972222222
9,56,1.41,50,616.3,56062.31041666667
7,52,1.43,50,616.3,56062.311111111114
6,59,1.45,48,616.3,56062.31180555555
7,63,1.42,48,616.3,56062.3125
8,57,1.41,49,616.3,56062.31319444445
9,62,1.41,48,616.3,56062.313888888886
9,58,1.42,48,616.3,56062.31458333333
9,58,1.44,48,616.3,56062.31527777778
10,55,1.44,49,616.3,56062.31597222222
8,66,1.46,49,616.3,56062.316666666666
7,61,1.45,47,616.3,56062.31736111111
7,67,1.44,48,616.4,56062.31805555556
8,58,1.46,48,616.4,56062.31875
7,59,1.47,47,616.4,56062.319444444445
8,54,1.46,48,616.4,56062.32013888889
8,59,1.46,48,616.4,56062.32083333333
8,54,1.47,48,616.4,56062.32152777778
8,53,1.45,48,616.4,56062.322222222225
8,56,1.47,48,616.4,56062.322916666664
9,55,1.47,48,616.4,56062.32361111111
8,58,1.47,48,616.4,56062.32430555556
8,55,1.47,48,616.4,56062.325
8,55,1.48,48,616.4,56062.325694444444
8,54,1.47,48,616.4,56062.32638888889
8,57,1.48,48,616.4,56062.32708333333
8,60,1.47,47,616.4,56062.32777777778
8,55,1.47,48,616.4,56062.32847222222
9,55,1.46,48,616.4,56062.32916666667
9,56,1.42,48,616.4,56062.32986111111
9,57,1.43,48,616.4,56062.330555555556
9,58,1.44,48,616.4,56062.33125
10,64,1.42,49,616.4,56062.33194444444
10,67,1.44,49,616.4,56062.33263888889
9,66,1.43,48,616.4,56062.333333333336
8,68,1.44,48,616.4,56062.334027777775
6,73,1.45,47,616.4,56062.33472222222
6,77,1.44,47,616.4,56062.33541666667
6,72,1.44,47,616.4,56062.33611111111
6,67,1.42,47,616.4,56062.336805555555
8,59,1.42,47,616.4,56062.3375
9,67,1.44,46,616.4,56062.33819444444
10,57,1.44,46,616.4,56062.33888888889
9,67,1.47,46,616.4,56062.339583333334
9,67,1.48,46,616.4,56062.34027777778
10,64,1.45,46,616.4,56062.34097222222
10,79,1.44,46,616.4,56062.34166666667
9,64,1.44,46,616.4,56062.342361111114
10,64,1.42,46,616.3,56062.34305555555
10,65,1.39,46,616.3,56062.34375
9,61,1.38,46,616.3,56062.34444444445
11,62,1.33,46,616.3,56062.345138888886
9,68,1.35,46,616.4,56062.34583333333
8,67,1.36,46,616.3,56062.34652777778
9,62,1.38,46,616.4,56062.34722222222
9,68,1.39,46,616.3,56062.347916666666
8,68,1.39,46,616.4,56062.34861111111
8,68,1.43,46,616.4,56062.34930555556
7,65,1.44,46,616.4,56062.35
7,67,1.45,46,616.4,56062.350694444445
7,77,1.44,46,616.4,56062.35138888889
7,66,1.43,46,616.4,56062.35208333333
7,69,1.41,46,616.4,56062.35277777778
7,66,1.41,46,616.4,56062.353472222225
7,67,1.41,46,616.4,56062.354166666664
6,67,1.42,46,616.4,56062.35486111111
6,67,1.41,46,616.4,56062.35555555556
7,64,1.41,46,616.4,56062.35625
8,61,1.4,46,616.4,56062.356944444444
8,72,1.43,46,616.3,56062.35763888889
7,68,1.43,46,616.3,56062.35833333333
7,59,1.42,46,616.4,56062.35902777778
7,68,1.4,47,616.3,56062.35972222222
6,64,1.39,47,616.4,56062.36041666667
7,64,1.37,47,616.3,56062.36111111111
7,70,1.35,47,616.3,56062.361805555556
7,63,1.36,47,616.3,56062.3625
7,65,1.36,47,616.3,56062.36319444444
8,66,1.36,47,616.3,56062.36388888889
8,70,1.37,47,616.3,56062.364583333336
8,63,1.38,47,616.3,56062.365277777775
8,68,1.37,47,616.3,56062.36597222222
7,74,1.37,47,616.3,56062.36666666667
7,64,1.36,47,616.3,56062.36736111111
7,63,1.33,47,616.3,56062.368055555555
8,65,1.31,47,616.3,56062.36875
9,62,1.29,47,616.3,56062.36944444444
8,66,1.28,47,616.3,56062.37013888889
8,73,1.29,47,616.3,56062.370833333334
8,69,1.29,46,616.4,56062.37152777778
9,61,1.29,47,616.3,56062.37222222222
9,62,1.34,47,616.3,56062.37291666667
8,66,1.35,47,616.3,56062.373611111114
9,64,1.33,48,616.3,56062.37430555555
10,73,1.3,48,616.3,56062.375
9,77,1.32,48,616.3,56062.37569444445
7,64,1.32,48,616.3,56062.376388888886
8,65,1.32,47,616.2,56062.37708333333
9,65,1.34,48,616.2,56062.37777777778
10,66,1.37,48,616.2,56062.37847222222
10,64,1.38,47,616.2,56062.379166666666
9,67,1.39,47,616.2,56062.37986111111
8,63,1.38,47,616.2,56062.38055555556
7,73,1.37,47,616.2,56062.38125
6,66,1.35,46,616.2,56062.381944444445
6,69,1.33,46,616.2,56062.38263888889
8,67,1.32,47,616.2,56062.38333333333
9,70,1.32,48,616.2,56062.38402777778
9,66,1.29,48,616.2,56062.384722222225
9,65,1.28,47,616.2,56062.385416666664
9,76,1.26,47,616.2,56062.38611111111
8,74,1.27,47,616.2,56062.38680555556
8,63,1.27,47,616.2,56062.3875
8,72,1.28,47,616.2,56062.388194444444
7,74,1.29,47,616.1,56062.38888888889
6,75,1.29,47,616.1,56062.38958333333
6,65,1.3,48,616.1,56062.39027777778
7,71,1.33,48,616.1,56062.39097222222
6,73,1.36,48,616.1,56062.39166666667
6,76,1.38,48,616.1,56062.39236111111
6,73,1.4,48,616.1,56062.393055555556
5,69,1.42,49,616.0,56062.39375
5,72,1.45,49,616.0,56062.39444444444
5,76,1.47,49,616.0,56062.39513888889
5,83,1.48,49,616.0,56062.395833333336
5,77,1.51,49,616.0,56062.396527777775
4,69,1.53,49,616.0,56062.39722222222
4,78,1.53,49,616.0,56062.39791666667
4,75,1.54,49,616.0,56062.39861111111
4,76,1.54,49,616.0,56062.399305555555
5,77,1.54,49,616.0,56062.4
5,81,1.55,49,616.0,56062.40069444444
5,71,1.56,48,616.0,56062.40138888889
5,79,1.56,48,616.0,56062.402083333334
5,80,1.56,48,616.0,56062.40277777778
4,71,1.56,48,616.0,56062.40347222222
3,83,1.55,48,616.0,56062.40416666667
4,80,1.55,48,616.0,56062.404861111114
4,81,1.54,48,616.0,56062.40555555555
4,81,1.52,48,616.0,56062.40625
4,84,1.49,48,616.0,56062.40694444445
5,77,1.46,48,615.9,56062.407638888886
5,76,1.44,48,615.9,56062.40833333333
5,87,1.42,48,615.9,56062.40902777778
5,85,1.37,48,615.9,56062.40972222222
6,81,1.35,48,615.9,56062.410416666666
7,84,1.33,48,615.9,56062.41111111111
7,76,1.35,48,615.9,56062.41180555556
7,76,1.36,48,615.9,56062.4125
6,67,1.38,49,615.9,56062.413194444445
7,77,1.4,49,615.9,56062.41388888889
6,72,1.41,49,615.9,56062.41458333333
6,75,1.41,49,615.9,56062.41527777778
5,69,1.41,49,615.9,56062.415972222225
