wind_speed,wind_direction,temperature,relative_humidity,pressure,mjd
16,92,-2.88,65,617.5,55707.416666666664
15,111,-2.89,65,617.5,55707.41736111111
15,90,-2.92,64,617.5,55707.41805555556
16,89,-2.95,65,617.5,55707.41875
16,86,-2.95,67,617.5,55707.419444444444
19,91,-2.94,68,617.5,55707.42013888889
16,90,-2.9,65,617.5,55707.42083333333
17,101,-2.87,67,617.5,55707.42152777778
17,94,-2.83,67,617.5,55707.42222222222
19,86,-2.81,64,617.5,55707.42291666667
17,83,-2.79,64,617.5,55707.42361111111
16,97,-2.79,66,617.4,55707.424305555556
19,92,-2.8,67,617.5,55707.425
18,102,-2.8,67,617.5,55707.42569444444
16,116,-2.8,65,617.5,55707.42638888889
16,95,-2.81,67,617.5,55707.427083333336
17,89,-2.83,67,617.4,55707.427777777775
17,85,-2.85,69,617.4,55707.42847222222
16,116,-2.86,70,617.4,55707.42916666667
16,69,-2.86,69,617.5,55707.42986111111
17,104,-2.85,72,617.5,55707.430555555555
18,96,-2.81,73,617.5,55707.43125
16,101,-2.76,71,617.5,55707.43194444444
15,112,-2.74,71,617.5,55707.43263888889
15,90,-2.74,70,617.5,55707.433333333334
16,111,-2.74,72,617.5,55707.43402777778
16,103,-2.72,72,617.6,55707.43472222222
14,97,-2.73,70,617.6,55707.43541666667
12,99,-2.74,69,617.5,55707.436111111114
13,98,-2.77,69,617.5,55707.43680555555
15,101,-2.77,71,617.5,55707.4375
14,81,-2.77,71,617.5,55707.43819444445
13,90,-2.78,72,617.5,55707.438888888886
13,127,-2.77,72,617.5,55707.43958333333
13,117,-2.8,70,617.5,55707.44027777778
11,110,-2.81,69,617.5,55707.44097222222
12,117,-2.83,70,617.5,55707.441666666666
11,117,-2.86,69,617.5,55707.44236111111
13,99,-2.89,69,617.5,55707.44305555556
13,80,-2.91,66,617.5,55707.44375
10,102,-2.94,66,617.5,55707.444444444445
13,92,-2.95,67,617.4,55707.44513888889
14,95,-2.97,67,617.4,55707.44583333333
14,89,-2.97,70,617.4,55707.44652777778
14,100,-2.97,69,617.4,55707.447222222225
14,103,-2.96,69,617.4,55707.447916666664
12,77,-2.96,67,617.4,55707.44861111111
13,104,-2.97,69,617.4,55707.44930555556
13,99,-2.95,71,617.4,55707.45
12,79,-2.92,70,617.4,55707.450694444444
11,97,-2.91,69,617.4,55707.450694444444
11,98,-2.9,69,617.4,55707.45208333333
12,113,-2.89,68,617.3,55707.45277777778
11,109,-2.91,66,617.3,55707.45347222222
13,93,-2.9,68,617.3,55707.45416666667
13,81,-2.89,67,617.3,55707.45486111111
13,93,-2.89,67,617.3,55707.455555555556
13,113,-2.88,65,617.3,55707.45625
13,105,-2.89,65,617.2,55707.45694444444
12,92,-2.89,65,617.2,55707.45763888889
12,106,-2.9,65,617.2,55707.458333333336
13,96,-2.91,68,617.2,55707.459027777775
14,93,-2.89,69,617.2,55707.45972222222
13,87,-2.91,67,617.2,55707.46041666667
11,107,-2.93,66,617.2,55707.46111111111
12,112,-2.95,65,617.2,55707.461805555555
12,111,-2.98,67,617.2,55707.4625
12,99,-3.02,69,617.2,55707.46319444444
11,97,-3.02,70,617.2,55707.46388888889
11,100,-3.03,69,617.2,55707.464583333334
13,77,-3.01,68,617.2,55707.46527777778
12,111,-2.99,66,617.2,55707.46597222222
11,115,-2.98,66,617.2,55707.46666666667
12,99,-3.0,68,617.2,55707.467361111114
11,101,-2.99,68,617.2,55707.46805555555
12,83,-2.98,68,617.1,55707.46875
12,104,-2.98,67,617.2,55707.46944444445
11,82,-2.97,66,617.1,55707.470138888886
12,99,-2.99,65,617.1,55707.47083333333
12,98,-3.01,66,617.1,55707.47152777778
13,120,-3.01,66,617.1,55707.47222222222
12,102,-3.03,63,617.1,55707.472916666666
12,108,-3.05,63,617.1,55707.47361111111
13,88,-3.07,64,617.1,55707.47430555556
12,120,-3.07,65,617.1,55707.475
12,87,-3.08,66,617.1,55707.475694444445
11,109,-3.12,66,617.0,55707.47638888889
11,112,-3.17,66,617.0,55707.47708333333
11,105,-3.21,66,617.1,55707.47777777778
12,104,-3.25,65,617.1,55707.478472222225
11,106,-3.28,68,617.0,55707.479166666664
11,108,-3.25,71,617.0,55707.47986111111
11,96,-3.21,70,617.1,55707.48055555556
12,86,-3.18,70,617.1,55707.48125
12,104,-3.16,68,617.1,55707.481944444444
12,101,-3.14,69,617.1,55707.48263888889
13,107,-3.11,71,617.0,55707.48333333333
13,108,-3.09,71,617.1,55707.48402777778
12,84,-3.07,69,617.1,55707.48472222222
13,100,-3.06,69,617.0,55707.48541666667
14,100,-3.06,70,617.0,55707.48611111111
13,122,-3.03,69,617.0,55707.486805555556
11,117,-3.04,68,617.0,55707.4875
13,112,-3.08,69,617.0,55707.48819444444
12,103,-3.11,69,617.0,55707.48888888889
12,106,-3.15,69,617.0,55707.489583333336
12,118,-3.16,69,617.0,55707.490277777775
12,76,-3.19,68,617.0,55707.49097222222
14,84,-3.18,72,617.0,55707.49166666667
13,101,-3.16,70,617.0,55707.49236111111
13,98,-3.18,67,616.9,55707.493055555555
12,106,-3.2,69,616.9,55707.49375
12,107,-3.23,68,616.9,55707.49444444444
13,133,-3.23,71,617.0,55707.49513888889
13,105,-3.22,69,616.9,55707.495833333334
12,95,-3.25,67,616.9,55707.49652777778
14,100,-3.29,65,616.9,55707.49722222222
14,107,-3.31,63,616.8,55707.49791666667
14,92,-3.32,61,616.9,55707.498611111114
15,104,-3.28,65,616.9,55707.49930555555
14,88,-3.24,63,616.9,55707.5
12,105,-3.21,60,617.0,55707.50069444445
11,84,-3.2,60,616.9,55707.501388888886
13,99,-3.19,60,616.9,55707.50208333333
12,121,-3.19,61,616.9,55707.50277777778
13,106,-3.2,63,616.8,55707.50347222222
13,88,-3.2,66,616.8,55707.504166666666
12,85,-3.19,65,616.9,55707.50486111111
12,79,-3.19,63,616.9,55707.50555555556
13,93,-3.21,56,616.9,55707.50625
12,128,-3.2,54,616.9,55707.506944444445
13,92,-3.2,55,616.8,55707.50763888889
13,106,-3.2,54,616.9,55707.50833333333
12,89,-3.2,55,616.8,55707.50902777778
12,105,-3.2,55,616.9,55707.509722222225
11,103,-3.21,58,616.9,55707.510416666664
11,102,-3.23,58,616.8,55707.51111111111
11,99,-3.26,62,616.8,55707.51180555556
12,99,-3.26,62,616.8,55707.5125
10,111,-3.26,60,616.8,55707.513194444444
11,88,-3.29,62,616.8,55707.51388888889
12,103,-3.29,63,616.8,55707.51458333333
11,89,-3.31,62,616.8,55707.51527777778
12,103,-3.33,66,616.8,55707.51597222222
12,99,-3.31,69,616.8,55707.51666666667
12,98,-3.29,69,616.8,55707.51736111111
12,101,-3.28,67,616.8,55707.518055555556
11,102,-3.24,69,616.8,55707.51875
10,110,-3.24,68,616.8,55707.51944444444
9,101,-3.23,68,616.8,55707.52013888889
12,116,-3.24,67,616.7,55707.520833333336
12,116,-3.26,68,616.8,55707.521527777775
11,102,-3.28,68,616.7,55707.52222222222
12,63,-3.32,70,616.7,55707.52291666667
13,102,-3.33,69,616.7,55707.52361111111
13,99,-3.29,70,616.8,55707.524305555555
12,97,-3.26,71,616.7,55707.524305555555
12,99,-3.25,72,616.7,55707.525
12,104,-3.27,71,616.7,55707.52638888889
12,92,-3.29,74,616.7,55707.527083333334
13,108,-3.29,76,616.7,55707.52777777778
12,96,-3.29,74,616.7,55707.52847222222
13,103,-3.3,73,616.7,55707.52916666667
13,90,-3.31,75,616.7,55707.529861111114
13,108,-3.29,74,616.6,55707.53055555555
13,116,-3.29,75,616.6,55707.53125
13,110,-3.29,76,616.6,55707.53194444445
13,97,-3.29,75,616.6,55707.532638888886
13,117,-3.3,74,616.6,55707.53333333333
12,100,-3.32,73,616.6,55707.53402777778
13,96,-3.34,75,616.6,55707.53472222222
12,103,-3.34,75,616.6,55707.535416666666
14,100,-3.35,75,616.6,55707.53611111111
13,94,-3.32,77,616.6,55707.53680555556
13,103,-3.32,76,616.5,55707.5375
14,101,-3.35,75,616.6,55707.538194444445
13,122,-3.36,75,616.6,55707.53888888889
13,91,-3.37,75,616.6,55707.53958333333
13,91,-3.37,76,616.6,55707.54027777778
14,102,-3.37,77,616.6,55707.540972222225
14,95,-3.37,77,616.6,55707.541666666664
13,87,-3.38,78,616.6,55707.54236111111
13,117,-3.37,78,616.5,55707.54305555556
13,102,-3.36,77,616.5,55707.54375
13,104,-3.35,77,616.5,55707.544444444444
13,107,-3.35,79,616.5,55707.54513888889
12,104,-3.35,79,616.5,55707.54583333333
13,99,-3.35,78,616.5,55707.54652777778
13,113,-3.35,78,616.5,55707.54722222222
13,109,-3.37,78,616.5,55707.54791666667
13,104,-3.39,76,616.5,55707.54861111111
12,106,-3.44,77,616.5,55707.549305555556
13,95,-3.5,76,616.5,55707.55
13,104,-3.48,77,616.4,55707.55069444444
13,108,-3.48,79,616.5,55707.55138888889
13,107,-3.44,77,616.4,55707.552083333336
12,113,-3.44,78,616.4,55707.552777777775
13,103,-3.46,78,616.4,55707.55347222222
13,95,-3.46,79,616.4,55707.55416666667
13,106,-3.47,79,616.4,55707.55486111111
13,112,-3.5,79,616.3,55707.555555555555
12,120,-3.52,79,616.4,55707.55625
12,99,-3.53,79,616.4,55707.55694444444
13,100,-3.54,79,616.4,55707.55763888889
13,111,-3.56,79,616.3,55707.558333333334
12,118,-3.54,81,616.4,55707.55902777778
13,99,-3.57,80,616.3,55707.55972222222
13,105,-3.52,75,616.3,55707.56041666667
12,107,-3.49,78,616.4,55707.561111111114
12,109,-3.47,78,616.4,55707.56180555555
14,108,-3.49,79,616.4,55707.5625
12,107,-3.49,75,616.3,55707.56319444445
13,96,-3.49,79,616.3,55707.563888888886
12,107,-3.54,79,616.4,55707.56458333333
13,110,-3.6,80,616.3,55707.56527777778
14,103,-3.62,79,616.2,55707.56597222222
13,77,-3.63,80,616.3,55707.566666666666
14,92,-3.63,80,616.3,55707.56736111111
13,95,-3.62,80,616.3,55707.56805555556
13,93,-3.63,79,616.4,55707.56875
14,109,-3.62,78,616.3,55707.569444444445
14,80,-3.6,78,616.3,55707.57013888889
14,103,-3.57,78,616.3,55707.57083333333
13,103,-3.53,78,616.3,55707.57152777778
13,89,-3.5,78,616.3,55707.572222222225
13,91,-3.46,79,616.4,55707.572916666664
14,99,-3.45,79,616.4,55707.57361111111
13,87,-3.43,78,616.3,55707.57430555556
12,97,-3.41,79,616.3,55707.575
13,97,-3.41,78,616.3,55707.575694444444
13,86,-3.4,78,616.4,55707.57638888889
13,89,-3.38,78,616.3,55707.57708333333
13,99,-3.38,79,616.4,55707.57777777778
13,89,-3.38,80,616.3,55707.57847222222
14,87,-3.38,79,616.3,55707.57916666667
14,91,-3.38,78,616.3,55707.57986111111
14,95,-3.38,78,616.3,55707.580555555556
15,92,-3.4,78,616.4,55707.58125
15,98,-3.41,79,616.3,55707.58194444444
14,99,-3.42,79,616.3,55707.58263888889
14,113,-3.41,80,616.3,55707.583333333336
14,103,-3.42,79,616.3,55707.584027777775
14,96,-3.42,77,616.3,55707.58472222222
13,78,-3.41,78,616.4,55707.58541666667
15,84,-3.39,78,616.4,55707.58611111111
14,107,-3.38,77,616.3,55707.586805555555
14,80,-3.38,77,616.3,55707.5875
14,93,-3.38,77,616.4,55707.58819444444
13,97,-3.39,77,616.4,55707.58888888889
13,94,-3.38,77,616.5,55707.589583333334
14,102,-3.37,77,616.5,55707.59027777778
14,105,-3.34,78,616.5,55707.59097222222
13,94,-3.34,78,616.5,55707.59166666667
14,92,-3.34,78,616.4,55707.592361111114
14,95,-3.35,76,616.4,55707.59305555555
15,91,-3.37,74,616.3,55707.59375
14,107,-3.35,75,616.4,55707.59444444445
13,107,-3.35,77,616.4,55707.595138888886
13,93,-3.36,78,616.4,55707.59583333333
13,97,-3.36,79,616.4,55707.59652777778
14,95,-3.36,75,616.4,55707.59722222222
13,101,-3.35,77,616.4,55707.597916666666
14,99,-3.35,77,616.3,55707.59861111111
14,97,-3.35,77,616.4,55707.59930555556
13,91,-3.34,78,616.4,55707.6
15,98,-3.34,79,616.3,55707.600694444445
14,95,-3.35,78,616.4,55707.60138888889
15,105,-3.34,77,616.3,55707.60208333333
15,92,-3.33,75,616.4,55707.60277777778
16,89,-3.26,70,616.4,55707.603472222225
15,95,-3.2,72,616.4,55707.604166666664
16,98,-3.13,67,616.3,55707.60486111111
14,118,-3.05,68,616.3,55707.60555555556
15,98,-3.04,70,616.3,55707.60625
15,102,-2.98,68,616.4,55707.606944444444
15,92,-2.95,71,616.4,55707.60763888889
15,65,-2.93,71,616.4,55707.60833333333
15,96,-2.93,68,616.4,55707.60902777778
15,109,-2.92,70,616.4,55707.60972222222
14,89,-2.93,71,616.4,55707.61041666667
15,88,-2.95,72,616.4,55707.61111111111
15,82,-2.97,71,616.3,55707.611805555556
16,91,-2.98,72,616.4,55707.6125
16,92,-3.02,75,616.4,55707.61319444444
16,76,-3.06,72,616.4,55707.61388888889
16,97,-3.08,72,616.4,55707.614583333336
15,105,-3.1,73,616.4,55707.615277777775
15,95,-3.13,73,616.4,55707.61597222222
16,94,-3.14,72,616.4,55707.61666666667
16,99,-3.15,74,616.4,55707.61736111111
16,80,-3.17,73,616.4,55707.618055555555
15,94,-3.17,72,616.4,55707.61875
15,100,-3.16,71,616.4,55707.61944444444
15,99,-3.14,70,616.3,55707.62013888889
16,83,-3.12,69,616.3,55707.620833333334
16,96,-3.11,71,616.3,55707.62152777778
15,99,-3.12,69,616.4,55707.62222222222
15,88,-3.1,67,616.3,55707.62291666667
15,84,-3.07,68,616.3,55707.623611111114
16,99,-3.03,63,616.3,55707.62430555555
16,88,-2.95,67,616.3,55707.625
15,93,-2.94,71,616.4,55707.62569444445
16,107,-2.97,68,616.3,55707.626388888886
15,87,-2.98,69,616.4,55707.62708333333
15,93,-3.04,71,616.4,55707.62777777778
17,91,-3.09,72,616.4,55707.62847222222
17,93,-3.14,72,616.4,55707.629166666666
16,93,-3.18,73,616.4,55707.62986111111
16,100,-3.23,74,616.4,55707.63055555556
17,95,-3.26,72,616.3,55707.63125
17,97,-3.27,74,616.4,55707.631944444445
16,97,-3.3,74,616.4,55707.63263888889
17,91,-3.34,74,616.4,55707.63333333333
18,94,-3.35,73,616.4,55707.63402777778
18,95,-3.35,73,616.5,55707.634722222225
18,93,-3.35,73,616.4,55707.635416666664
17,90,-3.35,72,616.4,55707.63611111111
17,99,-3.34,72,616.4,55707.63680555556
18,88,-3.31,71,616.4,55707.6375
19,89,-3.28,70,616.4,55707.638194444444
19,89,-3.22,69,616.3,55707.63888888889
19,95,-3.17,68,616.4,55707.63958333333
18,91,-3.14,69,616.4,55707.64027777778
17,91,-3.11,69,616.4,55707.64097222222
18,93,-3.06,66,616.3,55707.64166666667
18,89,-3.01,67,616.4,55707.64236111111
14,91,-2.99,68,616.5,55707.643055555556
17,96,-3.0,68,616.5,55707.64375
16,86,-3.0,68,616.5,55707.64444444444
18,97,-3.03,68,616.5,55707.64513888889
16,89,-3.05,68,616.5,55707.645833333336
16,90,-3.09,68,616.5,55707.646527777775
18,91,-3.13,68,616.5,55707.64722222222
18,89,-3.16,69,616.5,55707.64791666667
19,86,-3.2,69,616.5,55707.64861111111
18,87,-3.2,68,616.6,55707.649305555555
19,98,-3.19,68,616.5,55707.65
17,89,-3.16,67,616.5,55707.65069444444
18,93,-3.13,67,616.5,55707.65138888889
18,89,-3.12,67,616.5,55707.652083333334
18,86,-3.11,67,616.5,55707.65277777778
18,91,-3.1,67,616.5,55707.65347222222
20,97,-3.08,66,616.5,55707.65416666667
17,96,-3.07,66,616.5,55707.654861111114
16,92,-3.07,66,616.5,55707.65555555555
17,89,-3.06,66,616.5,55707.65625
18,89,-3.04,66,616.6,55707.65694444445
17,90,-3.02,66,616.6,55707.657638888886
17,95,-3.02,66,616.5,55707.65833333333
18,87,-3.01,66,616.6,55707.65902777778
18,90,-3.01,66,616.6,55707.65972222222
17,88,-3.0,66,616.6,55707.660416666666
18,92,-2.98,67,616.6,55707.66111111111
19,93,-2.94,65,616.5,55707.66180555556
17,100,-2.89,65,616.6,55707.6625
17,93,-2.84,65,616.6,55707.663194444445
18,86,-2.8,62,616.6,55707.66388888889
17,93,-2.73,62,616.6,55707.66458333333
15,94,-2.7,64,616.6,55707.66527777778
17,95,-2.67,62,616.6,55707.665972222225
17,91,-2.63,63,616.6,55707.666666666664
17,96,-2.59,63,616.6,55707.66736111111
18,99,-2.54,61,616.6,55707.66805555556
19,85,-2.46,59,616.6,55707.66875
17,90,-2.39,59,616.6,55707.669444444444
18,96,-2.32,58,616.6,55707.67013888889
16,97,-2.28,62,616.6,55707.67083333333
18,95,-2.24,58,616.6,55707.67152777778
17,95,-2.17,59,616.6,55707.67222222222
21,89,-2.1,53,616.6,55707.67291666667
21,94,-1.98,52,616.6,55707.67361111111
19,90,-1.89,53,616.6,55707.674305555556
19,90,-1.81,53,616.6,55707.675
21,92,-1.73,53,616.6,55707.67569444444
19,87,-1.7,56,616.6,55707.67638888889
18,88,-1.69,57,616.7,55707.677083333336
18,83,-1.69,56,616.6,55707.677777777775
18,95,-1.65,52,616.7,55707.67847222222
18,83,-1.63,51,616.7,55707.67916666667
18,93,-1.61,56,616.7,55707.67986111111
18,93,-1.63,56,616.7,55707.680555555555
16,87,-1.64,56,616.7,55707.68125
17,96,-1.67,58,616.7,55707.68194444444
18,110,-1.7,57,616.7,55707.68263888889
19,92,-1.72,57,616.7,55707.683333333334
18,96,-1.74,56,616.7,55707.68402777778
17,108,-1.77,58,616.7,55707.68472222222
18,86,-1.8,58,616.7,55707.68541666667
20,84,-1.79,58,616.7,55707.686111111114
18,89,-1.78,57,616.7,55707.68680555555
18,84,-1.78,58,616.7,55707.6875
17,96,-1.75,55,616.7,55707.68819444445
17,94,-1.72,56,616.7,55707.688888888886
19,90,-1.7,57,616.8,55707.68958333333
19,104,-1.67,55,616.7,55707.69027777778
19,98,-1.63,53,616.7,55707.69097222222
20,95,-1.56,52,616.7,55707.691666666666
18,90,-1.5,52,616.7,55707.69236111111
17,62,-1.47,53,616.7,55707.69305555556
20,98,-1.39,48,616.7,55707.69375
21,86,-1.32,50,616.7,55707.694444444445
21,89,-1.24,47,616.7,55707.69513888889
21,93,-1.18,50,616.7,55707.69583333333
24,97,-1.13,45,616.8,55707.69652777778
20,97,-1.1,45,616.8,55707.697222222225
18,92,-1.08,50,616.8,55707.697916666664
19,95,-1.07,49,616.8,55707.69861111111
21,90,-1.04,47,616.8,55707.69930555556
23,92,-1.01,45,616.8,55707.7
23,90,-0.96,43,616.8,55707.700694444444
20,89,-0.89,42,616.8,55707.70138888889
19,95,-0.88,46,616.8,55707.70208333333
19,96,-0.92,49,616.8,55707.70277777778
20,90,-0.94,45,616.9,55707.70347222222
21,93,-0.93,44,616.9,55707.70416666667
21,90,-0.93,48,616.9,55707.70486111111
21,90,-0.92,47,616.9,55707.705555555556
19,87,-0.89,47,616.9,55707.70625
19,90,-0.91,49,616.9,55707.70694444444
23,85,-0.88,48,616.9,55707.70763888889
23,90,-0.86,44,616.9,55707.708333333336
19,95,-0.84,48,617.0,55707.709027777775
21,85,-0.84,48,617.0,55707.70972222222
18,81,-0.84,47,617.0,55707.71041666667
21,91,-0.81,44,617.0,55707.71111111111
23,96,-0.75,43,616.9,55707.711805555555
21,89,-0.69,43,617.0,55707.7125
22,88,-0.64,43,617.0,55707.71319444444
22,88,-0.59,39,617.1,55707.71388888889
18,93,-0.56,42,617.1,55707.714583333334
19,94,-0.55,48,617.1,55707.71527777778
22,86,-0.54,42,617.1,55707.71597222222
22,93,-0.5,40,617.0,55707.71666666667
21,86,-0.48,44,617.1,55707.717361111114
19,86,-0.43,39,617.1,55707.71805555555
20,92,-0.43,46,617.1,55707.71875
21,86,-0.45,46,617.1,55707.71944444445
21,86,-0.44,38,617.1,55707.720138888886
20,90,-0.38,47,617.1,55707.72083333333
20,88,-0.38,48,617.2,55707.72152777778
21,72,-0.42,46,617.1,55707.72222222222
22,89,-0.44,44,617.1,55707.722916666666
23,84,-0.46,44,617.1,55707.72361111111
23,90,-0.45,39,617.2,55707.72430555556
22,78,-0.46,42,617.2,55707.725
24,88,-0.43,37,617.2,55707.725694444445
20,85,-0.41,40,617.2,55707.72638888889
23,77,-0.39,39,617.3,55707.72708333333
22,89,-0.31,37,617.2,55707.72777777778
21,80,-0.25,37,617.3,55707.728472222225
21,93,-0.19,39,617.3,55707.729166666664
22,82,-0.16,44,617.3,55707.72986111111
23,80,-0.13,41,617.3,55707.73055555556
24,89,-0.07,36,617.4,55707.73125
23,86,-0.04,37,617.2,55707.731944444444
22,88,0.01,35,617.3,55707.73263888889
23,69,0.01,37,617.2,55707.73333333333
22,80,0.04,36,617.3,55707.73402777778
21,66,0.02,36,617.3,55707.73472222222
22,97,0.03,37,617.3,55707.73541666667
22,81,0.04,36,617.3,55707.73611111111
22,87,0.02,40,617.4,55707.736805555556
22,91,-0.01,34,617.4,55707.7375
22,68,0.03,33,617.4,55707.73819444444
20,81,0.03,34,617.4,55707.73888888889
21,87,0.04,34,617.5,55707.739583333336
20,81,0.07,37,617.5,55707.740277777775
20,70,0.09,38,617.4,55707.74097222222
24,80,0.14,32,617.4,55707.74166666667
21,78,0.18,31,617.4,55707.74236111111
22,96,0.17,32,617.3,55707.743055555555
22,93,0.21,32,617.4,55707.74375
19,74,0.22,37,617.4,55707.74444444444
23,85,0.29,33,617.4,55707.74513888889
21,101,0.38,30,617.3,55707.745833333334
23,81,0.46,31,617.3,55707.74652777778
24,100,0.55,29,617.4,55707.74722222222
22,91,0.63,30,617.4,55707.74791666667
22,89,0.69,32,617.3,55707.748611111114
22,86,0.7,29,617.4,55707.74930555555
23,85,0.72,28,617.5,55707.75
18,87,0.77,32,617.4,55707.75069444445
21,88,0.78,33,617.4,55707.751388888886
24,88,0.8,29,617.3,55707.75208333333
20,91,0.8,30,617.5,55707.75277777778
19,77,0.76,33,617.4,55707.75347222222
20,88,0.74,33,617.4,55707.754166666666
21,80,0.76,31,617.4,55707.75486111111
21,81,0.75,28,617.5,55707.75555555556
21,75,0.75,28,617.5,55707.75625
24,84,0.77,27,617.5,55707.756944444445
20,91,0.76,28,617.5,55707.75763888889
22,88,0.78,30,617.5,55707.75833333333
23,83,0.85,30,617.4,55707.75902777778
23,96,0.85,26,617.5,55707.759722222225
22,94,0.84,26,617.5,55707.760416666664
24,84,0.84,25,617.6,55707.76111111111
17,93,0.8,28,617.6,55707.76180555556
21,90,0.81,29,617.6,55707.7625
20,91,0.83,28,617.5,55707.763194444444
23,78,0.81,25,617.6,55707.76388888889
18,69,0.8,29,617.6,55707.76458333333
21,79,0.8,28,617.5,55707.76527777778
22,129,0.84,28,617.5,55707.76597222222
23,72,0.92,27,617.6,55707.76666666667
21,84,0.92,28,617.6,55707.76736111111
21,90,0.9,29,617.6,55707.768055555556
20,84,0.89,31,617.6,55707.76875
22,93,0.93,27,617.6,55707.76944444444
23,88,0.95,26,617.6,55707.77013888889
22,80,1.0,26,617.6,55707.770833333336
24,84,1.07,25,617.6,55707.771527777775
20,100,1.09,28,617.7,55707.77222222222
20,79,1.08,30,617.6,55707.77291666667
22,82,1.1,25,617.6,55707.77361111111
21,79,1.12,28,617.6,55707.774305555555
21,86,1.13,26,617.6,55707.775
21,80,1.15,27,617.6,55707.77569444444
22,77,1.21,27,617.6,55707.77638888889
23,69,1.23,25,617.6,55707.777083333334
22,75,1.3,25,617.7,55707.77777777778
22,90,1.32,24,617.7,55707.77847222222
22,88,1.33,24,617.6,55707.77916666667
22,88,1.39,26,617.7,55707.779861111114
22,85,1.42,25,617.7,55707.78055555555
17,80,1.35,27,617.8,55707.78125
21,81,1.36,27,617.7,55707.78194444445
22,90,1.38,26,617.7,55707.782638888886
23,65,1.41,25,617.8,55707.78333333333
20,81,1.46,27,617.8,55707.78402777778
22,83,1.43,28,617.7,55707.78472222222
22,86,1.43,27,617.7,55707.785416666666
23,81,1.47,26,617.7,55707.78611111111
23,85,1.49,23,617.8,55707.78680555556
24,73,1.5,25,617.8,55707.7875
22,82,1.52,24,617.8,55707.788194444445
24,72,1.58,23,617.8,55707.78888888889
22,83,1.59,24,617.9,55707.78958333333
19,83,1.56,25,617.8,55707.79027777778
22,88,1.61,25,617.7,55707.790972222225
21,88,1.61,24,617.7,55707.791666666664
21,89,1.6,24,617.7,55707.79236111111
23,83,1.68,23,617.8,55707.79305555556
22,80,1.72,23,617.9,55707.79375
20,59,1.7,24,617.9,55707.794444444444
20,86,1.67,25,617.9,55707.79513888889
21,85,1.68,25,617.8,55707.79583333333
24,84,1.77,24,617.8,55707.79652777778
22,61,1.8,23,617.8,55707.79722222222
21,72,1.8,23,617.9,55707.79791666667
20,82,1.77,23,617.9,55707.79861111111
18,85,1.71,24,618.0,55707.799305555556
20,85,1.65,24,617.9,55707.8
21,92,1.62,24,617.9,55707.80069444444
21,90,1.67,23,617.9,55707.80138888889
20,88,1.72,24,617.9,55707.802083333336
21,86,1.76,24,617.9,55707.802777777775
19,88,1.72,27,617.9,55707.80347222222
20,91,1.75,28,617.9,55707.80416666667
22,90,1.81,24,617.9,55707.80486111111
20,84,1.79,25,617.9,55707.805555555555
19,87,1.82,24,617.9,55707.80625
18,82,1.88,23,617.9,55707.80694444444
18,94,1.89,24,618.0,55707.80763888889
15,87,1.82,25,618.0,55707.808333333334
15,89,1.82,27,618.0,55707.80902777778
19,91,1.89,26,617.9,55707.80972222222
23,87,2.04,20,617.8,55707.81041666667
19,90,2.12,22,617.8,55707.811111111114
22,88,2.23,24,617.9,55707.81180555555
22,78,2.32,22,617.8,55707.8125
20,99,2.39,23,617.8,55707.81319444445
23,91,2.46,21,617.9,55707.813888888886
21,95,2.49,20,617.8,55707.81458333333
20,98,2.45,23,617.9,55707.81527777778
20,88,2.5,23,617.8,55707.81597222222
23,86,2.54,23,617.8,55707.816666666666
22,87,2.5,24,617.8,55707.81736111111
19,76,2.48,24,617.9,55707.81805555556
21,87,2.42,25,617.9,55707.81875
22,98,2.38,21,617.8,55707.819444444445
22,85,2.38,22,617.8,55707.82013888889
25,77,2.43,22,617.7,55707.82083333333
24,91,2.4,20,617.7,55707.82152777778
26,81,2.36,20,617.7,55707.822222222225
22,96,2.28,21,617.8,55707.822916666664
19,84,2.21,25,617.9,55707.82361111111
20,83,2.16,26,618.0,55707.82430555556
23,86,2.24,22,618.0,55707.825
21,89,2.2,24,617.9,55707.825694444444
19,90,2.12,26,617.9,55707.82638888889
22,86,2.2,24,617.9,55707.82708333333
21,79,2.23,21,617.9,55707.82777777778
22,88,2.22,26,617.9,55707.82847222222
24,94,2.23,21,617.9,55707.82916666667
23,79,2.2,26,617.9,55707.82986111111
23,91,2.19,25,617.9,55707.830555555556
21,90,2.26,25,617.9,55707.83125
24,85,2.29,22,617.9,55707.83194444444
23,66,2.29,22,618.0,55707.83263888889
23,79,2.32,22,618.0,55707.833333333336
23,93,2.31,23,618.0,55707.834027777775
23,85,2.34,21,617.9,55707.83472222222
23,93,2.34,20,618.0,55707.83541666667
21,77,2.22,23,618.0,55707.83611111111
22,97,2.17,23,618.0,55707.836805555555
20,78,2.14,23,618.0,55707.8375
20,94,2.18,25,618.0,55707.83819444444
21,92,2.24,21,618.0,55707.83888888889
22,94,2.26,21,618.0,55707.839583333334
21,119,2.27,22,617.9,55707.84027777778
24,81,2.32,23,617.9,55707.84097222222
24,85,2.41,19,617.9,55707.84166666667
20,103,2.43,21,618.0,55707.842361111114
21,89,2.44,23,618.0,55707.84305555555
18,78,2.4,23,618.1,55707.84375
16,80,2.38,24,618.1,55707.84444444445
23,87,2.44,20,618.0,55707.845138888886
23,83,2.54,19,618.0,55707.84583333333
22,58,2.61,22,618.1,55707.84652777778
24,86,2.71,20,618.1,55707.84722222222
22,94,2.65,22,618.0,55707.847916666666
23,87,2.65,21,618.1,55707.84861111111
25,77,2.65,19,618.0,55707.84930555556
24,90,2.57,20,618.0,55707.85
21,83,2.57,22,618.0,55707.850694444445
25,86,2.6,21,618.0,55707.85138888889
22,86,2.63,21,618.0,55707.85138888889
20,89,2.6,21,618.0,55707.85208333333
22,70,2.63,20,618.0,55707.853472222225
22,76,2.69,20,618.0,55707.853472222225
22,70,2.75,20,618.0,55707.85486111111
21,79,2.77,21,618.0,55707.85555555556
24,84,2.8,21,618.0,55707.85625
27,89,2.9,18,617.9,55707.856944444444
23,71,2.97,22,618.0,55707.85763888889
24,79,2.91,26,617.9,55707.85833333333
24,80,2.88,20,617.9,55707.85902777778
21,89,2.84,22,618.0,55707.85972222222
22,80,2.84,24,617.9,55707.86041666667
25,76,2.95,19,617.9,55707.86111111111
26,36,2.92,19,618.0,55707.861805555556
23,80,2.88,20,617.9,55707.8625
26,82,2.86,21,617.9,55707.86319444444
22,78,2.79,20,618.0,55707.86388888889
23,82,2.81,21,618.0,55707.864583333336
23,75,2.8,21,618.0,55707.865277777775
26,73,2.86,16,617.8,55707.86597222222
23,88,2.86,18,617.9,55707.86666666667
25,81,2.85,20,617.8,55707.86736111111
26,71,2.78,20,617.8,55707.868055555555
27,84,2.83,19,617.8,55707.86875
25,76,2.86,20,617.9,55707.86944444444
26,86,2.92,21,617.9,55707.87013888889
27,81,2.95,17,618.0,55707.870833333334
26,85,3.02,18,617.9,55707.87152777778
25,81,3.04,21,617.9,55707.87222222222
25,79,3.05,22,618.0,55707.87291666667
22,91,3.12,19,618.0,55707.873611111114
23,80,3.25,20,618.0,55707.87430555555
24,78,3.28,18,618.0,55707.875
24,73,3.34,19,618.0,55707.87569444445
26,78,3.29,17,618.1,55707.876388888886
25,85,3.25,17,618.0,55707.87708333333
24,85,3.28,17,617.9,55707.87777777778
26,77,3.25,16,618.0,55707.87847222222
26,77,3.27,15,618.0,55707.879166666666
22,65,3.29,17,618.1,55707.87986111111
26,98,3.37,18,618.0,55707.88055555556
24,68,3.41,15,618.1,55707.88125
24,73,3.37,16,618.0,55707.881944444445
26,75,3.43,15,618.0,55707.88263888889
20,79,3.41,15,618.1,55707.88333333333
21,91,3.44,18,618.1,55707.88402777778
24,77,3.5,15,618.0,55707.884722222225
23,89,3.54,16,618.0,55707.885416666664
22,81,3.55,17,618.0,55707.88611111111
23,98,3.56,15,618.0,55707.88680555556
22,76,3.64,16,618.0,55707.8875
24,68,3.69,16,618.0,55707.888194444444
24,81,3.71,15,618.0,55707.88888888889
22,111,3.7,16,618.0,55707.88958333333
22,72,3.72,15,618.0,55707.89027777778
27,70,3.75,15,618.0,55707.89097222222
26,72,3.79,16,618.0,55707.89166666667
26,87,3.77,17,618.0,55707.89236111111
27,74,3.87,15,618.0,55707.893055555556
22,68,3.89,15,618.1,55707.89375
23,82,3.87,17,618.0,55707.89444444444
24,78,3.87,17,618.0,55707.89513888889
23,86,3.8,16,618.0,55707.895833333336
25,81,3.84,15,618.1,55707.896527777775
22,65,3.89,16,618.1,55707.89722222222
25,70,3.94,18,618.1,55707.89791666667
26,76,3.99,15,618.0,55707.89861111111
24,91,3.99,15,618.0,55707.899305555555
24,78,3.97,15,618.0,55707.9
24,82,3.9,15,618.0,55707.90069444444
24,90,3.82,16,617.9,55707.90138888889
22,78,3.83,17,618.0,55707.902083333334
23,89,3.76,16,618.0,55707.90277777778
24,55,3.73,15,617.9,55707.90347222222
23,80,3.75,15,618.0,55707.90416666667
23,88,3.78,15,617.9,55707.904861111114
21,71,3.85,15,618.0,55707.90555555555
21,89,3.92,15,618.0,55707.90625
24,75,3.96,15,617.9,55707.90694444445
24,62,3.96,16,617.9,55707.907638888886
23,72,3.97,18,617.9,55707.90833333333
21,85,3.95,16,618.0,55707.90902777778
24,75,4.01,16,618.0,55707.90972222222
23,71,4.05,15,618.0,55707.910416666666
24,64,4.07,15,618.0,55707.91111111111
23,69,4.13,15,618.0,55707.91180555556
24,71,4.22,16,617.9,55707.9125
26,69,4.31,16,617.9,55707.913194444445
25,63,4.41,15,617.9,55707.91388888889
24,67,4.6,16,618.0,55707.91458333333
24,103,4.72,15,617.9,55707.91527777778
23,71,4.75,15,617.9,55707.915972222225
25,71,4.86,15,617.8,55707.916666666664
28,74,4.81,15,617.9,55707.91736111111
24,72,4.73,15,617.9,55707.91805555556
23,86,4.61,16,618.0,55707.91875
26,83,4.59,15,617.9,55707.919444444444
24,64,4.56,15,617.9,55707.92013888889
24,99,4.61,16,617.9,55707.92083333333
28,64,4.66,15,617.8,55707.92152777778
25,60,4.62,17,617.9,55707.92222222222
25,63,4.57,19,617.8,55707.92291666667
26,68,4.63,17,617.9,55707.92361111111
26,73,4.59,14,617.9,55707.924305555556
25,60,4.6,14,618.0,55707.925
23,80,4.59,15,618.0,55707.92569444444
24,65,4.6,14,618.0,55707.92638888889
20,84,4.56,15,618.0,55707.927083333336
27,83,4.65,14,617.9,55707.927777777775
25,70,4.61,15,618.0,55707.92847222222
24,77,4.65,17,618.0,55707.92916666667
24,68,4.67,16,618.0,55707.92986111111
20,61,4.72,17,618.0,55707.930555555555
25,75,4.8,15,617.9,55707.93125
22,78,4.83,14,617.9,55707.93194444444
22,79,4.8,15,617.9,55707.93263888889
23,69,4.82,14,617.9,55707.933333333334
25,67,4.85,14,617.9,55707.93402777778
21,89,4.79,14,618.0,55707.93472222222
22,75,4.79,15,618.0,55707.93541666667
19,69,4.79,14,618.0,55707.936111111114
23,53,4.86,15,617.9,55707.93680555555
25,78,4.85,14,617.9,55707.9375
23,64,4.8,14,617.9,55707.93819444445
22,89,4.86,15,617.9,55707.938888888886
23,65,4.93,15,617.9,55707.93958333333
20,92,4.93,16,617.9,55707.94027777778
24,77,4.91,17,617.9,55707.94097222222
19,67,4.79,18,617.9,55707.941666666666
22,74,4.77,18,617.9,55707.94236111111
23,68,4.72,17,617.9,55707.94305555556
19,82,4.69,15,617.9,55707.94375
20,65,4.65,15,617.9,55707.944444444445
23,69,4.71,17,617.8,55707.94513888889
23,88,4.84,16,617.8,55707.94583333333
20,69,4.83,15,617.8,55707.94652777778
24,82,4.85,15,617.8,55707.947222222225
22,73,4.83,14,617.8,55707.947916666664
20,89,4.74,14,617.9,55707.94861111111
20,58,4.72,15,617.8,55707.94930555556
20,72,4.84,15,617.9,55707.95
21,92,4.87,16,617.8,55707.950694444444
23,60,4.97,14,617.8,55707.95138888889
21,61,4.99,15,617.8,55707.95208333333
25,74,5.1,15,617.8,55707.95277777778
21,72,5.1,15,617.8,55707.95347222222
18,75,5.06,18,617.8,55707.95416666667
20,72,4.96,17,617.8,55707.95486111111
21,82,4.93,14,617.8,55707.955555555556
21,78,4.86,14,617.7,55707.95625
20,92,4.86,14,617.8,55707.95694444444
21,61,4.82,13,617.7,55707.95763888889
22,76,4.89,14,617.8,55707.958333333336
22,70,4.87,15,617.8,55707.959027777775
20,67,4.81,15,617.8,55707.95972222222
16,77,4.84,17,617.8,55707.96041666667
15,91,4.86,18,617.8,55707.96111111111
20,74,4.88,17,617.7,55707.961805555555
21,72,4.82,14,617.7,55707.9625
22,68,4.7,15,617.7,55707.96319444444
22,67,4.61,15,617.7,55707.96388888889
22,60,4.55,15,617.8,55707.964583333334
16,56,4.48,16,617.8,55707.96527777778
15,85,4.38,17,617.8,55707.96597222222
18,83,4.32,19,617.8,55707.96666666667
18,76,4.24,15,617.7,55707.967361111114
20,71,4.2,15,617.7,55707.96805555555
21,77,4.19,14,617.7,55707.96875
20,86,4.22,15,617.8,55707.96944444445
17,66,4.26,17,617.7,55707.970138888886
20,73,4.33,16,617.7,55707.97083333333
20,74,4.38,14,617.7,55707.97152777778
16,67,4.3,15,617.7,55707.97222222222
17,74,4.28,19,617.7,55707.972916666666
22,61,4.32,16,617.6,55707.97361111111
18,49,4.25,16,617.7,55707.97430555556
16,67,4.24,16,617.7,55707.975
18,95,4.29,16,617.7,55707.975694444445
15,75,4.25,17,617.8,55707.97638888889
19,69,4.33,16,617.7,55707.97708333333
17,66,4.42,15,617.7,55707.97777777778
21,64,4.47,15,617.6,55707.978472222225
20,70,4.49,15,617.6,55707.979166666664
21,80,4.57,16,617.6,55707.97986111111
18,79,4.63,17,617.7,55707.98055555556
15,63,4.55,19,617.7,55707.98125
16,55,4.52,21,617.7,55707.981944444444
20,70,4.6,18,617.7,55707.98263888889
15,73,4.51,17,617.7,55707.98333333333
17,86,4.48,18,617.7,55707.98402777778
18,74,4.46,16,617.6,55707.98472222222
21,53,4.46,15,617.6,55707.98541666667
20,70,4.49,20,617.6,55707.98611111111
18,71,4.44,23,617.6,55707.986805555556
18,64,4.39,18,617.6,55707.9875
16,57,4.29,19,617.7,55707.98819444444
16,76,4.39,18,617.7,55707.98888888889
19,77,4.47,16,617.6,55707.989583333336
17,78,4.49,15,617.6,55707.990277777775
17,68,4.5,15,617.6,55707.99097222222
18,63,4.51,14,617.6,55707.99166666667
21,68,4.6,15,617.6,55707.99236111111
20,68,4.68,14,617.6,55707.993055555555
20,69,4.71,14,617.6,55707.99375
19,58,4.71,15,617.6,55707.99375
17,65,4.7,16,617.6,55707.99444444444
18,69,4.79,14,617.6,55707.995833333334
20,73,4.84,14,617.6,55707.99652777778
20,78,4.92,13,617.6,55707.99722222222
17,74,5.0,14,617.6,55707.99791666667
15,60,4.94,15,617.6,55707.998611111114
19,65,4.92,16,617.5,55707.998611111114
20,60,4.94,15,617.5,55708.0
17,92,4.97,16,617.5,55708.00069444445
17,69,4.99,19,617.5,55708.001388888886
18,60,4.92,17,617.5,55708.00208333333
16,64,4.81,17,617.5,55708.00277777778
20,91,4.85,15,617.5,55708.00347222222
19,74,4.9,14,617.5,55708.004166666666
18,67,4.92,14,617.5,55708.00486111111
21,77,4.96,14,617.4,55708.00555555556
22,62,5.05,13,617.4,55708.00625
20,75,5.08,15,617.4,55708.006944444445
19,68,5.0,16,617.4,55708.00763888889
18,69,4.99,16,617.4,55708.00833333333
17,67,4.9,14,617.5,55708.00902777778
19,87,4.85,14,617.4,55708.009722222225
19,75,4.74,15,617.4,55708.010416666664
18,74,4.56,14,617.4,55708.01111111111
18,74,4.42,15,617.4,55708.01180555556
20,62,4.44,13,617.5,55708.0125
19,70,4.46,13,617.4,55708.013194444444
20,74,4.5,14,617.4,55708.01388888889
21,61,4.59,14,617.4,55708.01458333333
15,76,4.62,14,617.5,55708.01527777778
18,78,4.59,15,617.4,55708.01597222222
17,81,4.51,15,617.4,55708.01666666667
16,73,4.42,17,617.4,55708.01736111111
16,86,4.44,19,617.4,55708.018055555556
18,67,4.45,16,617.4,55708.01875
17,75,4.39,15,617.4,55708.01944444444
20,104,4.48,15,617.4,55708.02013888889
13,63,4.4,15,617.5,55708.020833333336
19,63,4.41,14,617.4,55708.021527777775
16,85,4.32,15,617.4,55708.02222222222
15,78,4.22,16,617.4,55708.02291666667
18,68,4.21,16,617.3,55708.02361111111
14,80,4.14,16,617.4,55708.024305555555
17,62,4.11,16,617.4,55708.025
18,63,4.22,17,617.3,55708.02569444444
22,73,4.43,14,617.3,55708.02638888889
17,74,4.46,16,617.3,55708.027083333334
18,76,4.35,16,617.3,55708.02777777778
16,68,4.2,17,617.3,55708.02847222222
20,73,4.18,14,617.3,55708.02916666667
18,79,4.15,13,617.3,55708.029861111114
22,71,4.15,14,617.2,55708.03055555555
19,75,4.07,15,617.2,55708.03125
17,71,3.96,16,617.3,55708.03194444445
18,68,3.93,15,617.2,55708.032638888886
18,65,3.88,13,617.2,55708.03333333333
19,90,3.9,14,617.2,55708.03402777778
17,71,3.84,15,617.2,55708.03472222222
14,83,3.75,17,617.2,55708.035416666666
18,82,3.66,16,617.2,55708.03611111111
16,87,3.58,14,617.2,55708.03680555556
17,89,3.56,15,617.2,55708.0375
16,62,3.55,15,617.2,55708.038194444445
20,72,3.61,17,617.1,55708.03888888889
20,78,3.62,16,617.1,55708.03958333333
21,65,3.66,15,617.2,55708.04027777778
16,64,3.6,18,617.2,55708.040972222225
17,81,3.62,20,617.2,55708.041666666664
17,85,3.64,17,617.1,55708.04236111111
17,76,3.62,16,617.2,55708.04305555556
14,67,3.58,17,617.2,55708.04375
19,77,3.63,15,617.1,55708.044444444444
19,88,3.59,18,617.1,55708.04513888889
16,87,3.54,18,617.2,55708.04583333333
16,84,3.51,18,617.2,55708.04652777778
17,94,3.43,16,617.2,55708.04722222222
16,83,3.37,17,617.2,55708.04791666667
18,81,3.35,15,617.2,55708.04861111111
19,84,3.32,17,617.2,55708.049305555556
18,86,3.26,19,617.1,55708.05
19,82,3.22,16,617.1,55708.05069444444
15,65,3.16,16,617.1,55708.05138888889
18,84,3.19,16,617.1,55708.052083333336
15,68,3.19,15,617.1,55708.052777777775
19,86,3.21,15,617.1,55708.05347222222
18,87,3.2,16,617.1,55708.05416666667
17,67,3.2,15,617.0,55708.05486111111
16,75,3.15,17,617.0,55708.055555555555
16,68,3.22,16,617.1,55708.05625
19,82,3.27,17,617.0,55708.05694444444
19,71,3.23,18,617.0,55708.05763888889
15,80,3.18,18,617.1,55708.058333333334
15,70,3.14,19,617.1,55708.05902777778
16,89,3.1,17,617.1,55708.05972222222
14,93,3.13,18,617.1,55708.06041666667
16,83,3.17,19,617.1,55708.061111111114
17,84,3.1,16,617.1,55708.06180555555
16,82,3.04,15,617.1,55708.0625
15,85,2.95,16,617.0,55708.06319444445
18,76,2.94,16,617.0,55708.063888888886
17,86,2.88,19,617.0,55708.06458333333
18,87,2.8,18,617.0,55708.06527777778
17,78,2.76,18,617.0,55708.06597222222
19,89,2.7,17,617.0,55708.066666666666
17,89,2.69,17,617.0,55708.06736111111
18,74,2.7,17,617.0,55708.06805555556
17,80,2.63,17,617.0,55708.06875
19,83,2.66,16,617.0,55708.069444444445
17,94,2.64,16,617.0,55708.07013888889
17,85,2.59,17,617.0,55708.07083333333
16,90,2.57,18,616.9,55708.07152777778
17,81,2.57,17,616.9,55708.072222222225
19,91,2.58,16,616.9,55708.072916666664
17,76,2.58,16,617.0,55708.07361111111
17,84,2.58,17,617.0,55708.07430555556
14,88,2.58,19,617.0,55708.075
16,80,2.58,19,617.0,55708.075694444444
17,78,2.56,16,616.9,55708.07638888889
19,85,2.56,17,616.9,55708.07708333333
18,88,2.49,18,616.9,55708.07777777778
16,85,2.47,19,616.8,55708.07847222222
18,95,2.45,19,616.9,55708.07916666667
18,98,2.42,17,616.9,55708.07986111111
20,107,2.42,16,616.9,55708.080555555556
18,92,2.4,17,616.8,55708.08125
19,72,2.38,17,616.9,55708.08194444444
19,86,2.36,18,616.8,55708.08263888889
15,89,2.3,20,616.9,55708.083333333336
16,75,2.27,20,616.9,55708.084027777775
17,77,2.25,18,616.8,55708.08472222222
17,82,2.22,16,616.8,55708.08541666667
18,88,2.19,17,616.8,55708.08611111111
17,66,2.14,18,616.9,55708.086805555555
19,88,2.12,18,616.7,55708.0875
18,57,2.08,18,616.8,55708.08819444444
18,95,2.07,20,616.8,55708.08888888889
18,102,2.06,18,616.8,55708.089583333334
21,104,2.07,19,616.8,55708.09027777778
15,77,2.05,20,616.9,55708.09097222222
17,93,2.05,21,616.8,55708.09166666667
17,82,2.03,20,616.8,55708.092361111114
16,75,1.97,21,616.8,55708.09305555555
19,81,1.96,21,616.8,55708.09375
19,82,1.93,19,616.8,55708.09444444445
17,105,1.9,21,616.8,55708.095138888886
16,73,1.86,23,616.8,55708.09583333333
21,65,1.84,19,616.8,55708.09652777778
19,89,1.77,17,616.8,55708.09722222222
17,83,1.72,21,616.8,55708.097916666666
17,79,1.7,19,616.8,55708.09861111111
18,90,1.67,20,616.8,55708.09930555556
18,83,1.66,21,616.8,55708.1
18,94,1.65,21,616.8,55708.100694444445
20,76,1.65,20,616.8,55708.10138888889
18,83,1.63,21,616.7,55708.10208333333
15,91,1.61,20,616.8,55708.10277777778
18,87,1.63,21,616.8,55708.103472222225
20,93,1.62,21,616.8,55708.104166666664
18,81,1.57,23,616.8,55708.10486111111
19,83,1.52,22,616.8,55708.10555555556
18,89,1.47,22,616.8,55708.10625
19,88,1.43,22,616.8,55708.106944444444
17,68,1.39,23,616.8,55708.10763888889
18,88,1.35,22,616.8,55708.10833333333
18,96,1.32,23,616.8,55708.10902777778
19,80,1.3,23,616.8,55708.10972222222
17,89,1.26,25,616.7,55708.11041666667
17,87,1.25,24,616.8,55708.11111111111
15,87,1.23,24,616.8,55708.111805555556
17,85,1.23,24,616.8,55708.1125
19,88,1.24,23,616.8,55708.11319444444
20,83,1.21,22,616.8,55708.11388888889
17,73,1.16,22,616.8,55708.114583333336
16,74,1.1,23,616.8,55708.115277777775
17,80,1.06,24,616.8,55708.11597222222
17,80,1.04,23,616.8,55708.11666666667
18,78,1.02,23,616.8,55708.11736111111
16,85,1.03,24,616.8,55708.118055555555
18,92,1.02,24,616.8,55708.11875
17,79,1.02,23,616.9,55708.11944444444
15,78,1.0,24,616.9,55708.12013888889
18,93,1.0,22,616.8,55708.120833333334
15,98,0.96,23,616.8,55708.12152777778
17,76,0.97,24,616.8,55708.12222222222
17,75,0.96,25,616.8,55708.12291666667
17,93,0.96,24,616.8,55708.123611111114
16,74,0.93,24,616.8,55708.12430555555
17,87,0.93,23,616.8,55708.125
18,86,0.95,24,616.8,55708.12569444445
19,75,0.95,23,616.9,55708.126388888886
17,79,0.94,24,616.9,55708.12708333333
20,93,0.94,23,616.8,55708.12777777778
19,80,0.93,23,616.9,55708.12847222222
17,61,0.92,24,616.9,55708.129166666666
18,93,0.91,24,616.9,55708.12986111111
20,86,0.91,22,616.8,55708.13055555556
19,81,0.89,21,616.9,55708.13125
17,85,0.88,22,616.9,55708.131944444445
20,77,0.86,23,616.9,55708.13263888889
17,71,0.84,22,616.9,55708.13333333333
18,52,0.83,23,616.9,55708.13402777778
19,62,0.81,23,616.9,55708.134722222225
19,87,0.78,22,616.9,55708.135416666664
17,88,0.77,23,616.9,55708.13611111111
18,97,0.75,23,616.9,55708.13680555556
16,95,0.71,23,616.8,55708.1375
18,83,0.69,24,616.8,55708.138194444444
18,91,0.68,23,616.8,55708.13888888889
19,96,0.66,24,616.9,55708.13958333333
19,79,0.63,23,616.8,55708.14027777778
18,77,0.62,23,616.9,55708.14097222222
18,79,0.61,23,616.9,55708.14166666667
19,82,0.59,22,616.8,55708.14236111111
19,97,0.57,23,616.8,55708.143055555556
16,98,0.51,24,616.9,55708.14375
16,91,0.47,23,616.9,55708.14444444444
16,81,0.44,24,616.9,55708.14513888889
19,86,0.44,23,616.9,55708.145833333336
20,80,0.39,23,616.8,55708.146527777775
18,85,0.36,23,616.9,55708.14722222222
17,83,0.32,24,616.9,55708.14791666667
17,90,0.29,24,616.9,55708.14861111111
18,84,0.27,23,616.9,55708.149305555555
18,81,0.25,23,617.0,55708.15
15,88,0.24,23,617.0,55708.15069444444
14,75,0.23,23,617.0,55708.15138888889
19,89,0.22,23,616.9,55708.152083333334
20,86,0.2,23,616.9,55708.15277777778
18,88,0.16,23,616.9,55708.15347222222
18,77,0.13,24,617.0,55708.15416666667
19,89,0.13,23,617.0,55708.154861111114
18,80,0.11,23,617.0,55708.15555555555
17,80,0.09,25,617.0,55708.15625
17,75,0.06,24,617.0,55708.15694444445
17,78,0.04,24,617.0,55708.157638888886
16,86,0.01,24,617.0,55708.15833333333
15,76,-0.02,25,616.9,55708.15902777778
13,88,-0.05,26,617.0,55708.15972222222
17,96,-0.05,24,617.0,55708.160416666666
18,74,-0.07,24,616.9,55708.16111111111
17,91,-0.08,24,617.0,55708.16180555556
18,92,-0.07,24,617.0,55708.1625
17,98,-0.05,24,617.0,55708.163194444445
18,105,-0.07,24,617.0,55708.16388888889
18,89,-0.08,24,617.0,55708.16458333333
20,71,-0.08,24,617.0,55708.16527777778
18,94,-0.07,24,617.0,55708.165972222225
19,81,-0.08,24,617.0,55708.166666666664
19,65,-0.07,23,617.0,55708.16736111111
17,87,-0.06,24,617.0,55708.16805555556
16,114,-0.06,23,617.0,55708.16875
17,83,-0.08,24,617.0,55708.169444444444
18,81,-0.05,23,617.1,55708.17013888889
16,85,-0.05,25,617.0,55708.17083333333
19,80,-0.04,24,617.0,55708.17152777778
18,78,-0.02,24,617.0,55708.17222222222
16,83,-0.05,24,617.1,55708.17291666667
17,84,-0.07,24,617.1,55708.17361111111
17,78,-0.11,25,617.1,55708.174305555556
20,74,-0.14,24,617.0,55708.175
16,85,-0.15,25,617.1,55708.17569444444
15,58,-0.19,26,617.1,55708.17638888889
16,78,-0.24,26,617.0,55708.177083333336
19,83,-0.27,25,617.0,55708.177777777775
20,58,-0.29,24,617.0,55708.17847222222
16,78,-0.31,25,617.1,55708.17916666667
17,84,-0.36,26,617.1,55708.17986111111
22,101,-0.36,24,617.0,55708.180555555555
23,87,-0.37,23,617.0,55708.18125
16,75,-0.36,23,617.2,55708.18194444444
15,69,-0.38,24,617.2,55708.18263888889
20,97,-0.42,24,617.1,55708.183333333334
22,95,-0.44,24,617.1,55708.18402777778
21,88,-0.45,24,617.1,55708.18472222222
17,73,-0.49,25,617.1,55708.18541666667
21,93,-0.53,25,617.1,55708.186111111114
18,76,-0.56,25,617.2,55708.18680555555
17,84,-0.61,26,617.2,55708.1875
17,86,-0.65,26,617.2,55708.18819444445
20,85,-0.69,24,617.1,55708.188888888886
19,87,-0.73,24,617.1,55708.18958333333
21,63,-0.78,23,617.1,55708.19027777778
22,92,-0.83,23,617.1,55708.19097222222
19,83,-0.89,25,617.2,55708.191666666666
20,75,-0.96,25,617.2,55708.19236111111
24,80,-1.0,23,617.1,55708.19305555556
19,57,-1.03,23,617.2,55708.19375
17,85,-1.09,26,617.2,55708.194444444445
16,83,-1.17,26,617.3,55708.19513888889
15,83,-1.24,28,617.3,55708.19583333333
15,88,-1.32,29,617.3,55708.19652777778
14,94,-1.4,30,617.3,55708.197222222225
16,102,-1.48,27,617.2,55708.197916666664
17,82,-1.53,26,617.3,55708.19861111111
18,88,-1.58,27,617.3,55708.19930555556
18,96,-1.6,25,617.3,55708.2
19,96,-1.63,27,617.2,55708.200694444444
21,86,-1.66,26,617.2,55708.20138888889
21,91,-1.64,24,617.3,55708.20208333333
20,90,-1.64,26,617.3,55708.20277777778
20,78,-1.64,26,617.3,55708.20347222222
18,69,-1.66,28,617.3,55708.20416666667
17,87,-1.72,30,617.3,55708.20486111111
17,87,-1.78,29,617.3,55708.205555555556
16,79,-1.82,27,617.3,55708.20625
19,89,-1.85,30,617.3,55708.20694444444
18,78,-1.88,52,617.3,55708.20763888889
18,81,-1.9,76,617.3,55708.208333333336
18,90,-1.96,79,617.3,55708.209027777775
20,80,-1.98,88,617.3,55708.20972222222
18,80,-1.98,93,617.3,55708.21041666667
16,90,-2.0,94,617.3,55708.21111111111
16,83,-1.97,96,617.3,55708.211805555555
16,92,-1.93,97,617.2,55708.2125
17,91,-1.78,98,617.2,55708.21319444444
17,91,-1.68,99,617.3,55708.21388888889
18,90,-1.49,99,617.3,55708.214583333334
19,90,-1.29,100,617.3,55708.21527777778
18,80,-1.08,100,617.2,55708.21597222222
16,81,-0.93,100,617.2,55708.21666666667
17,88,-0.82,100,617.3,55708.217361111114
19,91,-0.74,100,617.2,55708.21805555555
19,89,-0.67,100,617.2,55708.21875
17,87,-0.62,100,617.3,55708.21944444445
17,84,-0.58,100,617.3,55708.220138888886
18,86,-0.54,100,617.3,55708.22083333333
16,89,-0.5,100,617.3,55708.22152777778
18,91,-0.47,100,617.3,55708.22222222222
18,76,-0.43,100,617.3,55708.222916666666
19,72,-0.39,100,617.3,55708.22361111111
19,84,-0.34,100,617.3,55708.22430555556
21,88,-0.3,100,617.3,55708.225
20,80,-0.27,100,617.3,55708.225694444445
19,81,-0.24,100,617.3,55708.22638888889
18,78,-0.2,100,617.4,55708.22708333333
18,79,-0.17,100,617.4,55708.22777777778
17,87,-0.13,100,617.4,55708.228472222225
17,98,-0.11,100,617.4,55708.229166666664
19,85,-0.09,100,617.4,55708.22986111111
17,101,-0.08,100,617.4,55708.23055555556
18,75,-0.09,100,617.4,55708.23125
18,83,-0.08,100,617.5,55708.231944444444
17,90,-0.08,100,617.5,55708.23263888889
16,92,-0.06,100,617.5,55708.23333333333
18,73,-0.05,100,617.5,55708.23402777778
17,91,-0.05,100,617.5,55708.23472222222
17,77,-0.05,100,617.5,55708.23541666667
18,86,-0.04,100,617.5,55708.23611111111
17,59,-0.11,100,617.5,55708.236805555556
16,89,-0.2,100,617.6,55708.2375
15,84,-0.29,100,617.6,55708.23819444444
16,57,-0.32,100,617.6,55708.23888888889
15,91,-0.42,100,617.6,55708.239583333336
17,90,-0.51,100,617.6,55708.240277777775
17,39,-0.62,100,617.6,55708.24097222222
17,85,-0.74,100,617.6,55708.24166666667
15,84,-0.85,100,617.6,55708.24236111111
15,86,-0.98,100,617.7,55708.243055555555
15,78,-1.02,100,617.6,55708.24375
14,98,-0.98,100,617.7,55708.24444444444
12,82,-0.94,100,617.6,55708.24513888889
13,106,-0.87,100,617.7,55708.245833333334
14,77,-0.8,100,617.6,55708.24652777778
15,93,-0.78,100,617.7,55708.24722222222
15,70,-0.83,100,617.7,55708.24791666667
15,88,-0.93,100,617.7,55708.248611111114
13,87,-0.99,100,617.7,55708.24930555555
14,81,-0.98,100,617.7,55708.25
13,99,-0.97,100,617.7,55708.25069444445
12,101,-0.96,100,617.7,55708.251388888886
15,84,-1.03,100,617.7,55708.25208333333
14,93,-1.26,100,617.6,55708.25277777778
16,90,-1.37,99,617.7,55708.25347222222
12,82,-1.53,94,617.7,55708.254166666666
15,82,-1.53,95,617.7,55708.25486111111
15,85,-1.58,96,617.6,55708.25555555556
18,76,-1.69,93,617.6,55708.25625
14,79,-1.73,92,617.7,55708.256944444445
16,70,-1.77,91,617.7,55708.25763888889
16,88,-1.78,89,617.8,55708.25833333333
13,71,-1.74,94,617.8,55708.25902777778
13,76,-1.75,93,617.8,55708.25902777778
14,86,-1.79,86,617.8,55708.260416666664
14,94,-1.8,73,617.8,55708.26111111111
13,87,-1.81,71,617.8,55708.26180555556
16,90,-1.82,63,617.8,55708.2625
12,92,-1.81,58,617.8,55708.263194444444
15,82,-1.8,61,617.8,55708.26388888889
15,82,-1.8,56,617.8,55708.26458333333
16,94,-1.82,65,617.8,55708.26458333333
15,77,-1.84,62,617.9,55708.26597222222
13,92,-1.85,69,617.9,55708.26666666667
16,96,-1.89,67,617.9,55708.26736111111
12,83,-1.91,58,617.9,55708.268055555556
12,83,-1.91,62,617.9,55708.26875
12,85,-1.94,69,617.9,55708.26944444444
13,72,-1.98,71,617.9,55708.27013888889
16,81,-2.03,62,617.9,55708.270833333336
16,92,-2.03,49,617.9,55708.271527777775
13,76,-1.99,52,617.9,55708.27222222222
17,85,-2.0,55,617.9,55708.27291666667
13,83,-1.98,45,618.0,55708.27361111111
13,69,-1.97,48,617.9,55708.274305555555
14,82,-1.94,47,617.9,55708.275
17,81,-1.92,49,617.9,55708.27569444444
14,111,-1.91,50,618.0,55708.27638888889
11,89,-1.91,52,618.0,55708.277083333334
15,89,-1.94,52,618.0,55708.27777777778
13,89,-1.94,53,618.0,55708.27847222222
12,91,-1.97,52,618.0,55708.27916666667
15,80,-1.97,46,618.0,55708.279861111114
13,87,-1.97,44,618.0,55708.28055555555
12,88,-1.99,47,618.0,55708.28125
15,64,-2.0,41,618.0,55708.28194444445
13,85,-1.95,38,618.0,55708.282638888886
12,79,-1.94,40,618.0,55708.28333333333
15,74,-1.93,36,618.0,55708.28402777778
16,90,-1.91,36,618.0,55708.28472222222
14,97,-1.91,38,618.0,55708.285416666666
15,101,-1.92,37,618.0,55708.28611111111
13,98,-1.93,37,618.0,55708.28680555556
14,85,-1.93,37,618.0,55708.2875
13,89,-1.92,36,618.1,55708.288194444445
14,92,-1.91,36,618.1,55708.28888888889
13,78,-1.91,37,618.0,55708.28958333333
14,81,-1.93,37,618.0,55708.29027777778
14,84,-1.95,37,618.1,55708.290972222225
13,94,-1.97,37,618.0,55708.291666666664
15,84,-2.01,37,618.0,55708.29236111111
16,80,-2.03,35,618.0,55708.29305555556
16,72,-2.02,35,618.0,55708.29375
14,93,-2.02,37,618.0,55708.294444444444
15,96,-2.02,34,618.0,55708.29513888889
14,77,-2.0,35,618.0,55708.29583333333
15,83,-1.98,35,618.0,55708.29652777778
15,60,-1.96,34,618.1,55708.29722222222
13,94,-1.91,34,618.0,55708.29791666667
13,78,-1.89,36,618.1,55708.29861111111
16,90,-1.9,36,618.0,55708.299305555556
14,94,-1.91,36,618.0,55708.3
12,97,-1.93,38,618.1,55708.30069444444
12,89,-1.95,38,618.1,55708.30138888889
12,92,-1.99,41,618.1,55708.302083333336
11,76,-2.03,40,618.1,55708.302777777775
14,95,-2.08,40,618.0,55708.30347222222
15,70,-2.11,39,618.0,55708.30416666667
15,101,-2.15,38,618.1,55708.30486111111
14,82,-2.2,46,618.0,55708.305555555555
13,92,-2.29,56,618.1,55708.30625
15,71,-2.39,52,618.0,55708.30694444444
14,97,-2.44,43,618.0,55708.30763888889
13,77,-2.51,47,618.0,55708.308333333334
15,78,-2.54,48,618.1,55708.30902777778
17,82,-2.56,39,618.0,55708.30972222222
15,82,-2.55,45,618.0,55708.31041666667
15,79,-2.54,40,618.1,55708.311111111114
14,90,-2.56,48,618.0,55708.31180555555
16,84,-2.58,60,618.0,55708.3125
17,94,-2.6,58,618.0,55708.31319444445
18,56,-2.57,66,618.0,55708.313888888886
19,78,-2.52,71,618.0,55708.31458333333
18,68,-2.45,84,618.0,55708.31527777778
11,81,-2.43,89,618.1,55708.31597222222
12,96,-2.41,90,618.0,55708.316666666666
15,75,-2.41,93,618.0,55708.31736111111
16,65,-2.4,93,618.0,55708.31805555556
14,71,-2.37,94,618.1,55708.31875
14,80,-2.33,96,618.1,55708.319444444445
15,86,-2.36,94,618.1,55708.32013888889
14,70,-2.36,87,618.1,55708.32083333333
15,79,-2.34,82,618.1,55708.32152777778
14,93,-2.29,84,618.0,55708.322222222225
15,85,-2.27,83,618.0,55708.322916666664
16,94,-2.24,82,618.0,55708.32361111111
17,92,-2.19,87,618.1,55708.32430555556
15,87,-2.16,92,618.1,55708.325
14,87,-2.17,95,618.1,55708.325694444444
14,60,-2.23,95,618.1,55708.32638888889
17,91,-2.29,87,618.1,55708.32708333333
17,76,-2.26,78,618.1,55708.32777777778
14,97,-2.21,80,618.1,55708.32847222222
18,77,-2.2,72,618.1,55708.32916666667
15,80,-2.14,71,618.1,55708.32986111111
11,64,-2.13,84,618.1,55708.330555555556
15,71,-2.17,76,618.1,55708.33125
17,85,-2.17,62,618.0,55708.33194444444
16,79,-2.12,61,618.0,55708.33263888889
18,50,-2.08,54,618.1,55708.333333333336
14,86,-1.98,59,618.1,55708.334027777775
18,72,-1.95,56,618.0,55708.33472222222
18,92,-1.86,46,618.1,55708.33541666667
16,90,-1.79,66,618.1,55708.33611111111
15,84,-1.78,57,618.1,55708.336805555555
17,81,-1.75,54,618.1,55708.3375
16,70,-1.75,58,618.1,55708.33819444444
15,94,-1.76,56,618.0,55708.33888888889
16,89,-1.8,60,618.0,55708.339583333334
16,80,-1.85,55,618.1,55708.34027777778
14,76,-1.87,53,618.1,55708.34097222222
17,84,-1.91,47,618.0,55708.34166666667
17,88,-1.89,39,618.0,55708.342361111114
16,75,-1.86,44,618.1,55708.34305555555
14,87,-1.85,42,618.1,55708.34375
14,89,-1.85,45,618.1,55708.34444444445
16,90,-1.87,41,618.1,55708.345138888886
17,76,-1.85,36,618.0,55708.34583333333
16,87,-1.83,37,618.1,55708.34652777778
13,84,-1.82,40,618.1,55708.34722222222
16,73,-1.83,40,618.1,55708.347916666666
17,91,-1.83,38,618.1,55708.34861111111
18,72,-1.82,42,618.0,55708.34930555556
19,78,-1.84,44,618.0,55708.35
18,84,-1.85,45,618.0,55708.350694444445
17,80,-1.85,43,618.1,55708.35138888889
19,65,-1.84,42,618.1,55708.35208333333
15,82,-1.83,47,618.1,55708.35277777778
16,82,-1.86,49,618.1,55708.353472222225
18,89,-1.89,51,618.1,55708.354166666664
16,75,-1.92,54,618.1,55708.35486111111
18,71,-1.96,49,618.0,55708.35555555556
16,82,-1.95,43,618.0,55708.35625
16,99,-1.95,48,618.1,55708.356944444444
17,63,-1.98,45,618.1,55708.35763888889
16,93,-1.96,43,618.1,55708.35833333333
17,76,-1.97,47,618.0,55708.35902777778
18,82,-1.99,41,618.1,55708.35972222222
15,81,-1.97,45,618.1,55708.36041666667
15,83,-2.02,46,618.1,55708.36111111111
17,79,-2.04,41,618.1,55708.361805555556
15,85,-2.06,43,618.1,55708.3625
15,58,-2.07,41,618.1,55708.36319444444
17,89,-2.05,38,618.0,55708.36388888889
15,91,-2.0,39,618.0,55708.364583333336
15,89,-1.99,40,618.0,55708.365277777775
16,68,-2.0,41,617.9,55708.36597222222
19,83,-2.0,38,617.9,55708.36666666667
19,93,-1.99,37,618.0,55708.36736111111
18,81,-1.96,38,618.0,55708.368055555555
16,101,-1.91,34,618.0,55708.36875
13,81,-1.89,38,618.0,55708.36944444444
15,82,-1.91,37,618.0,55708.37013888889
18,88,-1.92,34,618.0,55708.370833333334
18,84,-1.91,33,617.9,55708.37152777778
17,107,-1.92,34,618.0,55708.37222222222
17,77,-1.95,34,618.0,55708.37291666667
13,86,-1.97,33,618.0,55708.373611111114
14,96,-1.97,34,618.0,55708.37430555555
18,91,-2.01,35,617.9,55708.375
20,77,-2.02,32,617.9,55708.37569444445
17,73,-2.0,32,618.0,55708.376388888886
17,59,-1.99,32,618.0,55708.37708333333
17,80,-1.95,30,618.0,55708.37777777778
17,87,-1.91,29,617.9,55708.37847222222
16,84,-1.88,31,617.9,55708.379166666666
17,91,-1.9,32,618.0,55708.37986111111
17,75,-1.93,32,618.0,55708.38055555556
14,92,-1.97,32,618.0,55708.38125
14,84,-2.0,33,617.9,55708.381944444445
17,70,-2.05,33,617.8,55708.38263888889
19,82,-2.02,28,617.8,55708.38333333333
14,103,-1.95,29,617.9,55708.38402777778
17,89,-1.9,28,617.8,55708.384722222225
17,71,-1.84,29,617.8,55708.385416666664
14,75,-1.84,32,617.8,55708.38611111111
19,77,-1.87,32,617.8,55708.38680555556
17,62,-1.88,31,617.8,55708.3875
17,56,-1.91,32,617.8,55708.388194444444
16,87,-1.94,30,617.8,55708.38888888889
16,85,-1.97,30,617.8,55708.38958333333
17,86,-2.0,30,617.8,55708.39027777778
17,67,-2.05,31,617.6,55708.39097222222
21,64,-2.11,31,617.6,55708.39166666667
22,78,-2.1,31,617.6,55708.39236111111
20,89,-2.1,31,617.6,55708.393055555556
18,75,-2.09,31,617.6,55708.39375
17,79,-2.07,30,617.7,55708.39444444444
19,72,-2.07,30,617.6,55708.39513888889
19,79,-2.05,28,617.7,55708.395833333336
17,77,-2.01,29,617.6,55708.396527777775
18,81,-2.02,30,617.6,55708.39722222222
18,93,-2.02,29,617.6,55708.39791666667
19,82,-2.03,29,617.6,55708.39861111111
20,67,-2.03,30,617.6,55708.399305555555
19,70,-2.02,29,617.6,55708.4
17,65,-2.03,29,617.7,55708.40069444444
15,66,-2.06,29,617.7,55708.40138888889
17,69,-2.08,30,617.6,55708.402083333334
22,68,-2.12,32,617.5,55708.40277777778
21,65,-2.16,31,617.6,55708.40347222222
18,66,-2.16,31,617.5,55708.40416666667
18,83,-2.16,30,617.5,55708.404861111114
16,87,-2.16,30,617.5,55708.40555555555
17,81,-2.16,31,617.5,55708.40625
16,86,-2.15,29,617.5,55708.40694444445
16,77,-2.15,29,617.5,55708.407638888886
16,75,-2.15,29,617.5,55708.40833333333
18,67,-2.13,28,617.6,55708.40902777778
16,76,-2.13,30,617.6,55708.40972222222
16,70,-2.14,30,617.5,55708.410416666666
18,75,-2.15,30,617.5,55708.41111111111
19,92,-2.14,30,617.4,55708.41180555556
16,77,-2.13,29,617.4,55708.4125
18,73,-2.11,29,617.4,55708.413194444445
18,81,-2.11,28,617.4,55708.41388888889
18,82,-2.11,28,617.5,55708.41458333333
20,67,-2.11,28,617.5,55708.41527777778
19,79,-2.13,31,617.5,55708.415972222225
