wind_speed,wind_direction,temperature,relative_humidity,pressure,mjd
5,101,1.58,36,620.5,55796.416666666664
6,109,1.5,37,620.5,55796.41736111111
6,108,1.45,36,620.5,55796.41805555556
6,108,1.4,36,620.5,55796.41875
6,100,1.35,36,620.5,55796.419444444444
6,97,1.34,36,620.5,55796.42013888889
5,105,1.35,36,620.5,55796.42083333333
6,108,1.34,36,620.5,55796.42152777778
6,112,1.29,36,620.5,55796.42222222222
6,115,1.27,35,620.5,55796.42291666667
6,107,1.25,36,620.5,55796.42361111111
6,114,1.19,38,620.5,55796.424305555556
6,105,1.16,40,620.5,55796.425
6,102,1.17,38,620.5,55796.42569444444
6,101,1.2,37,620.5,55796.42638888889
6,115,1.22,37,620.5,55796.427083333336
5,111,1.24,41,620.4,55796.427777777775
5,113,1.24,40,620.4,55796.42847222222
6,113,1.26,39,620.4,55796.42916666667
5,111,1.27,37,620.4,55796.42986111111
5,110,1.26,39,620.4,55796.430555555555
6,110,1.24,39,620.4,55796.43125
6,111,1.22,37,620.4,55796.43194444444
6,111,1.18,36,620.4,55796.43263888889
6,113,1.2,37,620.4,55796.433333333334
6,109,1.2,36,620.4,55796.43402777778
5,110,1.17,36,620.4,55796.43472222222
5,114,1.15,36,620.4,55796.43541666667
6,115,1.16,37,620.4,55796.436111111114
5,114,1.14,38,620.4,55796.43680555555
5,115,1.11,37,620.4,55796.4375
5,120,1.08,38,620.4,55796.43819444445
5,122,1.04,38,620.4,55796.438888888886
5,121,1.02,39,620.4,55796.43958333333
5,120,1.01,39,620.4,55796.44027777778
5,119,0.99,40,620.3,55796.44097222222
5,120,0.99,40,620.3,55796.441666666666
4,110,0.99,41,620.3,55796.44236111111
5,110,0.97,40,620.3,55796.44305555556
6,121,1.02,36,620.3,55796.44375
5,127,1.06,39,620.3,55796.444444444445
4,121,1.07,41,620.3,55796.44513888889
5,120,1.1,42,620.3,55796.44583333333
4,116,1.11,43,620.3,55796.44652777778
5,112,1.11,43,620.3,55796.447222222225
4,119,1.12,43,620.3,55796.447916666664
5,120,1.11,44,620.3,55796.44861111111
4,121,1.11,44,620.3,55796.44930555556
4,119,1.1,44,620.3,55796.45
4,115,1.08,45,620.3,55796.450694444444
4,124,1.06,45,620.3,55796.45138888889
4,123,1.04,46,620.3,55796.45208333333
4,115,1.02,46,620.3,55796.45277777778
4,121,1.04,45,620.3,55796.45347222222
4,125,1.06,46,620.3,55796.45416666667
4,121,1.05,45,620.3,55796.45486111111
4,117,1.08,43,620.3,55796.455555555556
4,128,1.12,43,620.3,55796.45625
3,124,1.13,43,620.3,55796.45694444444
4,131,1.16,45,620.3,55796.45763888889
3,125,1.17,46,620.3,55796.458333333336
4,123,1.14,47,620.3,55796.459027777775
4,119,1.13,46,620.3,55796.45972222222
5,118,1.13,44,620.2,55796.46041666667
5,120,1.2,44,620.2,55796.46111111111
4,126,1.17,45,620.2,55796.461805555555
4,126,1.12,46,620.2,55796.4625
4,110,1.11,46,620.2,55796.46319444444
5,122,1.16,44,620.2,55796.46388888889
4,124,1.21,45,620.2,55796.464583333334
4,118,1.24,47,620.2,55796.46527777778
4,123,1.24,46,620.2,55796.46597222222
5,114,1.23,45,620.2,55796.46666666667
4,120,1.24,44,620.2,55796.467361111114
4,121,1.28,45,620.2,55796.46805555555
4,118,1.33,45,620.2,55796.46875
4,124,1.38,45,620.2,55796.46944444445
4,121,1.39,46,620.2,55796.470138888886
4,123,1.39,47,620.1,55796.47083333333
4,124,1.36,46,620.1,55796.47152777778
4,119,1.34,45,620.1,55796.47222222222
4,123,1.32,46,620.1,55796.472916666666
4,124,1.3,46,620.1,55796.47361111111
4,120,1.29,45,620.1,55796.47430555556
4,120,1.33,44,620.1,55796.475
4,123,1.38,44,620.1,55796.475694444445
4,119,1.41,44,620.1,55796.47638888889
4,118,1.44,45,620.1,55796.47708333333
4,119,1.47,43,620.1,55796.47777777778
4,120,1.48,44,620.1,55796.478472222225
4,122,1.49,44,620.1,55796.479166666664
4,120,1.51,42,620.1,55796.47986111111
4,125,1.51,44,620.0,55796.48055555556
4,119,1.5,43,620.0,55796.48125
4,116,1.5,41,620.0,55796.481944444444
4,117,1.51,41,620.0,55796.48263888889
4,123,1.53,42,620.0,55796.48333333333
4,119,1.56,43,620.0,55796.48402777778
4,123,1.54,43,620.0,55796.48472222222
4,124,1.54,43,620.0,55796.48541666667
4,124,1.57,43,620.0,55796.48611111111
4,122,1.58,40,620.0,55796.486805555556
3,120,1.62,39,620.0,55796.4875
4,101,1.69,38,619.9,55796.48819444444
4,117,1.75,39,620.0,55796.48888888889
4,109,1.79,39,619.9,55796.489583333336
3,111,1.81,39,619.9,55796.490277777775
3,119,1.84,40,619.9,55796.49097222222
3,118,1.86,40,619.9,55796.49166666667
3,120,1.87,39,619.9,55796.49236111111
4,115,1.9,37,619.9,55796.493055555555
4,120,1.93,37,619.9,55796.49375
4,119,1.95,37,619.9,55796.49444444444
4,125,1.98,36,619.9,55796.49513888889
3,117,2.0,37,619.9,55796.495833333334
3,123,1.97,38,619.9,55796.49652777778
4,127,1.93,37,619.9,55796.49722222222
4,121,1.9,37,619.9,55796.49791666667
3,121,1.88,37,619.9,55796.498611111114
3,118,1.9,37,619.9,55796.49930555555
4,116,1.88,37,619.9,55796.5
3,117,1.89,37,619.9,55796.50069444445
3,121,1.87,37,619.9,55796.501388888886
3,124,1.85,37,619.8,55796.50208333333
3,116,1.84,36,619.8,55796.50277777778
3,123,1.83,37,619.8,55796.50347222222
3,123,1.82,37,619.8,55796.504166666666
3,123,1.82,36,619.8,55796.50486111111
3,119,1.8,36,619.8,55796.50555555556
4,121,1.79,36,619.8,55796.50625
3,119,1.83,35,619.8,55796.506944444445
3,122,1.86,35,619.8,55796.50763888889
3,119,1.91,35,619.8,55796.50833333333
4,121,1.95,34,619.8,55796.50902777778
3,118,1.97,33,619.8,55796.509722222225
4,118,2.01,32,619.8,55796.510416666664
4,118,2.05,31,619.8,55796.51111111111
3,120,2.1,32,619.8,55796.51180555556
3,128,2.15,34,619.8,55796.5125
3,127,2.15,34,619.8,55796.513194444444
3,130,2.13,33,619.8,55796.51388888889
4,115,2.05,31,619.8,55796.51458333333
4,115,2.01,29,619.8,55796.51527777778
4,128,2.03,31,619.8,55796.51597222222
4,127,2.04,32,619.8,55796.51666666667
3,131,2.01,32,619.8,55796.51736111111
3,123,2.02,31,619.8,55796.518055555556
3,115,2.02,30,619.8,55796.51875
4,116,2.01,29,619.8,55796.51944444444
4,135,1.99,30,619.7,55796.52013888889
3,146,2.0,30,619.7,55796.520833333336
3,137,1.98,31,619.7,55796.521527777775
2,117,1.95,31,619.7,55796.52222222222
4,117,1.89,30,619.7,55796.52291666667
4,127,1.79,30,619.7,55796.52361111111
4,118,1.73,31,619.7,55796.524305555555
4,107,1.64,30,619.7,55796.525
4,114,1.63,27,619.7,55796.52569444444
5,124,1.66,28,619.7,55796.52638888889
4,118,1.69,29,619.7,55796.527083333334
4,138,1.76,30,619.7,55796.52777777778
3,130,1.82,30,619.7,55796.52847222222
3,115,1.87,31,619.7,55796.52916666667
4,120,1.87,27,619.6,55796.529861111114
4,124,1.86,28,619.6,55796.53055555555
4,121,1.81,26,619.7,55796.53125
4,117,1.81,27,619.6,55796.53194444445
4,133,1.76,28,619.6,55796.532638888886
4,125,1.71,28,619.6,55796.53333333333
3,123,1.69,28,619.6,55796.53402777778
4,127,1.67,28,619.6,55796.53472222222
4,131,1.66,26,619.6,55796.535416666666
3,130,1.66,26,619.6,55796.53611111111
3,125,1.65,25,619.6,55796.53680555556
4,130,1.66,25,619.6,55796.5375
3,132,1.65,24,619.6,55796.538194444445
3,120,1.66,23,619.6,55796.53888888889
4,134,1.68,23,619.6,55796.53958333333
4,143,1.7,23,619.6,55796.54027777778
3,126,1.73,23,619.6,55796.540972222225
4,126,1.73,23,619.6,55796.541666666664
4,138,1.71,22,619.6,55796.54236111111
3,128,1.72,21,619.6,55796.54305555556
3,128,1.71,22,619.6,55796.54375
4,131,1.71,21,619.6,55796.544444444444
3,140,1.76,21,619.6,55796.54513888889
3,124,1.84,21,619.6,55796.54583333333
3,134,1.89,22,619.6,55796.54652777778
3,135,1.93,21,619.6,55796.54722222222
3,164,1.97,20,619.6,55796.54791666667
3,140,2.04,20,619.6,55796.54861111111
3,137,2.07,21,619.5,55796.549305555556
3,140,2.07,21,619.5,55796.55
3,127,2.08,21,619.5,55796.55069444444
4,129,2.05,21,619.5,55796.55138888889
4,141,2.01,21,619.5,55796.552083333336
3,127,2.0,21,619.5,55796.552777777775
4,126,1.97,20,619.5,55796.55347222222
4,130,2.03,20,619.5,55796.55416666667
4,126,2.1,20,619.5,55796.55486111111
4,121,2.16,20,619.5,55796.555555555555
3,135,2.24,20,619.5,55796.55625
3,135,2.27,20,619.5,55796.55694444444
3,129,2.28,19,619.5,55796.55763888889
3,141,2.29,20,619.5,55796.558333333334
3,129,2.31,20,619.5,55796.55902777778
3,134,2.33,20,619.5,55796.55972222222
3,137,2.32,20,619.5,55796.56041666667
4,120,2.29,20,619.5,55796.561111111114
4,131,2.32,21,619.5,55796.56180555555
4,132,2.35,20,619.5,55796.5625
4,130,2.33,21,619.5,55796.56319444445
5,139,2.33,20,619.5,55796.563888888886
4,126,2.38,20,619.5,55796.56458333333
4,157,2.39,20,619.5,55796.56527777778
4,121,2.38,20,619.5,55796.56597222222
3,118,2.37,20,619.5,55796.566666666666
4,131,2.32,20,619.5,55796.56736111111
4,129,2.25,21,619.5,55796.56805555556
3,127,2.2,21,619.5,55796.56875
4,127,2.17,21,619.5,55796.569444444445
4,126,2.12,21,619.5,55796.57013888889
4,131,2.11,21,619.5,55796.57083333333
4,133,2.1,21,619.5,55796.57152777778
4,133,2.14,21,619.5,55796.572222222225
3,129,2.13,21,619.5,55796.572916666664
4,134,2.07,21,619.5,55796.57361111111
4,121,2.01,21,619.5,55796.57430555556
4,127,1.95,21,619.5,55796.575
5,129,1.92,21,619.5,55796.575694444444
5,122,1.94,21,619.5,55796.57638888889
4,141,1.96,21,619.5,55796.57708333333
4,122,1.99,21,619.5,55796.57777777778
4,127,2.02,21,619.5,55796.57847222222
4,130,2.02,21,619.5,55796.57916666667
4,128,1.99,21,619.5,55796.57986111111
4,119,1.97,21,619.5,55796.580555555556
5,117,1.94,21,619.5,55796.58125
5,111,1.91,21,619.5,55796.58194444444
5,121,1.9,21,619.5,55796.58263888889
5,129,1.88,21,619.5,55796.583333333336
4,127,1.88,21,619.5,55796.584027777775
4,124,1.83,21,619.5,55796.58472222222
5,114,1.88,21,619.5,55796.58541666667
5,115,1.92,21,619.5,55796.58611111111
4,116,1.98,20,619.5,55796.586805555555
3,117,2.01,20,619.5,55796.5875
3,118,2.05,20,619.6,55796.58819444444
4,118,2.1,19,619.6,55796.58888888889
4,125,2.15,19,619.6,55796.589583333334
4,128,2.15,19,619.5,55796.59027777778
4,120,2.2,20,619.6,55796.59097222222
4,123,2.23,20,619.6,55796.59166666667
4,120,2.22,20,619.6,55796.592361111114
4,128,2.2,20,619.6,55796.59305555555
4,129,2.18,20,619.6,55796.59375
4,126,2.16,20,619.6,55796.59444444445
5,117,2.15,20,619.6,55796.595138888886
5,117,2.16,20,619.6,55796.59583333333
4,117,2.21,20,619.6,55796.59652777778
4,121,2.27,20,619.6,55796.59722222222
4,119,2.26,20,619.6,55796.597916666666
4,123,2.3,20,619.6,55796.59861111111
3,124,2.32,20,619.6,55796.59930555556
4,119,2.32,19,619.6,55796.6
4,126,2.32,20,619.6,55796.600694444445
4,120,2.33,20,619.6,55796.60138888889
4,125,2.27,20,619.6,55796.60208333333
4,116,2.19,20,619.6,55796.60277777778
5,126,2.11,20,619.6,55796.603472222225
4,115,2.04,20,619.6,55796.604166666664
5,113,1.93,21,619.6,55796.60486111111
5,117,1.85,21,619.6,55796.60555555556
5,123,1.87,20,619.6,55796.60625
5,115,1.84,21,619.6,55796.606944444444
5,125,1.81,21,619.6,55796.60763888889
4,121,1.84,20,619.6,55796.60833333333
3,116,1.93,20,619.6,55796.60902777778
4,120,2.02,20,619.6,55796.60972222222
4,121,2.07,20,619.6,55796.61041666667
5,114,2.09,19,619.6,55796.61111111111
4,114,2.17,19,619.6,55796.611805555556
4,119,2.24,19,619.6,55796.6125
3,117,2.32,19,619.6,55796.61319444444
3,130,2.37,19,619.6,55796.61388888889
3,110,2.41,19,619.6,55796.614583333336
3,116,2.44,19,619.6,55796.615277777775
3,125,2.45,19,619.6,55796.61597222222
4,120,2.42,19,619.6,55796.61666666667
4,124,2.41,19,619.7,55796.61736111111
3,125,2.41,19,619.7,55796.618055555555
3,120,2.39,19,619.7,55796.61875
4,119,2.33,19,619.7,55796.61944444444
3,121,2.3,19,619.7,55796.62013888889
3,141,2.28,19,619.6,55796.620833333334
3,126,2.26,19,619.7,55796.62152777778
3,126,2.23,19,619.6,55796.62222222222
3,120,2.2,19,619.7,55796.62291666667
3,125,2.18,19,619.7,55796.623611111114
4,131,2.16,19,619.7,55796.62430555555
4,115,2.2,19,619.7,55796.625
4,116,2.2,20,619.7,55796.62569444445
3,129,2.22,19,619.7,55796.626388888886
3,129,2.26,19,619.7,55796.62708333333
3,130,2.31,19,619.7,55796.62777777778
3,121,2.34,19,619.7,55796.62847222222
4,125,2.34,19,619.7,55796.629166666666
3,119,2.31,19,619.7,55796.62986111111
4,123,2.27,19,619.7,55796.63055555556
4,120,2.26,19,619.7,55796.63125
4,125,2.23,20,619.7,55796.631944444445
4,115,2.2,20,619.7,55796.63263888889
4,114,2.18,20,619.7,55796.63333333333
4,116,2.21,19,619.7,55796.63402777778
4,127,2.21,20,619.7,55796.634722222225
4,131,2.22,20,619.7,55796.635416666664
4,118,2.18,20,619.7,55796.63611111111
4,119,2.17,20,619.7,55796.63680555556
4,113,2.11,20,619.7,55796.6375
6,114,2.09,20,619.7,55796.638194444444
5,107,2.07,20,619.7,55796.63888888889
4,121,2.05,20,619.7,55796.63958333333
4,117,2.05,20,619.7,55796.64027777778
4,134,2.1,20,619.7,55796.64097222222
4,120,2.1,20,619.7,55796.64166666667
3,118,2.13,20,619.7,55796.64236111111
4,116,2.18,20,619.7,55796.643055555556
4,108,2.23,20,619.8,55796.64375
4,121,2.28,20,619.8,55796.64444444444
4,142,2.28,20,619.8,55796.64513888889
4,138,2.24,20,619.8,55796.645833333336
4,135,2.19,20,619.8,55796.646527777775
4,126,2.11,20,619.8,55796.64722222222
4,120,2.06,21,619.8,55796.64791666667
4,121,1.99,21,619.8,55796.64861111111
4,117,1.93,21,619.8,55796.649305555555
4,122,1.91,20,619.8,55796.65
4,112,1.93,21,619.8,55796.65069444444
4,116,1.94,21,619.8,55796.65138888889
4,124,2.01,20,619.8,55796.652083333334
4,113,2.07,20,619.8,55796.65277777778
4,124,2.09,20,619.8,55796.65347222222
4,117,2.11,20,619.8,55796.65416666667
4,121,2.09,20,619.8,55796.654861111114
5,126,2.07,20,619.8,55796.65555555555
5,126,2.03,21,619.8,55796.65625
4,121,1.98,21,619.8,55796.65694444445
5,111,1.92,21,619.9,55796.657638888886
5,114,1.9,21,619.9,55796.65833333333
5,114,1.88,21,619.9,55796.65902777778
5,125,1.87,21,619.9,55796.65972222222
4,118,1.85,21,619.9,55796.660416666666
4,118,1.86,21,619.9,55796.66111111111
4,122,1.87,21,619.9,55796.66180555556
4,113,1.91,21,619.9,55796.6625
5,129,1.93,21,619.9,55796.663194444445
5,120,1.9,21,619.9,55796.66388888889
4,123,1.94,21,619.9,55796.66458333333
5,109,1.97,21,619.9,55796.66527777778
5,115,1.97,21,619.9,55796.665972222225
5,113,1.95,21,619.9,55796.666666666664
5,121,1.97,21,619.9,55796.66736111111
4,115,1.95,21,619.9,55796.66805555556
4,130,1.98,21,619.9,55796.66875
4,121,1.99,21,619.9,55796.669444444444
4,126,2.02,21,619.9,55796.67013888889
4,120,2.04,21,619.9,55796.67083333333
3,116,2.05,21,619.9,55796.67152777778
4,126,2.06,21,619.9,55796.67222222222
4,119,2.06,21,620.0,55796.67291666667
4,119,2.07,21,620.0,55796.67361111111
4,125,2.11,21,620.0,55796.674305555556
4,115,2.13,21,620.0,55796.675
3,119,2.12,21,620.0,55796.67569444444
3,121,2.13,21,620.0,55796.67638888889
3,127,2.17,21,620.0,55796.677083333336
3,115,2.18,21,620.0,55796.677777777775
4,103,2.23,21,620.0,55796.67847222222
3,109,2.26,21,620.0,55796.67916666667
4,86,2.3,21,620.0,55796.67986111111
5,96,2.38,20,620.0,55796.680555555555
4,106,2.46,21,620.0,55796.68125
5,107,2.53,21,620.0,55796.68194444444
5,86,2.58,21,620.0,55796.68263888889
5,114,2.66,20,620.0,55796.683333333334
4,95,2.71,20,620.0,55796.68402777778
4,105,2.77,20,620.1,55796.68472222222
5,83,2.85,20,620.1,55796.68541666667
5,117,2.92,20,620.1,55796.686111111114
5,113,3.0,19,620.1,55796.68680555555
5,119,3.07,19,620.1,55796.6875
4,105,3.13,20,620.1,55796.68819444445
5,109,3.18,19,620.1,55796.688888888886
5,124,3.22,20,620.1,55796.68958333333
5,101,3.27,20,620.1,55796.69027777778
5,107,3.32,19,620.1,55796.69097222222
6,108,3.37,19,620.1,55796.691666666666
5,87,3.41,19,620.1,55796.69236111111
5,102,3.46,19,620.1,55796.69305555556
5,107,3.51,19,620.1,55796.69375
5,108,3.56,19,620.1,55796.694444444445
5,95,3.62,19,620.1,55796.69513888889
6,109,3.68,19,620.1,55796.69583333333
5,86,3.74,19,620.1,55796.69652777778
5,81,3.78,18,620.1,55796.697222222225
5,109,3.83,18,620.1,55796.697916666664
6,103,3.88,18,620.1,55796.69861111111
6,83,3.95,19,620.1,55796.69930555556
5,87,4.0,18,620.2,55796.7
5,57,4.05,18,620.2,55796.700694444444
6,96,4.09,18,620.2,55796.70138888889
7,105,4.12,18,620.2,55796.70208333333
6,74,4.16,18,620.2,55796.70277777778
5,98,4.18,18,620.2,55796.70347222222
5,66,4.24,18,620.2,55796.70416666667
5,125,4.3,18,620.2,55796.70486111111
5,85,4.33,18,620.2,55796.705555555556
6,83,4.34,18,620.2,55796.70625
6,109,4.37,18,620.2,55796.70694444444
7,109,4.36,17,620.2,55796.70763888889
6,120,4.34,18,620.2,55796.708333333336
6,96,4.36,18,620.2,55796.709027777775
6,117,4.38,18,620.3,55796.70972222222
6,107,4.4,17,620.3,55796.71041666667
6,111,4.4,18,620.3,55796.71111111111
5,115,4.39,18,620.3,55796.711805555555
6,98,4.41,18,620.3,55796.7125
5,97,4.42,18,620.3,55796.71319444444
5,109,4.44,18,620.3,55796.71388888889
5,88,4.48,17,620.3,55796.714583333334
5,123,4.51,18,620.3,55796.71527777778
6,116,4.58,18,620.3,55796.71597222222
5,105,4.67,18,620.3,55796.71666666667
5,97,4.77,18,620.4,55796.717361111114
6,102,4.82,17,620.4,55796.71805555555
7,81,4.88,17,620.4,55796.71875
7,104,4.93,17,620.3,55796.71944444445
7,111,4.97,17,620.4,55796.720138888886
6,87,4.99,17,620.4,55796.72083333333
6,92,4.99,17,620.4,55796.72152777778
7,101,5.01,17,620.4,55796.72222222222
7,103,5.01,17,620.4,55796.722916666666
7,104,5.04,17,620.4,55796.72361111111
7,120,5.05,17,620.4,55796.72430555556
5,85,5.06,17,620.4,55796.725
7,89,5.07,17,620.4,55796.725694444445
7,107,5.09,17,620.4,55796.72638888889
7,100,5.15,17,620.4,55796.72708333333
6,115,5.2,17,620.4,55796.72777777778
6,103,5.26,17,620.4,55796.728472222225
6,106,5.28,16,620.4,55796.729166666664
6,62,5.28,16,620.4,55796.72986111111
6,58,5.29,16,620.4,55796.73055555556
6,73,5.29,17,620.4,55796.73125
8,64,5.3,17,620.4,55796.731944444444
7,101,5.34,17,620.4,55796.73263888889
6,104,5.37,17,620.4,55796.73333333333
8,89,5.39,17,620.4,55796.73402777778
7,82,5.4,17,620.4,55796.73472222222
6,98,5.38,17,620.4,55796.73541666667
7,112,5.41,16,620.4,55796.73611111111
7,92,5.43,16,620.4,55796.736805555556
7,95,5.42,16,620.4,55796.7375
7,116,5.43,16,620.4,55796.73819444444
7,85,5.48,16,620.4,55796.73888888889
7,88,5.51,16,620.4,55796.739583333336
7,101,5.54,16,620.4,55796.740277777775
9,100,5.56,16,620.4,55796.74097222222
7,104,5.57,16,620.4,55796.74166666667
6,106,5.6,17,620.4,55796.74236111111
8,81,5.67,16,620.4,55796.743055555555
7,138,5.69,16,620.4,55796.74375
6,103,5.75,16,620.4,55796.74444444444
6,103,5.69,16,620.4,55796.74513888889
7,82,5.68,16,620.5,55796.745833333334
7,139,5.61,16,620.5,55796.74652777778
6,104,5.66,17,620.5,55796.74722222222
7,100,5.72,17,620.4,55796.74791666667
8,79,5.79,16,620.4,55796.748611111114
7,95,5.79,16,620.5,55796.74930555555
7,101,5.84,16,620.5,55796.75
6,109,5.89,16,620.5,55796.75069444445
7,83,5.91,17,620.5,55796.751388888886
8,95,5.91,16,620.5,55796.75208333333
9,86,5.91,16,620.5,55796.75277777778
8,100,5.95,16,620.5,55796.75347222222
7,90,6.0,16,620.5,55796.754166666666
6,113,5.99,16,620.5,55796.75486111111
5,122,6.01,17,620.5,55796.75555555556
5,104,6.01,17,620.5,55796.75625
8,85,5.99,17,620.5,55796.756944444445
9,96,5.93,16,620.5,55796.75763888889
8,117,5.87,17,620.5,55796.75833333333
6,113,5.8,17,620.5,55796.75902777778
5,89,5.8,18,620.5,55796.759722222225
6,77,5.89,18,620.5,55796.760416666664
8,93,5.87,17,620.5,55796.76111111111
9,96,5.88,16,620.5,55796.76180555556
7,121,5.85,17,620.5,55796.7625
5,115,5.88,18,620.6,55796.763194444444
7,92,5.91,16,620.5,55796.76388888889
9,101,5.9,16,620.5,55796.76458333333
9,94,5.91,16,620.5,55796.76527777778
8,96,5.85,17,620.5,55796.76597222222
8,97,5.84,16,620.5,55796.76666666667
8,71,5.81,18,620.5,55796.76736111111
7,88,5.81,18,620.6,55796.768055555556
9,118,5.81,17,620.5,55796.76875
6,84,5.82,19,620.6,55796.76944444444
6,87,5.81,19,620.6,55796.77013888889
8,95,5.8,18,620.6,55796.770833333336
8,109,5.81,19,620.6,55796.771527777775
7,88,5.85,17,620.6,55796.77222222222
9,86,5.95,16,620.6,55796.77291666667
9,94,6.05,16,620.6,55796.77361111111
7,92,6.18,17,620.6,55796.774305555555
7,78,6.26,17,620.6,55796.775
9,76,6.34,18,620.6,55796.77569444444
9,91,6.35,17,620.6,55796.77638888889
8,81,6.33,19,620.6,55796.777083333334
9,96,6.43,18,620.6,55796.77777777778
8,75,6.39,18,620.6,55796.77847222222
9,86,6.42,20,620.6,55796.77916666667
10,98,6.44,19,620.6,55796.779861111114
9,83,6.39,18,620.6,55796.78055555555
8,103,6.34,20,620.6,55796.78125
7,98,6.38,19,620.6,55796.78194444445
9,95,6.33,19,620.6,55796.782638888886
8,96,6.2,21,620.6,55796.78333333333
7,118,6.09,22,620.7,55796.78402777778
7,94,6.07,22,620.6,55796.78472222222
8,91,6.08,24,620.6,55796.785416666666
7,145,6.23,23,620.7,55796.78611111111
6,118,6.33,22,620.7,55796.78680555556
6,120,6.36,23,620.7,55796.78680555556
6,120,6.36,23,620.7,55796.78680555556
8,85,6.37,23,620.7,55796.79027777778
9,98,6.41,22,620.7,55796.790972222225
9,98,6.4,20,620.7,55796.791666666664
8,120,6.32,20,620.7,55796.79236111111
8,94,6.27,18,620.7,55796.79305555556
8,88,6.24,17,620.7,55796.79375
7,94,6.25,17,620.7,55796.794444444444
8,87,6.24,20,620.7,55796.79513888889
8,94,6.22,19,620.7,55796.79583333333
8,82,6.2,17,620.7,55796.79652777778
9,91,6.21,16,620.7,55796.79722222222
9,95,6.22,17,620.7,55796.79791666667
8,106,6.27,19,620.7,55796.79861111111
8,125,6.35,21,620.8,55796.799305555556
7,101,6.5,22,620.8,55796.8
6,62,6.58,23,620.8,55796.80069444444
10,84,6.66,22,620.8,55796.80138888889
8,101,6.68,21,620.8,55796.802083333336
8,101,6.77,19,620.8,55796.802777777775
8,84,6.84,19,620.8,55796.80347222222
9,92,6.89,19,620.8,55796.80416666667
8,137,7.03,21,620.8,55796.80486111111
6,68,7.1,22,620.8,55796.805555555555
8,144,7.15,23,620.8,55796.80625
6,146,7.17,24,620.8,55796.80694444444
5,113,7.13,23,620.8,55796.80763888889
6,96,7.09,23,620.8,55796.808333333334
6,68,7.18,22,620.8,55796.80902777778
9,60,7.23,20,620.8,55796.80972222222
8,98,7.19,18,620.8,55796.81041666667
8,74,7.13,19,620.8,55796.811111111114
10,78,7.09,21,620.8,55796.81180555555
8,103,7.0,22,620.8,55796.8125
6,92,6.88,23,620.8,55796.81319444445
10,82,6.82,24,620.8,55796.813888888886
8,91,6.71,20,620.8,55796.81458333333
9,97,6.68,20,620.8,55796.81527777778
9,102,6.61,20,620.8,55796.81597222222
9,96,6.6,23,620.8,55796.816666666666
9,102,6.6,22,620.8,55796.81736111111
9,82,6.54,22,620.8,55796.81805555556
7,138,6.43,24,620.8,55796.81875
7,71,6.39,28,620.8,55796.819444444445
9,109,6.49,31,620.8,55796.82013888889
7,110,6.6,34,620.8,55796.82083333333
7,140,6.68,32,620.8,55796.82152777778
5,133,6.83,31,620.8,55796.822222222225
6,64,6.84,29,620.8,55796.822916666664
8,62,6.93,23,620.8,55796.82361111111
10,80,7.02,21,620.8,55796.82430555556
10,58,6.98,23,620.8,55796.825
9,98,6.9,26,620.8,55796.825694444444
9,103,6.86,24,620.8,55796.82638888889
8,86,6.82,25,620.8,55796.82708333333
9,89,6.79,26,620.8,55796.82777777778
9,84,6.74,28,620.8,55796.82847222222
11,97,6.68,24,620.8,55796.82916666667
11,76,6.67,22,620.8,55796.82986111111
9,79,6.57,20,620.8,55796.830555555556
10,90,6.58,23,620.8,55796.83125
10,85,6.59,22,620.8,55796.83194444444
11,83,6.69,26,620.8,55796.83263888889
9,95,6.66,28,620.9,55796.833333333336
10,88,6.63,30,620.9,55796.834027777775
9,89,6.58,29,620.9,55796.83472222222
7,73,6.54,28,620.9,55796.83541666667
11,96,6.65,27,620.8,55796.83611111111
9,114,6.76,27,620.8,55796.836805555555
8,81,6.81,23,620.9,55796.8375
6,128,6.82,31,620.9,55796.83819444444
9,77,6.76,29,620.8,55796.83888888889
12,91,6.76,25,620.8,55796.839583333334
10,72,6.77,29,620.9,55796.84027777778
8,71,6.75,31,620.9,55796.84097222222
8,90,6.86,30,620.9,55796.84166666667
12,86,6.95,26,620.9,55796.84166666667
8,103,6.98,24,620.9,55796.84305555555
9,92,7.04,29,620.9,55796.84375
6,49,6.99,33,620.9,55796.84444444445
9,92,7.06,33,620.9,55796.845138888886
10,91,7.12,31,620.9,55796.84583333333
9,96,7.18,31,620.8,55796.84652777778
8,80,7.08,35,620.9,55796.84722222222
8,97,6.96,35,620.9,55796.847916666666
5,79,7.02,35,620.9,55796.84861111111
6,82,7.07,35,620.9,55796.84930555556
6,102,7.1,36,620.9,55796.85
8,113,7.2,32,620.9,55796.850694444445
8,56,7.4,28,620.9,55796.85138888889
10,90,7.56,31,620.9,55796.85208333333
8,143,7.56,37,620.9,55796.85277777778
5,86,7.61,33,620.9,55796.853472222225
6,130,7.59,34,620.9,55796.854166666664
6,95,7.49,30,620.9,55796.85486111111
7,94,7.52,21,620.9,55796.85555555556
8,114,7.59,24,621.0,55796.85625
10,75,7.66,26,621.0,55796.856944444444
9,75,7.54,27,621.0,55796.85763888889
8,73,7.41,30,621.0,55796.85833333333
5,109,7.28,33,621.0,55796.85902777778
7,123,7.33,35,620.9,55796.85972222222
10,73,7.53,34,620.9,55796.86041666667
12,88,7.66,31,620.9,55796.86111111111
10,81,7.66,31,620.9,55796.861805555556
9,143,7.55,29,621.0,55796.8625
6,66,7.4,34,621.0,55796.86319444444
8,65,7.35,37,621.0,55796.86388888889
10,107,7.47,37,621.0,55796.864583333336
10,101,7.62,34,620.9,55796.865277777775
10,75,7.74,35,620.9,55796.86597222222
10,87,7.76,34,620.9,55796.86666666667
11,86,7.7,31,620.9,55796.86736111111
11,69,7.62,31,620.9,55796.868055555555
12,92,7.66,33,620.8,55796.86875
10,72,7.55,30,620.9,55796.86944444444
9,95,7.47,31,620.9,55796.87013888889
8,79,7.39,29,621.0,55796.870833333334
7,83,7.36,28,620.9,55796.87152777778
11,74,7.49,29,620.9,55796.87222222222
11,94,7.66,29,620.9,55796.87291666667
11,79,7.7,31,620.9,55796.873611111114
9,94,7.68,36,620.9,55796.87430555555
7,73,7.55,34,621.0,55796.875
11,90,7.53,28,620.9,55796.87569444445
8,76,7.42,30,620.9,55796.876388888886
8,83,7.33,34,620.9,55796.87708333333
6,74,7.22,34,620.9,55796.87777777778
9,73,7.35,34,620.9,55796.87847222222
12,116,7.72,29,620.9,55796.879166666666
11,140,7.98,34,620.9,55796.87986111111
9,99,8.14,32,620.9,55796.88055555556
9,83,8.12,28,620.9,55796.88125
8,99,8.01,26,620.9,55796.881944444445
9,152,7.95,26,620.9,55796.88263888889
8,68,7.88,25,620.9,55796.88333333333
9,93,7.73,28,620.9,55796.88402777778
11,91,7.66,27,620.9,55796.884722222225
7,96,7.51,27,620.9,55796.885416666664
10,67,7.4,28,620.9,55796.88611111111
10,72,7.5,30,620.9,55796.88680555556
7,105,7.53,29,620.9,55796.8875
10,86,7.53,32,620.9,55796.888194444444
12,97,7.51,31,620.9,55796.88888888889
9,74,7.46,30,620.9,55796.88958333333
7,86,7.44,35,620.9,55796.89027777778
11,132,7.61,40,620.8,55796.89097222222
8,130,7.88,42,620.8,55796.89166666667
5,72,7.84,47,620.9,55796.89236111111
8,91,7.87,44,620.9,55796.893055555556
10,74,7.86,35,620.9,55796.89375
8,77,7.81,36,620.9,55796.89444444444
10,101,7.88,33,620.9,55796.89513888889
9,99,7.97,32,620.9,55796.895833333336
9,93,7.95,31,620.8,55796.896527777775
10,94,7.94,31,620.9,55796.89722222222
12,95,8.01,31,620.8,55796.89791666667
10,133,8.12,32,620.8,55796.89861111111
7,112,8.19,33,620.9,55796.899305555555
9,151,8.31,33,620.8,55796.9
9,111,8.54,35,620.8,55796.90069444444
7,105,8.57,30,620.9,55796.90138888889
6,77,8.41,28,620.9,55796.902083333334
5,74,8.27,29,620.9,55796.90277777778
6,95,8.17,37,620.8,55796.90347222222
9,139,8.25,38,620.8,55796.90416666667
8,95,8.24,36,620.8,55796.904861111114
11,91,8.22,29,620.8,55796.90555555555
12,98,8.17,25,620.8,55796.90625
9,58,8.04,26,620.8,55796.90694444445
9,102,8.03,34,620.8,55796.907638888886
9,86,8.05,31,620.8,55796.90833333333
11,69,8.08,25,620.8,55796.90902777778
10,94,8.2,25,620.8,55796.90972222222
9,37,8.42,27,620.8,55796.910416666666
10,87,8.56,28,620.8,55796.91111111111
13,76,8.61,32,620.7,55796.91180555556
13,70,8.62,31,620.6,55796.9125
14,69,8.69,27,620.6,55796.913194444445
12,79,8.65,25,620.7,55796.91388888889
11,88,8.66,28,620.7,55796.91458333333
11,140,8.7,26,620.8,55796.91527777778
9,81,8.7,25,620.8,55796.915972222225
7,68,8.61,31,620.8,55796.916666666664
10,97,8.61,39,620.8,55796.91736111111
9,138,8.64,41,620.8,55796.91805555556
9,88,8.66,34,620.8,55796.91875
11,74,8.58,30,620.8,55796.919444444444
11,79,8.45,32,620.8,55796.92013888889
9,65,8.29,28,620.8,55796.92083333333
8,75,8.25,27,620.8,55796.92152777778
7,47,8.11,29,620.7,55796.92222222222
9,97,8.02,32,620.7,55796.92291666667
12,75,8.05,32,620.7,55796.92361111111
11,91,8.11,32,620.7,55796.924305555556
10,98,8.12,41,620.7,55796.925
7,110,8.2,40,620.7,55796.92569444444
6,58,8.46,43,620.8,55796.92638888889
6,111,8.6,49,620.8,55796.927083333336
7,135,8.57,50,620.8,55796.927777777775
6,109,8.49,51,620.7,55796.92847222222
9,152,8.6,50,620.6,55796.92916666667
8,109,8.77,48,620.7,55796.92986111111
8,141,8.87,42,620.7,55796.930555555555
7,125,8.9,38,620.7,55796.93125
6,133,8.8,39,620.7,55796.93194444444
5,138,8.65,47,620.7,55796.93263888889
5,124,8.47,43,620.7,55796.933333333334
5,130,8.37,44,620.7,55796.93402777778
6,99,8.3,52,620.7,55796.93472222222
6,99,8.37,55,620.7,55796.93541666667
9,86,8.22,56,620.6,55796.936111111114
7,151,8.14,57,620.6,55796.93680555555
8,207,8.23,56,620.7,55796.9375
6,137,8.3,55,620.6,55796.93819444445
4,105,8.31,55,620.7,55796.938888888886
7,169,8.27,54,620.7,55796.93958333333
6,79,8.32,51,620.7,55796.94027777778
7,31,8.4,39,620.6,55796.94097222222
10,45,8.59,51,620.6,55796.941666666666
9,156,8.7,52,620.5,55796.94236111111
7,89,8.83,46,620.6,55796.94305555556
5,85,8.83,45,620.6,55796.94375
8,98,8.92,43,620.6,55796.944444444445
9,132,9.11,49,620.5,55796.94513888889
7,116,9.3,54,620.5,55796.94583333333
8,101,9.42,57,620.5,55796.94652777778
5,29,9.46,57,620.6,55796.947222222225
5,130,9.47,56,620.5,55796.947916666664
4,185,9.38,55,620.6,55796.94861111111
3,112,9.17,57,620.6,55796.94930555556
3,286,8.96,57,620.6,55796.95
5,130,8.75,55,620.6,55796.950694444444
3,184,8.58,57,620.6,55796.95138888889
4,121,8.63,60,620.5,55796.95208333333
8,140,8.61,58,620.5,55796.95277777778
7,114,8.44,55,620.5,55796.95347222222
7,138,8.35,53,620.6,55796.95416666667
4,92,8.11,50,620.6,55796.95486111111
5,110,8.0,53,620.6,55796.955555555556
5,168,8.08,51,620.5,55796.95625
6,158,7.92,47,620.5,55796.95694444444
5,176,7.71,51,620.5,55796.95763888889
2,141,7.54,51,620.5,55796.958333333336
4,125,7.54,56,620.5,55796.959027777775
7,111,7.73,54,620.5,55796.95972222222
7,100,7.86,53,620.5,55796.96041666667
6,129,7.76,57,620.5,55796.96111111111
4,110,7.74,63,620.5,55796.961805555555
7,192,8.02,63,620.5,55796.9625
6,109,8.28,60,620.5,55796.96319444444
7,126,8.39,58,620.5,55796.96388888889
7,89,8.34,58,620.5,55796.964583333334
4,90,8.19,55,620.5,55796.96527777778
2,293,8.11,56,620.5,55796.96597222222
3,201,8.14,54,620.5,55796.96666666667
5,200,8.06,51,620.4,55796.967361111114
5,166,8.0,54,620.4,55796.96805555555
5,112,8.01,53,620.4,55796.96875
5,197,8.11,53,620.5,55796.96944444445
6,207,8.33,53,620.4,55796.970138888886
6,135,8.55,53,620.5,55796.97083333333
9,74,8.77,49,620.4,55796.97152777778
10,110,8.87,51,620.4,55796.97222222222
9,80,8.93,50,620.4,55796.972916666666
11,104,8.85,51,620.4,55796.97361111111
8,84,8.66,51,620.4,55796.97430555556
9,121,8.46,50,620.4,55796.975
10,102,8.33,44,620.4,55796.975694444445
8,102,8.17,45,620.4,55796.97638888889
9,68,8.04,49,620.4,55796.97708333333
6,73,7.77,48,620.4,55796.97777777778
9,24,7.57,60,620.3,55796.978472222225
11,109,7.51,63,620.3,55796.979166666664
9,84,7.6,62,620.3,55796.97986111111
10,83,7.52,62,620.4,55796.98055555556
11,72,7.39,63,620.4,55796.98125
10,101,7.3,64,620.4,55796.981944444444
6,100,7.17,59,620.4,55796.98263888889
4,174,7.04,62,620.4,55796.98333333333
5,113,6.99,60,620.4,55796.98402777778
6,77,6.93,59,620.4,55796.98472222222
3,86,6.79,60,620.4,55796.98541666667
1,113,6.66,59,620.4,55796.98611111111
2,328,6.76,62,620.4,55796.986805555556
5,187,7.14,62,620.4,55796.9875
4,106,7.53,60,620.4,55796.98819444444
5,89,7.82,60,620.4,55796.98888888889
6,119,8.11,58,620.4,55796.989583333336
6,171,8.3,63,620.3,55796.990277777775
7,112,8.59,58,620.3,55796.99097222222
9,156,8.77,59,620.3,55796.99166666667
8,134,8.75,58,620.3,55796.99236111111
8,87,8.65,59,620.3,55796.993055555555
8,76,8.52,58,620.4,55796.99375
8,113,8.44,55,620.3,55796.99444444444
6,112,8.3,52,620.3,55796.99513888889
8,91,8.25,53,620.3,55796.995833333334
8,122,8.17,50,620.3,55796.99652777778
7,128,8.22,46,620.3,55796.99722222222
6,96,8.11,42,620.3,55796.99791666667
6,128,7.96,42,620.3,55796.998611111114
4,115,7.87,43,620.3,55796.99930555555
3,134,7.72,47,620.3,55797.0
3,72,7.63,49,620.3,55797.00069444445
3,93,7.54,50,620.3,55797.001388888886
6,90,7.49,62,620.3,55797.00208333333
10,88,7.53,63,620.2,55797.00277777778
11,105,7.6,59,620.2,55797.00347222222
11,86,7.58,51,620.3,55797.004166666666
8,102,7.49,54,620.3,55797.00486111111
6,99,7.39,55,620.3,55797.00555555556
6,85,7.53,51,620.3,55797.00625
6,74,7.57,52,620.3,55797.006944444445
5,60,7.62,53,620.3,55797.00763888889
10,98,7.68,56,620.2,55797.00833333333
10,94,7.62,58,620.2,55797.00902777778
9,149,7.55,58,620.1,55797.009722222225
7,111,7.53,56,620.2,55797.010416666664
4,101,7.4,57,620.2,55797.01111111111
6,70,7.33,59,620.2,55797.01180555556
8,61,7.47,63,620.2,55797.0125
11,77,7.63,66,620.1,55797.013194444444
10,94,7.9,64,620.1,55797.01388888889
10,66,8.02,62,620.0,55797.01458333333
8,134,8.18,59,620.1,55797.01527777778
8,70,8.25,57,620.2,55797.01597222222
8,117,8.16,57,620.2,55797.01666666667
7,128,8.07,56,620.2,55797.01736111111
4,182,8.0,54,620.2,55797.018055555556
2,160,8.01,52,620.2,55797.01875
2,58,7.94,54,620.2,55797.01944444444
3,58,7.92,57,620.2,55797.02013888889
5,86,7.94,58,620.2,55797.020833333336
7,93,8.05,59,620.1,55797.021527777775
8,131,8.32,51,620.1,55797.02222222222
7,136,8.58,51,620.1,55797.02291666667
7,146,8.68,54,620.1,55797.02361111111
8,120,8.68,56,620.1,55797.024305555555
7,95,8.61,56,620.1,55797.025
4,81,8.51,56,620.1,55797.02569444444
9,66,8.56,44,620.1,55797.02638888889
10,51,8.55,43,620.1,55797.027083333334
8,89,8.52,45,620.0,55797.02777777778
7,100,8.54,57,620.1,55797.02847222222
5,56,8.51,59,620.1,55797.02916666667
7,133,8.45,55,620.1,55797.029861111114
5,117,8.32,57,620.1,55797.03055555555
7,83,8.21,54,620.0,55797.03125
8,68,8.16,49,620.0,55797.03194444445
9,80,8.27,58,620.0,55797.032638888886
7,115,8.4,59,620.1,55797.03333333333
7,80,8.39,62,620.1,55797.03402777778
9,78,8.45,52,620.0,55797.03472222222
8,106,8.37,38,620.1,55797.035416666666
6,59,8.19,48,620.1,55797.03611111111
8,86,8.11,55,620.0,55797.03680555556
8,83,8.06,54,620.0,55797.0375
8,96,8.02,54,620.0,55797.038194444445
7,92,7.9,56,620.1,55797.03888888889
11,65,7.96,60,620.0,55797.03958333333
7,99,7.95,62,620.0,55797.04027777778
12,80,8.02,63,620.0,55797.040972222225
12,73,8.01,64,620.0,55797.041666666664
11,72,7.95,60,619.9,55797.04236111111
13,105,7.96,49,619.9,55797.04305555556
12,97,7.99,57,619.8,55797.04375
14,93,7.89,61,619.8,55797.044444444444
10,84,7.75,55,619.9,55797.04513888889
8,96,7.63,53,619.9,55797.04583333333
8,78,7.57,49,619.9,55797.04652777778
9,76,7.53,50,619.9,55797.04722222222
11,92,7.45,56,619.9,55797.04791666667
8,57,7.34,55,619.9,55797.04861111111
9,86,7.32,52,619.9,55797.049305555556
5,98,7.23,48,620.0,55797.05
5,18,7.21,53,619.9,55797.05069444444
8,102,7.33,58,619.9,55797.05138888889
11,86,7.42,61,619.8,55797.052083333336
10,149,7.43,61,619.9,55797.052777777775
9,110,7.5,61,619.9,55797.05347222222
9,105,7.58,64,619.9,55797.05416666667
9,76,7.56,63,619.9,55797.05486111111
9,120,7.56,55,620.0,55797.055555555555
7,77,7.51,52,620.0,55797.05625
5,75,7.39,59,620.0,55797.05694444444
8,78,7.35,63,619.9,55797.05763888889
10,102,7.34,57,619.9,55797.058333333334
8,117,7.25,57,619.9,55797.05902777778
7,155,7.25,56,619.9,55797.05972222222
5,126,7.27,56,619.9,55797.06041666667
4,130,7.25,54,619.9,55797.061111111114
7,102,7.33,56,619.9,55797.06180555555
7,95,7.4,55,619.9,55797.0625
9,71,7.42,54,619.9,55797.06319444445
5,98,7.31,55,619.9,55797.063888888886
5,118,7.32,53,619.9,55797.06458333333
4,95,7.39,50,619.9,55797.06527777778
6,56,7.37,57,619.9,55797.06597222222
8,131,7.46,56,619.9,55797.066666666666
6,85,7.49,55,620.0,55797.06736111111
8,129,7.55,55,619.9,55797.06805555556
7,174,7.74,47,619.9,55797.06875
4,158,7.7,45,619.9,55797.069444444445
3,70,7.65,48,619.9,55797.07013888889
5,113,7.71,50,619.9,55797.07083333333
8,79,7.74,52,619.9,55797.07152777778
7,119,7.74,53,619.9,55797.072222222225
7,82,7.83,58,619.9,55797.072916666664
9,122,7.84,61,619.9,55797.07361111111
8,144,7.79,49,619.9,55797.07430555556
8,128,7.78,52,619.9,55797.075
7,94,7.64,50,619.9,55797.075694444444
10,82,7.51,56,619.9,55797.07638888889
9,76,7.35,52,619.9,55797.07708333333
6,142,7.17,51,619.9,55797.07777777778
5,85,7.05,61,619.9,55797.07847222222
7,102,6.95,66,619.9,55797.07916666667
8,75,6.92,67,619.9,55797.07986111111
7,92,6.88,67,619.9,55797.080555555556
7,118,6.95,67,619.8,55797.08125
9,92,6.96,67,619.9,55797.08194444444
8,63,6.92,64,619.9,55797.08263888889
8,117,6.9,62,619.9,55797.083333333336
7,80,6.92,63,619.9,55797.084027777775
6,91,6.84,62,619.9,55797.08472222222
5,89,6.74,55,619.9,55797.08541666667
6,67,6.76,54,619.9,55797.08611111111
9,74,6.79,63,619.8,55797.086805555555
10,75,6.77,56,619.9,55797.0875
8,84,6.71,56,619.9,55797.08819444444
6,82,6.62,52,619.9,55797.08888888889
9,53,6.59,49,619.9,55797.089583333334
10,63,6.66,51,619.9,55797.09027777778
10,69,6.74,60,619.8,55797.09097222222
12,74,6.74,61,619.8,55797.09166666667
11,70,6.72,61,619.8,55797.092361111114
13,78,6.72,52,619.8,55797.09305555555
10,75,6.62,51,619.8,55797.09375
12,80,6.57,57,619.8,55797.09444444445
12,77,6.49,53,619.8,55797.095138888886
12,79,6.43,47,619.8,55797.09583333333
11,79,6.38,50,619.8,55797.09652777778
10,82,6.32,49,619.8,55797.09722222222
10,83,6.23,50,619.8,55797.097916666666
8,77,6.17,46,619.8,55797.09861111111
7,76,6.21,61,619.8,55797.09930555556
10,44,6.26,67,619.8,55797.1
11,78,6.31,65,619.8,55797.100694444445
11,87,6.28,62,619.7,55797.10138888889
10,91,6.23,51,619.7,55797.10208333333
7,84,6.14,49,619.8,55797.10277777778
5,105,6.03,60,619.8,55797.103472222225
4,97,5.97,57,619.8,55797.104166666664
7,81,5.97,60,619.8,55797.10486111111
9,84,5.99,65,619.8,55797.10555555556
9,72,5.97,66,619.7,55797.10625
5,101,5.92,63,619.8,55797.106944444444
7,108,5.88,55,619.8,55797.10763888889
7,104,5.88,56,619.8,55797.10833333333
6,115,5.9,56,619.8,55797.10902777778
9,81,5.93,58,619.8,55797.10972222222
9,81,5.93,57,619.8,55797.11041666667
7,64,5.91,52,619.8,55797.11111111111
10,77,5.93,48,619.7,55797.111805555556
10,82,5.93,55,619.7,55797.1125
11,70,5.91,56,619.7,55797.11319444444
9,69,5.84,59,619.7,55797.11388888889
8,72,5.78,61,619.7,55797.114583333336
8,92,5.75,66,619.8,55797.115277777775
10,93,5.73,64,619.8,55797.11597222222
8,100,5.7,66,619.8,55797.11666666667
8,95,5.66,59,619.8,55797.11736111111
7,77,5.62,59,619.8,55797.118055555555
6,80,5.6,65,619.8,55797.11875
8,82,5.59,64,619.8,55797.11944444444
8,68,5.57,64,619.8,55797.12013888889
11,90,5.56,62,619.8,55797.120833333334
9,93,5.53,62,619.8,55797.12152777778
10,90,5.51,60,619.8,55797.12222222222
8,86,5.47,63,619.8,55797.12291666667
7,73,5.46,67,619.8,55797.123611111114
7,80,5.41,46,619.8,55797.12430555555
8,77,5.4,53,619.8,55797.125
10,107,5.37,55,619.7,55797.12569444445
8,79,5.34,52,619.8,55797.126388888886
8,83,5.34,47,619.8,55797.12708333333
6,92,5.32,54,619.8,55797.12777777778
8,87,5.33,61,619.8,55797.12847222222
9,77,5.29,62,619.8,55797.129166666666
8,83,5.24,50,619.8,55797.12986111111
8,94,5.23,43,619.8,55797.13055555556
8,98,5.2,54,619.8,55797.13125
8,75,5.17,63,619.8,55797.131944444445
7,78,5.1,68,619.8,55797.13263888889
8,88,5.04,60,619.8,55797.13333333333
8,81,5.01,58,619.8,55797.13402777778
9,93,4.99,59,619.8,55797.134722222225
10,84,4.97,60,619.8,55797.135416666664
10,66,4.95,61,619.8,55797.13611111111
11,69,4.94,53,619.8,55797.13680555556
11,74,4.91,46,619.8,55797.1375
9,84,4.89,50,619.8,55797.138194444444
9,79,4.89,52,619.8,55797.13888888889
7,63,4.84,56,619.8,55797.13958333333
8,72,4.84,58,619.8,55797.14027777778
11,83,4.83,47,619.8,55797.14097222222
10,64,4.82,45,619.8,55797.14166666667
8,68,4.8,48,619.8,55797.14236111111
9,75,4.79,64,619.8,55797.143055555556
8,92,4.75,66,619.8,55797.14375
7,89,4.73,62,619.8,55797.14444444444
9,81,4.69,46,619.8,55797.14513888889
9,79,4.68,55,619.8,55797.145833333336
9,88,4.65,56,619.8,55797.146527777775
8,93,4.61,51,619.8,55797.14722222222
8,73,4.59,54,619.8,55797.14791666667
8,87,4.57,58,619.8,55797.14861111111
9,94,4.55,69,619.8,55797.149305555555
9,86,4.51,55,619.8,55797.15
8,65,4.5,52,619.8,55797.15069444444
10,64,4.52,43,619.8,55797.15138888889
10,68,4.53,48,619.8,55797.152083333334
9,78,4.53,52,619.8,55797.15277777778
9,90,4.51,42,619.8,55797.15347222222
9,80,4.49,34,619.8,55797.15416666667
9,77,4.51,52,619.8,55797.154861111114
9,94,4.5,60,619.8,55797.15555555555
9,83,4.48,52,619.8,55797.15625
9,80,4.46,48,619.8,55797.15694444445
9,91,4.43,45,619.9,55797.157638888886
10,77,4.4,39,619.8,55797.15833333333
8,84,4.38,47,619.9,55797.15902777778
7,94,4.37,51,619.9,55797.15972222222
8,80,4.34,49,619.8,55797.160416666666
10,78,4.33,58,619.8,55797.16111111111
8,76,4.29,52,619.8,55797.16180555556
9,91,4.25,46,619.9,55797.1625
9,85,4.22,51,619.9,55797.163194444445
7,102,4.18,43,619.9,55797.16388888889
7,84,4.16,62,619.9,55797.16458333333
6,76,4.1,63,619.9,55797.16527777778
7,77,4.05,43,619.9,55797.165972222225
8,85,4.04,37,619.9,55797.166666666664
9,89,4.04,48,619.9,55797.16736111111
7,89,4.02,55,619.9,55797.16805555556
7,87,3.99,52,619.9,55797.16875
9,93,3.95,38,619.9,55797.169444444444
7,91,3.94,34,619.9,55797.17013888889
7,94,3.93,35,619.9,55797.17083333333
7,82,3.92,38,619.9,55797.17152777778
8,86,3.91,44,619.9,55797.17222222222
7,77,3.9,45,619.9,55797.17291666667
7,87,3.87,36,619.9,55797.17361111111
7,79,3.87,41,619.9,55797.174305555556
8,74,3.86,50,619.9,55797.175
8,86,3.83,52,619.9,55797.17569444444
7,95,3.8,55,619.9,55797.17638888889
7,92,3.76,58,619.9,55797.177083333336
6,89,3.72,62,619.9,55797.177777777775
5,85,3.66,58,619.9,55797.17847222222
6,67,3.61,51,619.9,55797.17916666667
8,75,3.58,31,619.9,55797.17986111111
8,78,3.58,33,619.9,55797.180555555555
7,88,3.58,32,619.9,55797.18125
7,82,3.56,33,619.9,55797.18194444444
7,83,3.55,33,619.9,55797.18263888889
8,75,3.54,29,619.9,55797.183333333334
8,70,3.54,26,619.9,55797.18402777778
10,75,3.55,29,619.9,55797.18472222222
10,99,3.56,30,619.9,55797.18541666667
9,77,3.56,29,619.9,55797.186111111114
9,76,3.58,27,619.9,55797.18680555555
9,75,3.59,30,619.9,55797.1875
9,115,3.58,33,619.9,55797.18819444445
8,88,3.57,28,619.9,55797.188888888886
8,88,3.56,32,619.9,55797.18958333333
9,76,3.53,37,619.9,55797.19027777778
9,86,3.5,42,619.9,55797.19097222222
8,76,3.48,47,619.9,55797.191666666666
8,70,3.43,46,619.9,55797.19236111111
9,89,3.38,32,619.9,55797.19305555556
9,87,3.36,33,619.9,55797.19375
10,78,3.34,34,619.9,55797.194444444445
9,84,3.31,24,619.9,55797.19513888889
9,76,3.3,24,619.9,55797.19583333333
9,77,3.28,27,619.9,55797.19652777778
11,76,3.27,28,619.9,55797.197222222225
11,78,3.28,28,619.9,55797.197916666664
10,74,3.27,25,619.9,55797.19861111111
8,94,3.26,23,619.9,55797.19930555556
10,79,3.25,27,619.9,55797.2
12,86,3.24,27,619.9,55797.200694444444
10,70,3.22,26,619.9,55797.20138888889
11,84,3.2,29,619.9,55797.20208333333
10,87,3.18,34,619.9,55797.20277777778
10,93,3.13,36,619.9,55797.20347222222
10,92,3.06,33,619.9,55797.20416666667
10,81,3.01,36,619.9,55797.20486111111
10,76,2.96,40,619.9,55797.205555555556
10,86,2.92,49,619.9,55797.20625
9,83,2.88,43,619.9,55797.20694444444
9,69,2.85,37,619.9,55797.20763888889
11,71,2.83,36,619.9,55797.208333333336
10,90,2.82,45,619.9,55797.209027777775
10,69,2.78,47,619.9,55797.20972222222
10,67,2.75,50,619.9,55797.21041666667
10,86,2.73,35,619.9,55797.21111111111
10,83,2.73,38,619.9,55797.211805555555
11,95,2.72,38,619.9,55797.2125
11,80,2.7,32,619.9,55797.21319444444
9,95,2.7,28,619.9,55797.21388888889
9,82,2.72,30,620.0,55797.214583333334
10,80,2.72,30,619.9,55797.21527777778
10,71,2.73,27,619.9,55797.21597222222
10,90,2.76,29,620.1,55797.21666666667
10,84,2.76,31,620.0,55797.217361111114
10,83,2.76,31,620.0,55797.21805555555
11,88,2.76,25,619.9,55797.21875
10,91,2.78,25,620.0,55797.21944444445
10,85,2.79,26,620.0,55797.220138888886
10,79,2.76,26,620.0,55797.22083333333
10,84,2.75,24,620.0,55797.22152777778
10,80,2.75,25,620.0,55797.22222222222
9,80,2.73,25,620.0,55797.222916666666
10,82,2.72,24,620.0,55797.22361111111
10,65,2.72,23,620.0,55797.22430555556
10,85,2.73,23,620.0,55797.225
11,80,2.75,22,620.0,55797.225694444445
10,77,2.76,25,620.1,55797.22638888889
9,67,2.75,26,620.1,55797.22708333333
9,98,2.73,25,620.0,55797.22777777778
10,77,2.72,22,620.0,55797.228472222225
9,90,2.72,21,620.1,55797.229166666664
9,72,2.72,24,620.1,55797.22986111111
10,83,2.72,27,620.0,55797.23055555556
9,69,2.71,30,620.1,55797.23125
9,88,2.68,30,620.1,55797.231944444444
10,78,2.65,26,620.1,55797.23263888889
9,95,2.64,24,620.1,55797.23333333333
9,90,2.62,25,620.1,55797.23402777778
9,84,2.6,25,620.1,55797.23472222222
10,80,2.59,23,620.1,55797.23541666667
10,80,2.6,24,620.1,55797.23611111111
10,73,2.58,23,620.1,55797.236805555556
10,68,2.59,22,620.2,55797.2375
10,83,2.59,21,620.2,55797.23819444444
10,70,2.6,22,620.2,55797.23888888889
9,74,2.6,22,620.2,55797.239583333336
9,88,2.6,22,620.2,55797.240277777775
9,78,2.6,23,620.2,55797.24097222222
9,76,2.58,24,620.2,55797.24166666667
10,86,2.57,22,620.2,55797.24236111111
8,84,2.57,22,620.2,55797.243055555555
9,92,2.57,23,620.2,55797.24375
9,78,2.57,23,620.2,55797.24444444444
9,76,2.55,23,620.2,55797.24513888889
9,69,2.54,23,620.2,55797.245833333334
9,68,2.51,23,620.2,55797.24652777778
9,63,2.5,23,620.2,55797.24722222222
9,80,2.49,22,620.2,55797.24791666667
9,76,2.48,23,620.2,55797.248611111114
9,66,2.46,22,620.2,55797.24930555555
9,66,2.45,22,620.2,55797.25
9,86,2.45,22,620.2,55797.25069444445
9,84,2.45,22,620.2,55797.251388888886
9,70,2.45,22,620.2,55797.25208333333
10,93,2.46,21,620.2,55797.25277777778
9,70,2.47,22,620.2,55797.25347222222
10,73,2.46,22,620.2,55797.254166666666
9,81,2.47,21,620.2,55797.25486111111
11,74,2.5,20,620.2,55797.25555555556
10,75,2.53,20,620.2,55797.25625
10,84,2.55,21,620.2,55797.256944444445
9,92,2.57,22,620.3,55797.25763888889
9,73,2.55,22,620.3,55797.25833333333
10,70,2.54,21,620.3,55797.25902777778
9,79,2.53,22,620.3,55797.259722222225
9,79,2.51,22,620.3,55797.260416666664
9,80,2.5,23,620.3,55797.26111111111
8,72,2.49,23,620.3,55797.26180555556
9,68,2.45,23,620.3,55797.2625
9,71,2.42,23,620.3,55797.263194444444
9,76,2.37,23,620.3,55797.26388888889
8,68,2.32,23,620.3,55797.26458333333
9,72,2.28,23,620.3,55797.26527777778
9,71,2.23,23,620.3,55797.26597222222
9,67,2.19,23,620.3,55797.26666666667
10,67,2.16,23,620.3,55797.26736111111
9,69,2.12,24,620.3,55797.268055555556
9,73,2.09,23,620.3,55797.26875
9,73,2.08,23,620.3,55797.26944444444
9,77,2.06,23,620.3,55797.27013888889
9,75,2.06,23,620.3,55797.270833333336
9,70,2.05,23,620.3,55797.271527777775
9,73,2.06,22,620.4,55797.27222222222
9,75,2.08,22,620.3,55797.27291666667
9,69,2.08,22,620.4,55797.27361111111
9,69,2.08,23,620.4,55797.274305555555
9,64,2.08,22,620.4,55797.275
9,68,2.07,22,620.4,55797.27569444444
8,67,2.07,23,620.4,55797.27638888889
9,63,2.06,23,620.4,55797.277083333334
8,76,2.05,24,620.4,55797.27777777778
9,70,2.03,23,620.4,55797.27847222222
9,64,2.02,23,620.4,55797.27916666667
8,74,2.01,22,620.4,55797.279861111114
8,73,1.99,21,620.4,55797.28055555555
9,79,1.97,22,620.4,55797.28125
8,69,1.95,22,620.4,55797.28194444445
8,67,1.93,22,620.4,55797.282638888886
8,73,1.93,23,620.4,55797.28333333333
8,74,1.92,24,620.4,55797.28402777778
9,72,1.91,24,620.4,55797.28472222222
9,65,1.9,24,620.4,55797.285416666666
8,81,1.89,23,620.4,55797.28611111111
9,71,1.88,23,620.4,55797.28680555556
8,69,1.87,23,620.4,55797.2875
9,70,1.87,23,620.4,55797.288194444445
9,71,1.84,22,620.4,55797.28888888889
9,66,1.83,22,620.4,55797.28958333333
9,67,1.83,22,620.4,55797.29027777778
9,68,1.81,23,620.4,55797.290972222225
9,73,1.8,22,620.5,55797.291666666664
8,77,1.78,22,620.5,55797.29236111111
8,70,1.77,22,620.5,55797.29305555556
8,75,1.75,22,620.5,55797.29375
8,67,1.74,23,620.5,55797.294444444444
8,71,1.72,23,620.5,55797.29513888889
8,73,1.69,24,620.5,55797.29583333333
8,71,1.66,24,620.5,55797.29652777778
8,74,1.63,23,620.5,55797.29722222222
7,76,1.62,24,620.5,55797.29791666667
7,72,1.59,24,620.5,55797.29861111111
8,71,1.57,23,620.5,55797.299305555556
8,69,1.54,23,620.5,55797.3
8,72,1.53,23,620.5,55797.30069444444
8,70,1.51,23,620.5,55797.30138888889
8,77,1.5,24,620.5,55797.302083333336
8,78,1.48,23,620.5,55797.302777777775
8,76,1.48,23,620.6,55797.30347222222
8,71,1.46,23,620.6,55797.30416666667
8,76,1.46,23,620.6,55797.30486111111
7,60,1.47,23,620.6,55797.305555555555
6,82,1.47,23,620.6,55797.30625
7,71,1.47,23,620.6,55797.30694444444
8,79,1.48,24,620.6,55797.30763888889
7,77,1.51,23,620.6,55797.308333333334
8,83,1.51,23,620.6,55797.30902777778
8,74,1.53,22,620.6,55797.30972222222
7,73,1.54,22,620.6,55797.31041666667
8,75,1.53,22,620.6,55797.311111111114
7,69,1.53,22,620.6,55797.31180555555
7,75,1.54,22,620.7,55797.3125
7,72,1.53,22,620.7,55797.31319444445
7,78,1.53,22,620.7,55797.313888888886
7,69,1.53,22,620.7,55797.31458333333
8,74,1.53,22,620.7,55797.31527777778
7,83,1.51,22,620.7,55797.31597222222
8,77,1.51,22,620.7,55797.316666666666
8,72,1.51,22,620.7,55797.31736111111
8,72,1.52,23,620.7,55797.31805555556
8,73,1.55,24,620.7,55797.31875
8,82,1.58,22,620.7,55797.319444444445
8,66,1.59,21,620.7,55797.32013888889
8,84,1.59,22,620.7,55797.32083333333
8,81,1.61,23,620.7,55797.32152777778
8,88,1.64,23,620.7,55797.322222222225
8,84,1.66,22,620.7,55797.322916666664
8,80,1.68,23,620.7,55797.32361111111
8,72,1.69,23,620.7,55797.32430555556
9,58,1.73,23,620.7,55797.325
10,80,1.76,22,620.7,55797.325694444444
9,69,1.8,22,620.7,55797.32638888889
9,62,1.81,23,620.7,55797.32708333333
9,73,1.83,24,620.7,55797.32777777778
9,71,1.82,24,620.7,55797.32847222222
10,74,1.82,24,620.7,55797.32916666667
10,72,1.81,23,620.7,55797.32986111111
9,75,1.84,22,620.7,55797.330555555556
9,78,1.84,23,620.7,55797.33125
9,73,1.81,21,620.7,55797.33194444444
9,67,1.76,20,620.7,55797.33263888889
9,72,1.71,20,620.7,55797.333333333336
9,64,1.67,21,620.7,55797.334027777775
9,73,1.61,21,620.8,55797.33472222222
9,68,1.56,21,620.8,55797.33541666667
10,75,1.52,21,620.8,55797.33611111111
9,72,1.47,21,620.7,55797.336805555555
10,65,1.42,21,620.7,55797.3375
10,64,1.37,21,620.7,55797.33819444444
10,66,1.34,23,620.7,55797.33888888889
10,65,1.29,23,620.7,55797.339583333334
10,75,1.26,22,620.7,55797.34027777778
9,61,1.26,23,620.7,55797.34097222222
10,69,1.25,22,620.7,55797.34166666667
10,64,1.24,23,620.7,55797.342361111114
10,67,1.24,24,620.7,55797.34305555555
10,64,1.23,23,620.7,55797.34375
11,64,1.23,22,620.7,55797.34444444445
10,72,1.26,23,620.7,55797.345138888886
10,64,1.24,23,620.7,55797.34583333333
11,67,1.21,22,620.7,55797.34652777778
10,67,1.2,24,620.7,55797.34722222222
10,64,1.2,23,620.7,55797.347916666666
10,65,1.19,25,620.7,55797.34861111111
10,69,1.2,25,620.7,55797.34930555556
10,68,1.2,24,620.6,55797.35
11,64,1.21,24,620.7,55797.350694444445
10,66,1.22,24,620.6,55797.35138888889
10,62,1.22,25,620.6,55797.35208333333
10,65,1.21,25,620.6,55797.35277777778
10,66,1.19,25,620.6,55797.353472222225
10,72,1.17,27,620.6,55797.354166666664
10,65,1.12,28,620.6,55797.35486111111
9,66,1.09,27,620.6,55797.35555555556
10,70,1.05,27,620.6,55797.35625
9,68,1.05,28,620.6,55797.356944444444
9,68,1.02,29,620.6,55797.35763888889
9,67,0.98,29,620.6,55797.35833333333
10,70,0.95,30,620.6,55797.35902777778
10,58,0.92,28,620.6,55797.35972222222
9,64,0.91,28,620.6,55797.36041666667
10,68,0.92,27,620.6,55797.36111111111
10,71,0.94,27,620.6,55797.361805555556
10,70,0.97,25,620.6,55797.3625
10,70,1.02,24,620.6,55797.36319444444
10,67,1.07,23,620.6,55797.36388888889
10,68,1.11,23,620.6,55797.364583333336
10,72,1.15,23,620.6,55797.365277777775
10,67,1.17,23,620.6,55797.36597222222
10,66,1.2,23,620.6,55797.36666666667
9,69,1.21,23,620.5,55797.36736111111
9,73,1.23,24,620.5,55797.368055555555
10,70,1.26,23,620.5,55797.36875
10,69,1.26,23,620.5,55797.36944444444
10,69,1.26,24,620.5,55797.37013888889
10,71,1.26,24,620.5,55797.370833333334
10,74,1.27,24,620.5,55797.37152777778
10,68,1.29,24,620.4,55797.37222222222
11,65,1.26,24,620.4,55797.37291666667
11,66,1.26,23,620.4,55797.373611111114
10,64,1.26,23,620.4,55797.37430555555
11,71,1.27,23,620.4,55797.375
11,71,1.29,23,620.4,55797.37569444445
10,67,1.29,23,620.4,55797.376388888886
11,67,1.29,24,620.4,55797.37708333333
11,61,1.28,23,620.4,55797.37777777778
10,68,1.27,24,620.4,55797.37847222222
11,70,1.26,23,620.4,55797.379166666666
10,76,1.24,24,620.4,55797.37986111111
10,68,1.23,25,620.4,55797.38055555556
10,68,1.21,26,620.4,55797.38125
10,67,1.2,25,620.4,55797.381944444445
10,66,1.2,25,620.4,55797.38263888889
10,69,1.2,25,620.4,55797.38333333333
10,67,1.19,28,620.4,55797.38402777778
9,57,1.15,30,620.4,55797.384722222225
10,75,1.12,30,620.4,55797.385416666664
10,67,1.1,30,620.4,55797.38611111111
10,74,1.07,31,620.4,55797.38680555556
10,63,1.04,30,620.4,55797.3875
10,65,1.03,27,620.4,55797.388194444444
10,68,1.02,27,620.3,55797.38888888889
10,68,1.04,30,620.3,55797.38958333333
10,65,1.04,31,620.3,55797.39027777778
10,64,1.02,28,620.3,55797.39097222222
11,65,1.03,27,620.3,55797.39166666667
10,65,1.05,27,620.3,55797.39236111111
10,69,1.05,28,620.3,55797.393055555556
10,65,1.06,28,620.3,55797.39375
11,65,1.05,27,620.3,55797.39444444444
11,69,1.05,26,620.3,55797.39513888889
10,67,1.04,26,620.3,55797.395833333336
11,66,1.07,25,620.2,55797.396527777775
11,67,1.09,26,620.2,55797.39722222222
11,65,1.12,26,620.2,55797.39791666667
10,70,1.14,27,620.2,55797.39861111111
11,70,1.16,26,620.1,55797.399305555555
11,76,1.15,26,620.1,55797.4
11,72,1.15,28,620.1,55797.40069444444
12,69,1.14,26,620.1,55797.40138888889
11,74,1.17,26,620.1,55797.402083333334
11,67,1.17,28,620.1,55797.40277777778
11,63,1.19,26,620.1,55797.40347222222
11,68,1.21,26,620.1,55797.40416666667
11,66,1.23,27,620.1,55797.404861111114
11,71,1.23,29,620.1,55797.40555555555
11,63,1.23,28,620.1,55797.40625
11,68,1.23,29,620.1,55797.40694444445
11,68,1.18,30,620.0,55797.407638888886
12,71,1.16,28,620.0,55797.40833333333
11,71,1.16,29,620.0,55797.40902777778
11,66,1.15,29,620.0,55797.40972222222
11,69,1.14,27,620.0,55797.410416666666
12,69,1.15,26,620.0,55797.41111111111
12,65,1.14,26,620.0,55797.41180555556
12,69,1.16,25,620.0,55797.4125
12,67,1.2,25,620.0,55797.413194444445
12,68,1.23,26,620.0,55797.41388888889
12,63,1.25,25,620.0,55797.41458333333
12,69,1.28,25,620.0,55797.41527777778
12,72,1.31,24,620.0,55797.415972222225
