wind_speed,wind_direction,temperature,relative_humidity,pressure,mjd
33,113.0,3.12,33,619.8,56873.416666666664
33,102.0,3.12,37,619.9,56873.41736111111
36,118.0,3.1,36,619.9,56873.41805555556
36,90.0,3.08,32,619.9,56873.41875
33,125.0,3.09,34,619.8,56873.419444444444
35,118.0,3.09,32,619.8,56873.42013888889
36,106.0,3.09,32,619.7,56873.42083333333
35,112.0,3.12,32,619.8,56873.42152777778
36,110.0,3.13,29,619.8,56873.42222222222
37,113.0,3.17,28,619.8,56873.42291666667
34,105.0,3.22,28,619.9,56873.42361111111
36,107.0,3.27,28,619.9,56873.424305555556
35,118.0,3.32,30,619.7,56873.425
39,115.0,3.37,30,619.8,56873.42569444444
36,105.0,3.4,28,619.9,56873.42638888889
34,119.0,3.44,29,619.9,56873.427083333336
32,121.0,3.44,27,619.8,56873.427777777775
31,113.0,3.46,33,619.9,56873.42847222222
33,117.0,3.44,30,619.9,56873.42916666667
33,116.0,3.38,26,619.9,56873.42986111111
33,123.0,3.36,27,619.9,56873.430555555555
36,96.0,3.34,24,619.8,56873.43125
33,105.0,3.35,25,619.8,56873.43194444444
38,116.0,3.39,26,619.8,56873.43263888889
36,117.0,3.42,25,619.7,56873.433333333334
33,110.0,3.43,20,619.8,56873.43402777778
32,117.0,3.46,22,619.7,56873.43472222222
35,121.0,3.51,24,619.8,56873.43541666667
34,92.0,3.52,25,619.8,56873.436111111114
36,109.0,3.55,25,619.7,56873.43680555555
36,115.0,3.56,25,619.7,56873.4375
37,111.0,3.57,24,619.8,56873.43819444445
33,108.0,3.58,24,619.8,56873.438888888886
32,121.0,3.61,27,619.7,56873.43958333333
33,113.0,3.61,29,619.6,56873.44027777778
35,116.0,3.58,28,619.7,56873.44097222222
33,115.0,3.56,25,619.8,56873.441666666666
33,101.0,3.55,27,619.7,56873.44236111111
35,119.0,3.53,29,619.7,56873.44305555556
33,122.0,3.5,29,619.7,56873.44375
32,120.0,3.46,28,619.7,56873.444444444445
33,113.0,3.4,24,619.7,56873.44513888889
30,122.0,3.37,31,619.6,56873.44583333333
35,108.0,3.35,35,619.6,56873.44652777778
34,113.0,3.27,26,619.7,56873.447222222225
34,111.0,3.24,27,619.6,56873.447916666664
31,117.0,3.26,33,619.6,56873.44861111111
34,123.0,3.23,28,619.6,56873.44930555556
36,119.0,3.18,23,619.6,56873.45
34,121.0,3.2,27,619.6,56873.450694444444
37,119.0,3.22,26,619.6,56873.45138888889
37,111.0,3.22,23,619.6,56873.45208333333
37,119.0,3.25,20,619.4,56873.45277777778
36,124.0,3.3,22,619.4,56873.45347222222
35,112.0,3.34,27,619.5,56873.45416666667
37,124.0,3.34,23,619.5,56873.45486111111
35,116.0,3.35,21,619.5,56873.455555555556
35,123.0,3.37,22,619.5,56873.45625
37,95.0,3.37,21,619.5,56873.45694444444
37,131.0,3.4,21,619.5,56873.45763888889
35,106.0,3.44,24,619.4,56873.458333333336
37,119.0,3.46,25,619.5,56873.459027777775
36,131.0,3.47,24,619.5,56873.45972222222
33,122.0,3.46,22,619.5,56873.46041666667
36,134.0,3.48,23,619.4,56873.46111111111
35,124.0,3.48,22,619.5,56873.461805555555
30,115.0,3.46,22,619.5,56873.4625
34,105.0,3.46,23,619.5,56873.46319444444
37,122.0,3.44,22,619.5,56873.46388888889
38,109.0,3.43,20,619.4,56873.464583333334
34,110.0,3.43,20,619.4,56873.46527777778
37,117.0,3.46,20,619.4,56873.46597222222
37,103.0,3.46,18,619.5,56873.46666666667
36,95.0,3.49,21,619.5,56873.467361111114
36,116.0,3.51,22,619.4,56873.46805555555
35,121.0,3.52,25,619.4,56873.46875
34,113.0,3.52,25,619.4,56873.46944444445
35,104.0,3.5,24,619.4,56873.470138888886
39,115.0,3.47,21,619.4,56873.47083333333
36,111.0,3.46,19,619.4,56873.47152777778
38,116.0,3.48,18,619.3,56873.47222222222
37,112.0,3.51,17,619.4,56873.472916666666
35,113.0,3.55,17,619.3,56873.47361111111
34,108.0,3.58,17,619.4,56873.47430555556
34,119.0,3.61,21,619.3,56873.475
35,116.0,3.6,23,619.4,56873.475694444445
37,113.0,3.57,24,619.4,56873.47638888889
38,116.0,3.53,21,619.2,56873.47708333333
39,110.0,3.52,21,619.1,56873.47777777778
35,99.0,3.52,24,619.2,56873.478472222225
34,116.0,3.52,25,619.3,56873.479166666664
35,106.0,3.49,24,619.2,56873.47986111111
36,117.0,3.47,22,619.2,56873.48055555556
40,124.0,3.46,22,619.1,56873.48125
37,114.0,3.46,21,619.2,56873.481944444444
39,111.0,3.48,20,619.3,56873.48263888889
36,121.0,3.5,20,619.3,56873.48333333333
38,103.0,3.54,21,619.1,56873.48402777778
38,124.0,3.57,20,619.2,56873.48472222222
40,112.0,3.6,21,619.1,56873.48541666667
38,113.0,3.62,18,619.0,56873.48611111111
35,112.0,3.65,21,619.1,56873.486805555556
36,105.0,3.67,23,619.2,56873.4875
37,120.0,3.65,21,619.2,56873.48819444444
38,111.0,3.63,19,619.2,56873.48888888889
40,107.0,3.63,20,619.1,56873.489583333336
37,121.0,3.65,22,618.9,56873.490277777775
38,95.0,3.67,23,619.1,56873.49097222222
39,109.0,3.67,23,619.1,56873.49166666667
37,107.0,3.67,21,619.1,56873.49236111111
39,112.0,3.67,20,619.0,56873.493055555555
36,106.0,3.67,20,619.1,56873.49375
38,104.0,3.69,21,619.0,56873.49444444444
37,113.0,3.71,21,619.0,56873.49513888889
39,115.0,3.73,21,619.0,56873.495833333334
38,130.0,3.75,23,619.1,56873.49652777778
36,115.0,3.76,25,619.1,56873.49722222222
39,98.0,3.76,25,618.9,56873.49791666667
39,117.0,3.76,25,618.8,56873.498611111114
42,107.0,3.74,24,618.9,56873.49930555555
36,111.0,3.74,22,618.9,56873.5
39,97.0,3.73,22,619.0,56873.50069444445
37,121.0,3.73,21,619.0,56873.501388888886
39,109.0,3.73,21,618.8,56873.50208333333
38,108.0,3.75,21,618.9,56873.50277777778
36,95.0,3.76,21,619.0,56873.50347222222
35,112.0,3.76,20,619.0,56873.504166666666
36,105.0,3.75,20,618.9,56873.50486111111
38,100.0,3.75,20,618.8,56873.50555555556
38,106.0,3.75,21,618.8,56873.50625
38,109.0,3.75,20,618.9,56873.506944444445
39,103.0,3.74,20,618.9,56873.50763888889
36,125.0,3.73,19,618.9,56873.50833333333
36,120.0,3.74,18,618.9,56873.50902777778
37,95.0,3.75,19,618.8,56873.509722222225
36,82.0,3.74,19,618.8,56873.510416666664
39,104.0,3.75,20,618.8,56873.51111111111
40,112.0,3.76,21,618.8,56873.51180555556
37,117.0,3.76,22,618.8,56873.5125
36,95.0,3.75,22,618.8,56873.513194444444
39,107.0,3.74,23,618.8,56873.51388888889
36,103.0,3.73,24,618.8,56873.51458333333
38,114.0,3.72,24,618.7,56873.51527777778
37,101.0,3.71,23,618.8,56873.51597222222
39,88.0,3.7,22,618.9,56873.51666666667
34,96.0,3.69,22,618.8,56873.51736111111
34,112.0,3.68,21,618.8,56873.518055555556
37,101.0,3.67,19,618.8,56873.51875
37,114.0,3.66,19,618.8,56873.51944444444
34,130.0,3.66,20,618.8,56873.52013888889
36,124.0,3.65,21,618.8,56873.520833333336
38,102.0,3.65,21,618.7,56873.521527777775
39,81.0,3.64,21,618.8,56873.52222222222
39,100.0,3.64,21,618.8,56873.52291666667
38,107.0,3.64,21,618.7,56873.52361111111
37,109.0,3.64,20,618.8,56873.524305555555
37,91.0,3.64,20,618.6,56873.525
36,103.0,3.64,19,618.7,56873.52569444444
37,99.0,3.65,20,618.6,56873.52638888889
36,99.0,3.65,20,618.7,56873.527083333334
38,111.0,3.65,20,618.8,56873.52777777778
37,114.0,3.65,21,618.7,56873.52847222222
36,126.0,3.66,20,618.6,56873.52916666667
37,102.0,3.67,20,618.7,56873.529861111114
37,114.0,3.67,20,618.8,56873.53055555555
38,109.0,3.66,21,618.7,56873.53125
37,101.0,3.67,22,618.6,56873.53194444445
36,100.0,3.67,23,618.7,56873.532638888886
35,125.0,3.66,21,618.7,56873.53333333333
36,102.0,3.65,22,618.7,56873.53402777778
36,112.0,3.64,20,618.6,56873.53472222222
37,115.0,3.64,19,618.5,56873.535416666666
34,107.0,3.65,19,618.5,56873.53611111111
34,57.0,3.67,19,618.6,56873.53680555556
36,104.0,3.67,20,618.6,56873.5375
39,136.0,3.65,19,618.6,56873.538194444445
35,87.0,3.65,19,618.6,56873.53888888889
36,99.0,3.66,19,618.6,56873.53958333333
35,90.0,3.67,20,618.7,56873.54027777778
32,93.0,3.68,20,618.7,56873.540972222225
33,119.0,3.67,20,618.7,56873.541666666664
32,120.0,3.65,20,618.7,56873.54236111111
32,93.0,3.62,21,618.7,56873.54305555556
36,120.0,3.58,19,618.6,56873.54375
34,102.0,3.55,19,618.7,56873.544444444444
35,94.0,3.53,19,618.7,56873.54513888889
34,107.0,3.51,19,618.7,56873.54583333333
34,111.0,3.49,20,618.6,56873.54652777778
34,104.0,3.49,21,618.5,56873.54722222222
34,117.0,3.46,20,618.6,56873.54791666667
34,115.0,3.44,19,618.6,56873.54861111111
34,118.0,3.43,19,618.6,56873.549305555556
34,121.0,3.42,19,618.6,56873.55
38,102.0,3.41,18,618.6,56873.55069444444
38,103.0,3.42,17,618.6,56873.55138888889
33,110.0,3.45,17,618.5,56873.552083333336
36,87.0,3.48,18,618.3,56873.552777777775
35,107.0,3.49,17,618.5,56873.55347222222
35,107.0,3.52,17,618.5,56873.55416666667
37,111.0,3.52,17,618.5,56873.55486111111
35,110.0,3.52,18,618.5,56873.555555555555
36,112.0,3.52,16,618.6,56873.55625
34,98.0,3.51,17,618.5,56873.55694444444
36,108.0,3.49,16,618.5,56873.55763888889
37,105.0,3.49,16,618.5,56873.558333333334
35,121.0,3.49,16,618.5,56873.55902777778
36,123.0,3.49,16,618.4,56873.55972222222
36,118.0,3.49,16,618.4,56873.56041666667
38,105.0,3.49,16,618.5,56873.561111111114
40,100.0,3.48,16,618.5,56873.56180555555
37,113.0,3.48,16,618.5,56873.5625
40,120.0,3.49,16,618.5,56873.56319444445
37,105.0,3.51,16,618.4,56873.563888888886
38,101.0,3.52,15,618.3,56873.56458333333
41,101.0,3.54,15,618.4,56873.56527777778
42,106.0,3.57,15,618.4,56873.56597222222
40,116.0,3.6,15,618.4,56873.566666666666
39,96.0,3.63,15,618.5,56873.56736111111
42,93.0,3.66,14,618.4,56873.56805555556
39,113.0,3.68,14,618.4,56873.56875
38,112.0,3.7,14,618.4,56873.569444444445
38,103.0,3.71,15,618.4,56873.57013888889
38,116.0,3.72,15,618.4,56873.57083333333
43,109.0,3.71,15,618.4,56873.57152777778
41,103.0,3.7,14,618.5,56873.572222222225
38,109.0,3.71,14,618.4,56873.572916666664
40,112.0,3.73,14,618.4,56873.57361111111
40,92.0,3.76,14,618.3,56873.57430555556
35,112.0,3.78,14,618.3,56873.575
37,124.0,3.79,15,618.3,56873.575694444444
39,111.0,3.79,14,618.3,56873.57638888889
39,117.0,3.79,14,618.4,56873.57708333333
39,98.0,3.79,14,618.5,56873.57777777778
35,115.0,3.79,14,618.5,56873.57847222222
35,108.0,3.78,15,618.6,56873.57916666667
38,97.0,3.75,14,618.5,56873.57986111111
37,96.0,3.73,14,618.5,56873.580555555556
37,107.0,3.71,14,618.5,56873.58125
39,106.0,3.7,14,618.6,56873.58194444444
37,98.0,3.69,14,618.6,56873.58263888889
38,103.0,3.69,13,618.6,56873.583333333336
39,123.0,3.68,13,618.5,56873.584027777775
40,108.0,3.69,13,618.5,56873.58472222222
40,112.0,3.7,13,618.5,56873.58541666667
36,115.0,3.71,13,618.5,56873.58611111111
38,117.0,3.71,13,618.3,56873.586805555555
35,105.0,3.73,14,618.4,56873.5875
38,109.0,3.73,14,618.5,56873.58819444444
36,122.0,3.7,14,618.4,56873.58888888889
37,111.0,3.7,14,618.6,56873.589583333334
38,103.0,3.68,14,618.6,56873.59027777778
38,106.0,3.67,13,618.6,56873.59097222222
38,104.0,3.67,13,618.6,56873.59166666667
37,108.0,3.69,13,618.6,56873.592361111114
36,103.0,3.7,14,618.5,56873.59305555555
35,105.0,3.7,14,618.5,56873.59375
39,109.0,3.68,14,618.5,56873.59444444445
39,114.0,3.67,13,618.5,56873.595138888886
38,107.0,3.67,13,618.5,56873.59583333333
38,108.0,3.68,13,618.4,56873.59652777778
35,112.0,3.7,13,618.5,56873.59722222222
36,117.0,3.72,13,618.4,56873.597916666666
35,106.0,3.73,13,618.5,56873.59861111111
34,105.0,3.73,14,618.6,56873.59930555556
36,113.0,3.72,14,618.6,56873.6
34,113.0,3.73,13,618.5,56873.600694444445
36,111.0,3.73,14,618.6,56873.60138888889
36,99.0,3.74,13,618.6,56873.60208333333
36,110.0,3.75,13,618.5,56873.60277777778
36,103.0,3.76,13,618.6,56873.603472222225
37,101.0,3.76,13,618.5,56873.604166666664
37,103.0,3.76,13,618.6,56873.60486111111
36,107.0,3.77,13,618.6,56873.60555555556
38,103.0,3.77,13,618.5,56873.60625
36,111.0,3.76,13,618.6,56873.606944444444
34,101.0,3.77,13,618.6,56873.60763888889
37,98.0,3.76,13,618.6,56873.60833333333
38,108.0,3.74,13,618.6,56873.60902777778
37,109.0,3.72,13,618.7,56873.60972222222
33,112.0,3.71,13,618.6,56873.61041666667
37,30.0,3.7,14,618.5,56873.61111111111
36,105.0,3.67,14,618.6,56873.611805555556
38,120.0,3.65,14,618.5,56873.6125
37,92.0,3.64,14,618.6,56873.61319444444
39,106.0,3.64,14,618.6,56873.61388888889
38,110.0,3.65,14,618.6,56873.614583333336
35,105.0,3.66,13,618.5,56873.615277777775
36,100.0,3.67,13,618.5,56873.61597222222
38,119.0,3.69,13,618.6,56873.61666666667
38,101.0,3.7,14,618.6,56873.61736111111
38,103.0,3.7,13,618.6,56873.618055555555
36,107.0,3.7,13,618.6,56873.61875
37,111.0,3.7,13,618.5,56873.61944444444
37,106.0,3.71,13,618.6,56873.62013888889
33,100.0,3.72,13,618.6,56873.620833333334
36,105.0,3.72,14,618.6,56873.62152777778
38,99.0,3.69,14,618.7,56873.62222222222
34,109.0,3.66,13,618.6,56873.62291666667
34,109.0,3.64,14,618.6,56873.623611111114
34,108.0,3.62,14,618.7,56873.62430555555
34,104.0,3.6,14,618.6,56873.625
34,107.0,3.57,14,618.7,56873.62569444445
32,111.0,3.55,14,618.7,56873.626388888886
32,117.0,3.52,14,618.7,56873.62708333333
33,109.0,3.51,14,618.6,56873.62777777778
33,104.0,3.49,15,618.5,56873.62847222222
31,112.0,3.47,14,618.7,56873.629166666666
32,105.0,3.47,15,618.7,56873.62986111111
34,111.0,3.46,14,618.7,56873.63055555556
33,96.0,3.46,14,618.7,56873.63125
32,114.0,3.46,14,618.7,56873.631944444445
32,115.0,3.47,14,618.6,56873.63263888889
32,112.0,3.49,15,618.6,56873.63333333333
35,101.0,3.48,14,618.6,56873.63402777778
33,109.0,3.47,14,618.6,56873.634722222225
32,105.0,3.46,14,618.6,56873.635416666664
35,112.0,3.46,14,618.6,56873.63611111111
34,109.0,3.46,13,618.6,56873.63680555556
34,102.0,3.49,13,618.6,56873.6375
32,110.0,3.51,14,618.7,56873.638194444444
32,121.0,3.53,14,618.7,56873.63888888889
33,98.0,3.55,14,618.7,56873.63958333333
31,114.0,3.55,15,618.7,56873.64027777778
31,104.0,3.55,14,618.7,56873.64097222222
29,117.0,3.55,15,618.6,56873.64166666667
31,107.0,3.55,15,618.6,56873.64236111111
31,122.0,3.52,15,618.6,56873.643055555556
30,88.0,3.52,16,618.6,56873.64375
31,106.0,3.49,16,618.6,56873.64444444444
32,117.0,3.46,15,618.7,56873.64513888889
32,93.0,3.46,15,618.7,56873.645833333336
32,103.0,3.44,15,618.7,56873.646527777775
35,108.0,3.45,15,618.5,56873.64722222222
35,106.0,3.47,15,618.6,56873.64791666667
39,104.0,3.49,15,618.6,56873.64861111111
38,108.0,3.5,13,618.6,56873.649305555555
41,113.0,3.55,13,618.5,56873.65
33,113.0,3.62,14,618.6,56873.65069444444
36,119.0,3.68,15,618.5,56873.65138888889
39,107.0,3.71,14,618.5,56873.652083333334
38,101.0,3.75,14,618.7,56873.65277777778
40,104.0,3.78,13,618.7,56873.65347222222
41,131.0,3.83,13,618.6,56873.65416666667
36,104.0,3.87,14,618.6,56873.654861111114
35,108.0,3.91,14,618.7,56873.65555555555
36,107.0,3.94,14,618.5,56873.65625
38,101.0,3.95,14,618.5,56873.65694444445
39,90.0,3.97,13,618.5,56873.657638888886
41,104.0,3.99,13,618.6,56873.65833333333
37,102.0,4.03,13,618.7,56873.65902777778
37,101.0,4.05,14,618.8,56873.65972222222
39,104.0,4.05,14,618.8,56873.660416666666
40,99.0,4.04,14,618.8,56873.66111111111
39,98.0,4.01,13,618.8,56873.66180555556
40,94.0,4.01,13,618.7,56873.6625
40,102.0,4.03,13,618.8,56873.663194444445
37,124.0,4.04,13,618.8,56873.66388888889
37,100.0,4.07,14,618.8,56873.66458333333
41,107.0,4.07,14,618.8,56873.66527777778
38,103.0,4.08,14,618.7,56873.665972222225
43,102.0,4.09,14,618.7,56873.666666666664
41,102.0,4.1,14,618.8,56873.66736111111
41,105.0,4.13,14,618.7,56873.66805555556
38,103.0,4.15,14,618.8,56873.66875
39,103.0,4.16,14,618.7,56873.669444444444
40,118.0,4.18,13,618.8,56873.67013888889
40,115.0,4.19,13,618.7,56873.67083333333
39,102.0,4.21,14,618.7,56873.67152777778
41,105.0,4.22,13,618.7,56873.67222222222
44,100.0,4.22,13,618.8,56873.67291666667
40,105.0,4.24,13,618.9,56873.67361111111
39,95.0,4.26,13,618.8,56873.674305555556
39,97.0,4.28,13,618.8,56873.675
40,103.0,4.28,14,618.9,56873.67569444444
44,104.0,4.29,14,618.9,56873.67638888889
41,106.0,4.31,14,618.9,56873.677083333336
40,107.0,4.33,14,618.9,56873.677777777775
41,102.0,4.34,14,618.9,56873.67847222222
42,103.0,4.34,13,618.8,56873.67916666667
40,95.0,4.35,14,618.9,56873.67986111111
39,112.0,4.36,13,618.9,56873.680555555555
39,108.0,4.37,13,618.9,56873.68125
40,107.0,4.38,13,618.9,56873.68194444444
39,98.0,4.4,13,619.0,56873.68263888889
41,104.0,4.41,13,619.0,56873.683333333334
41,99.0,4.43,13,619.0,56873.68402777778
38,107.0,4.47,13,619.0,56873.68472222222
40,103.0,4.5,14,619.1,56873.68541666667
41,120.0,4.51,13,619.1,56873.686111111114
41,98.0,4.53,13,619.1,56873.68680555555
37,113.0,4.55,13,619.1,56873.6875
36,98.0,4.56,13,619.0,56873.68819444445
36,103.0,4.59,13,619.0,56873.688888888886
37,102.0,4.61,13,619.1,56873.68958333333
37,86.0,4.62,13,619.1,56873.69027777778
36,105.0,4.64,13,619.1,56873.69097222222
38,115.0,4.65,13,619.1,56873.691666666666
39,101.0,4.68,13,619.2,56873.69236111111
40,101.0,4.7,13,619.2,56873.69305555556
37,101.0,4.74,13,619.2,56873.69375
39,100.0,4.78,13,619.2,56873.694444444445
38,97.0,4.81,13,619.2,56873.69513888889
36,101.0,4.83,13,619.0,56873.69583333333
39,109.0,4.85,13,619.2,56873.69652777778
37,101.0,4.86,13,619.2,56873.697222222225
39,104.0,4.86,13,619.2,56873.697916666664
38,102.0,4.87,13,619.2,56873.69861111111
38,101.0,4.89,13,619.0,56873.69930555556
37,101.0,4.91,13,619.1,56873.7
37,97.0,4.93,13,619.2,56873.700694444444
38,102.0,4.95,13,619.2,56873.70138888889
38,108.0,4.95,13,619.3,56873.70208333333
38,101.0,4.97,13,619.2,56873.70277777778
38,99.0,4.99,13,619.2,56873.70347222222
39,101.0,5.01,13,619.2,56873.70416666667
37,98.0,5.02,13,619.2,56873.70486111111
38,107.0,5.04,13,619.3,56873.705555555556
37,104.0,5.05,13,619.3,56873.70625
37,106.0,5.07,13,619.2,56873.70694444444
39,99.0,5.08,13,619.2,56873.70763888889
38,100.0,5.11,13,619.3,56873.708333333336
38,103.0,5.13,13,619.3,56873.709027777775
39,95.0,5.16,13,619.3,56873.70972222222
40,98.0,5.19,13,619.2,56873.71041666667
39,100.0,5.22,12,619.3,56873.71111111111
40,107.0,5.24,12,619.3,56873.711805555555
38,106.0,5.27,13,619.3,56873.7125
38,106.0,5.29,13,619.3,56873.71319444444
39,107.0,5.31,13,619.3,56873.71388888889
39,106.0,5.32,13,619.3,56873.714583333334
39,105.0,5.33,13,619.3,56873.71527777778
40,103.0,5.35,13,619.3,56873.71597222222
41,109.0,5.35,13,619.3,56873.71666666667
41,98.0,5.36,13,619.3,56873.717361111114
39,103.0,5.38,13,619.4,56873.71805555555
41,100.0,5.39,13,619.3,56873.71875
44,98.0,5.41,12,619.2,56873.71944444445
37,100.0,5.44,12,619.3,56873.720138888886
38,110.0,5.48,12,619.3,56873.72083333333
39,104.0,5.51,13,619.3,56873.72152777778
41,102.0,5.53,12,619.2,56873.72222222222
42,103.0,5.56,12,619.3,56873.722916666666
37,98.0,5.6,12,619.3,56873.72361111111
41,106.0,5.64,12,619.4,56873.72430555556
37,103.0,5.67,12,619.4,56873.725
39,109.0,5.69,12,619.4,56873.725694444445
39,104.0,5.69,12,619.4,56873.72638888889
40,107.0,5.69,12,619.4,56873.72708333333
39,101.0,5.7,12,619.4,56873.72777777778
41,101.0,5.72,12,619.4,56873.728472222225
39,98.0,5.72,12,619.4,56873.729166666664
42,98.0,5.75,12,619.4,56873.72986111111
39,108.0,5.78,12,619.4,56873.73055555556
38,102.0,5.8,12,619.4,56873.73125
39,101.0,5.8,12,619.4,56873.731944444444
38,97.0,5.81,12,619.4,56873.73263888889
40,108.0,5.81,12,619.3,56873.73333333333
41,101.0,5.82,12,619.4,56873.73402777778
40,107.0,5.85,12,619.4,56873.73472222222
39,105.0,5.87,12,619.3,56873.73541666667
42,102.0,5.89,12,619.4,56873.73611111111
42,105.0,5.91,13,619.3,56873.736805555556
44,103.0,5.94,13,619.4,56873.7375
41,106.0,5.96,12,619.4,56873.73819444444
40,97.0,5.98,13,619.4,56873.73888888889
43,101.0,6.0,13,619.4,56873.739583333336
41,100.0,6.03,12,619.5,56873.740277777775
37,100.0,6.05,13,619.4,56873.74097222222
39,16.0,6.08,13,619.5,56873.74166666667
42,106.0,6.08,12,619.5,56873.74236111111
46,95.0,6.09,12,619.4,56873.743055555555
47,102.0,6.11,12,619.4,56873.74375
41,106.0,6.12,12,619.4,56873.74444444444
37,105.0,6.14,12,619.5,56873.74513888889
38,109.0,6.12,13,619.3,56873.745833333334
44,106.0,6.1,13,619.3,56873.74652777778
45,98.0,6.08,12,619.4,56873.74722222222
41,103.0,6.06,12,619.4,56873.74791666667
43,104.0,6.07,13,619.4,56873.748611111114
42,94.0,6.08,13,619.4,56873.74930555555
41,104.0,6.1,13,619.4,56873.75
43,100.0,6.12,12,619.5,56873.75069444445
45,100.0,6.14,12,619.5,56873.751388888886
40,106.0,6.17,12,619.5,56873.75208333333
42,103.0,6.18,13,619.4,56873.75277777778
44,103.0,6.2,13,619.4,56873.75347222222
41,106.0,6.21,13,619.4,56873.754166666666
43,100.0,6.24,13,619.4,56873.75486111111
44,101.0,6.27,13,619.5,56873.75555555556
43,104.0,6.29,13,619.5,56873.75625
44,106.0,6.31,13,619.5,56873.756944444445
45,104.0,6.33,12,619.4,56873.75763888889
45,107.0,6.33,12,619.4,56873.75833333333
42,107.0,6.33,12,619.4,56873.75902777778
44,117.0,6.3,12,619.5,56873.759722222225
43,97.0,6.25,12,619.5,56873.760416666664
46,104.0,6.2,13,619.5,56873.76111111111
44,105.0,6.18,13,619.5,56873.76180555556
44,101.0,6.17,13,619.5,56873.7625
43,102.0,6.17,14,619.6,56873.763194444444
45,105.0,6.19,14,619.6,56873.76388888889
44,104.0,6.24,13,619.6,56873.76458333333
43,101.0,6.28,13,619.5,56873.76527777778
44,112.0,6.32,14,619.6,56873.76597222222
46,104.0,6.36,13,619.5,56873.76666666667
44,105.0,6.4,13,619.6,56873.76736111111
42,104.0,6.43,13,619.6,56873.768055555556
41,103.0,6.48,13,619.6,56873.76875
43,103.0,6.51,13,619.5,56873.76944444444
44,104.0,6.5,13,619.6,56873.77013888889
44,105.0,6.49,13,619.6,56873.770833333336
46,103.0,6.5,13,619.6,56873.771527777775
43,106.0,6.52,13,619.5,56873.77222222222
44,105.0,6.55,14,619.6,56873.77291666667
43,102.0,6.57,14,619.7,56873.77361111111
44,104.0,6.58,14,619.7,56873.774305555555
44,110.0,6.59,13,619.6,56873.775
43,114.0,6.57,14,619.6,56873.77569444444
43,102.0,6.57,14,619.7,56873.77638888889
43,101.0,6.54,13,619.7,56873.777083333334
41,112.0,6.52,14,619.7,56873.77777777778
42,106.0,6.52,14,619.8,56873.77847222222
42,106.0,6.54,13,619.7,56873.77916666667
42,112.0,6.53,14,619.6,56873.779861111114
43,103.0,6.51,14,619.6,56873.78055555555
45,104.0,6.5,14,619.7,56873.78125
45,101.0,6.51,13,619.8,56873.78194444445
42,116.0,6.52,13,619.8,56873.782638888886
43,107.0,6.53,14,619.7,56873.78333333333
42,89.0,6.53,14,619.7,56873.78402777778
45,107.0,6.54,14,619.5,56873.78472222222
41,104.0,6.55,13,619.5,56873.785416666666
45,111.0,6.59,14,619.3,56873.78611111111
44,115.0,6.63,14,619.4,56873.78680555556
45,103.0,6.63,14,619.5,56873.7875
50,96.0,6.66,13,619.5,56873.788194444445
49,92.0,6.7,13,619.6,56873.78888888889
44,108.0,6.74,14,619.6,56873.78958333333
46,109.0,6.77,14,619.5,56873.79027777778
47,105.0,6.76,14,619.5,56873.790972222225
46,105.0,6.74,14,619.5,56873.791666666664
45,103.0,6.71,14,619.4,56873.79236111111
46,100.0,6.69,14,619.6,56873.79305555556
41,105.0,6.69,14,619.8,56873.79375
49,98.0,6.7,14,619.8,56873.794444444444
43,102.0,6.74,13,619.9,56873.79513888889
46,103.0,6.83,13,619.8,56873.79583333333
42,99.0,6.91,13,619.8,56873.79652777778
43,110.0,6.96,13,619.8,56873.79722222222
41,99.0,6.98,14,619.7,56873.79791666667
47,120.0,7.01,13,619.7,56873.79861111111
43,112.0,7.04,13,619.8,56873.799305555556
45,111.0,7.1,13,619.9,56873.8
44,104.0,7.16,14,619.8,56873.80069444444
39,113.0,7.2,14,619.9,56873.80138888889
42,109.0,7.23,15,619.8,56873.802083333336
49,105.0,7.24,14,619.8,56873.802777777775
46,126.0,7.28,13,619.9,56873.80347222222
39,102.0,7.32,14,619.9,56873.80416666667
39,111.0,7.36,15,619.9,56873.80486111111
44,107.0,7.4,15,619.9,56873.805555555555
42,117.0,7.42,13,619.9,56873.80625
44,110.0,7.43,13,620.0,56873.80694444444
45,109.0,7.4,14,619.8,56873.80763888889
45,108.0,7.37,14,619.9,56873.808333333334
41,104.0,7.36,13,620.0,56873.80902777778
42,98.0,7.33,13,620.0,56873.80972222222
40,89.0,7.3,13,619.9,56873.81041666667
46,113.0,7.3,13,619.9,56873.811111111114
40,116.0,7.3,12,619.9,56873.81180555555
40,105.0,7.31,13,619.9,56873.8125
38,84.0,7.28,14,620.0,56873.81319444445
41,118.0,7.23,14,620.0,56873.813888888886
39,110.0,7.21,14,620.0,56873.81458333333
36,103.0,7.21,14,620.1,56873.81527777778
38,100.0,7.23,15,620.1,56873.81597222222
40,125.0,7.28,14,620.0,56873.816666666666
40,105.0,7.31,13,619.9,56873.81736111111
44,105.0,7.33,13,619.8,56873.81805555556
39,105.0,7.33,13,619.9,56873.81875
36,111.0,7.31,14,620.0,56873.819444444445
37,100.0,7.28,14,620.0,56873.82013888889
33,101.0,7.27,15,620.3,56873.82083333333
41,121.0,7.27,15,619.9,56873.82152777778
42,100.0,7.28,13,620.2,56873.822222222225
37,121.0,7.32,13,620.2,56873.822916666664
36,125.0,7.34,13,620.3,56873.82361111111
37,108.0,7.35,14,620.3,56873.82430555556
38,108.0,7.34,14,620.3,56873.825
40,119.0,7.32,15,620.0,56873.825694444444
40,102.0,7.3,15,620.0,56873.82638888889
36,112.0,7.3,14,620.1,56873.82708333333
34,127.0,7.27,15,620.1,56873.82777777778
37,121.0,7.24,15,620.1,56873.82847222222
40,121.0,7.24,13,620.1,56873.82916666667
36,116.0,7.25,13,620.1,56873.82986111111
35,112.0,7.27,14,620.1,56873.830555555556
36,118.0,7.3,15,620.1,56873.83125
33,119.0,7.32,15,620.2,56873.83194444444
35,123.0,7.35,15,620.2,56873.83263888889
38,97.0,7.42,14,620.2,56873.833333333336
37,117.0,7.48,14,620.1,56873.834027777775
33,107.0,7.49,14,620.2,56873.83472222222
31,101.0,7.46,15,620.2,56873.83541666667
36,100.0,7.42,15,620.1,56873.83611111111
38,119.0,7.39,14,620.1,56873.836805555555
38,98.0,7.36,13,620.2,56873.8375
35,99.0,7.34,13,620.3,56873.83819444444
35,109.0,7.3,14,620.3,56873.83888888889
31,124.0,7.31,15,620.4,56873.839583333334
34,98.0,7.35,15,620.4,56873.84027777778
35,111.0,7.39,13,620.4,56873.84097222222
37,103.0,7.43,12,620.4,56873.84166666667
35,107.0,7.45,13,620.4,56873.842361111114
30,96.0,7.46,14,620.4,56873.84305555555
32,113.0,7.48,14,620.4,56873.84375
33,101.0,7.47,13,620.4,56873.84444444445
36,108.0,7.48,13,620.2,56873.845138888886
35,99.0,7.5,12,620.3,56873.84583333333
36,111.0,7.52,13,620.4,56873.84652777778
31,104.0,7.52,13,620.5,56873.84722222222
28,98.0,7.52,13,620.5,56873.847916666666
32,113.0,7.53,14,620.5,56873.84861111111
28,107.0,7.57,14,620.5,56873.84930555556
31,105.0,7.63,14,620.4,56873.85
36,114.0,7.72,13,620.4,56873.850694444445
35,102.0,7.83,13,620.5,56873.85138888889
39,105.0,7.92,13,620.5,56873.85208333333
34,106.0,7.98,12,620.5,56873.85277777778
30,106.0,7.99,12,620.6,56873.853472222225
30,97.0,7.99,13,620.5,56873.854166666664
29,113.0,7.97,14,620.6,56873.85486111111
36,95.0,7.95,13,620.6,56873.85555555556
27,109.0,7.94,12,620.6,56873.85625
34,114.0,7.95,13,620.5,56873.856944444444
30,100.0,7.93,12,620.6,56873.85763888889
32,109.0,7.87,12,620.5,56873.85833333333
29,118.0,7.82,13,620.6,56873.85902777778
29,113.0,7.82,13,620.6,56873.85972222222
30,119.0,7.86,14,620.6,56873.86041666667
27,100.0,7.91,14,620.5,56873.86111111111
29,111.0,7.92,14,620.5,56873.861805555556
32,109.0,7.92,13,620.4,56873.8625
35,110.0,7.91,12,620.4,56873.86319444444
33,132.0,7.89,12,620.5,56873.86388888889
31,115.0,7.88,13,620.5,56873.864583333336
31,113.0,7.88,12,620.4,56873.865277777775
31,105.0,7.86,12,620.4,56873.86597222222
33,103.0,7.88,13,620.4,56873.86666666667
38,101.0,7.89,12,620.5,56873.86736111111
34,110.0,7.92,12,620.5,56873.868055555555
30,104.0,7.91,12,620.5,56873.86875
32,108.0,7.87,12,620.5,56873.86944444444
35,91.0,7.84,12,620.5,56873.87013888889
34,104.0,7.87,12,620.5,56873.870833333334
36,106.0,7.92,12,620.5,56873.87152777778
36,100.0,7.99,11,620.5,56873.87222222222
28,117.0,8.01,11,620.5,56873.87291666667
30,123.0,8.01,12,620.6,56873.873611111114
31,117.0,8.01,12,620.5,56873.87430555555
28,133.0,8.01,12,620.6,56873.875
25,112.0,8.01,12,620.6,56873.87569444445
35,115.0,8.04,12,620.6,56873.876388888886
32,108.0,8.08,11,620.5,56873.87708333333
34,101.0,8.1,11,620.6,56873.87777777778
28,101.0,8.12,12,620.6,56873.87847222222
34,113.0,8.14,13,620.6,56873.879166666666
34,119.0,8.19,14,620.6,56873.87986111111
32,103.0,8.26,13,620.6,56873.88055555556
33,107.0,8.31,12,620.6,56873.88125
34,116.0,8.34,12,620.6,56873.881944444445
32,88.0,8.35,12,620.6,56873.88263888889
31,101.0,8.34,13,620.5,56873.88333333333
32,95.0,8.32,12,620.5,56873.88402777778
34,105.0,8.31,13,620.5,56873.884722222225
34,113.0,8.31,12,620.5,56873.885416666664
33,116.0,8.29,12,620.5,56873.88611111111
32,103.0,8.26,12,620.4,56873.88680555556
35,96.0,8.22,13,620.4,56873.8875
30,109.0,8.16,12,620.5,56873.888194444444
36,101.0,8.13,12,620.5,56873.88888888889
33,107.0,8.13,12,620.6,56873.88958333333
29,112.0,8.12,12,620.6,56873.89027777778
30,124.0,8.1,13,620.6,56873.89097222222
36,120.0,8.11,13,620.5,56873.89166666667
33,107.0,8.12,12,620.5,56873.89236111111
33,102.0,8.16,13,620.5,56873.893055555556
32,109.0,8.22,13,620.6,56873.89375
36,117.0,8.27,12,620.6,56873.89444444444
29,118.0,8.28,11,620.6,56873.89513888889
30,112.0,8.3,12,620.6,56873.895833333336
32,101.0,8.31,12,620.6,56873.896527777775
33,112.0,8.28,12,620.6,56873.89722222222
27,107.0,8.23,12,620.6,56873.89791666667
29,114.0,8.2,13,620.6,56873.89861111111
30,113.0,8.25,14,620.6,56873.899305555555
29,108.0,8.34,13,620.6,56873.9
30,117.0,8.42,13,620.6,56873.90069444444
34,101.0,8.46,12,620.5,56873.90138888889
34,112.0,8.46,12,620.5,56873.902083333334
30,116.0,8.47,12,620.5,56873.90277777778
33,122.0,8.45,12,620.5,56873.90347222222
29,131.0,8.4,11,620.5,56873.90416666667
30,116.0,8.34,12,620.5,56873.904861111114
32,113.0,8.32,12,620.5,56873.90555555555
33,115.0,8.3,12,620.4,56873.90625
32,116.0,8.26,12,620.4,56873.90694444445
31,135.0,8.22,12,620.5,56873.907638888886
29,104.0,8.17,12,620.5,56873.90833333333
30,122.0,8.12,12,620.5,56873.90902777778
28,120.0,8.1,12,620.6,56873.90972222222
29,114.0,8.07,12,620.5,56873.910416666666
32,118.0,8.07,11,620.5,56873.91111111111
32,103.0,8.1,11,620.4,56873.91180555556
34,132.0,8.12,11,620.5,56873.9125
32,101.0,8.14,11,620.5,56873.913194444445
35,104.0,8.18,11,620.5,56873.91388888889
28,102.0,8.24,11,620.6,56873.91458333333
33,110.0,8.33,12,620.5,56873.91527777778
36,114.0,8.43,12,620.4,56873.915972222225
33,117.0,8.52,11,620.5,56873.916666666664
33,106.0,8.55,11,620.4,56873.91736111111
36,112.0,8.53,11,620.3,56873.91805555556
35,100.0,8.52,11,620.3,56873.91875
36,96.0,8.5,11,620.3,56873.919444444444
39,100.0,8.52,12,620.3,56873.92013888889
41,102.0,8.54,11,620.3,56873.92083333333
36,104.0,8.55,11,620.4,56873.92152777778
37,126.0,8.53,11,620.4,56873.92222222222
37,120.0,8.51,11,620.3,56873.92291666667
30,105.0,8.47,11,620.4,56873.92361111111
33,115.0,8.49,12,620.4,56873.924305555556
34,124.0,8.57,12,620.3,56873.925
38,121.0,8.66,12,620.3,56873.92569444444
34,112.0,8.7,12,620.3,56873.92638888889
40,100.0,8.73,12,620.2,56873.927083333336
37,115.0,8.76,11,620.3,56873.927777777775
38,116.0,8.77,11,620.3,56873.92847222222
38,123.0,8.77,11,620.2,56873.92916666667
37,109.0,8.76,11,620.2,56873.92986111111
41,103.0,8.73,11,620.2,56873.930555555555
36,113.0,8.71,11,620.2,56873.93125
41,110.0,8.69,11,620.2,56873.93194444444
37,121.0,8.7,12,620.2,56873.93263888889
40,118.0,8.74,12,620.2,56873.933333333334
37,115.0,8.77,11,620.1,56873.93402777778
36,117.0,8.8,12,620.1,56873.93472222222
35,106.0,8.8,11,620.2,56873.93541666667
40,105.0,8.77,11,620.1,56873.936111111114
40,111.0,8.78,11,620.2,56873.93680555555
41,113.0,8.8,11,620.2,56873.9375
36,120.0,8.82,11,620.2,56873.93819444445
36,103.0,8.82,11,620.2,56873.938888888886
38,106.0,8.8,11,620.2,56873.93958333333
42,106.0,8.8,11,620.2,56873.94027777778
37,114.0,8.83,12,620.2,56873.94097222222
38,98.0,8.87,12,620.0,56873.941666666666
39,119.0,8.89,11,620.2,56873.94236111111
37,113.0,8.89,11,620.1,56873.94305555556
39,110.0,8.89,11,620.1,56873.94375
39,96.0,8.89,11,620.2,56873.944444444445
38,111.0,8.86,11,620.2,56873.94513888889
30,111.0,8.84,11,620.3,56873.94583333333
39,112.0,8.83,12,620.2,56873.94652777778
32,107.0,8.87,12,620.2,56873.947222222225
29,129.0,8.92,12,620.2,56873.947916666664
31,105.0,8.98,12,620.2,56873.94861111111
34,105.0,9.08,12,620.2,56873.94930555556
36,127.0,9.17,12,620.1,56873.95
34,104.0,9.21,12,620.2,56873.950694444444
33,131.0,9.19,12,620.1,56873.95138888889
36,108.0,9.18,12,620.2,56873.95208333333
41,106.0,9.16,11,620.2,56873.95277777778
35,109.0,9.14,11,620.3,56873.95347222222
30,102.0,9.1,13,620.2,56873.95416666667
32,124.0,9.03,13,620.1,56873.95486111111
34,105.0,8.95,13,620.1,56873.955555555556
27,126.0,8.91,13,620.3,56873.95625
29,123.0,8.86,13,620.2,56873.95694444444
33,115.0,8.83,13,620.2,56873.95763888889
32,119.0,8.78,11,620.2,56873.958333333336
32,122.0,8.74,11,620.3,56873.959027777775
33,95.0,8.7,11,620.2,56873.95972222222
35,102.0,8.66,11,620.2,56873.96041666667
34,107.0,8.65,11,620.2,56873.96111111111
34,93.0,8.67,12,620.2,56873.961805555555
32,123.0,8.7,11,620.2,56873.9625
29,125.0,8.7,11,620.2,56873.96319444444
35,106.0,8.67,11,620.2,56873.96388888889
35,103.0,8.65,12,620.2,56873.964583333334
34,119.0,8.63,12,620.2,56873.96527777778
28,119.0,8.61,11,620.2,56873.96597222222
30,130.0,8.58,12,620.2,56873.96666666667
33,106.0,8.56,11,620.2,56873.967361111114
29,109.0,8.55,11,620.2,56873.96805555555
30,97.0,8.54,11,620.1,56873.96875
33,106.0,8.55,12,620.1,56873.96944444445
32,124.0,8.59,11,620.1,56873.970138888886
32,98.0,8.6,11,620.1,56873.97083333333
33,128.0,8.63,12,620.1,56873.97152777778
29,127.0,8.65,12,620.1,56873.97222222222
34,102.0,8.67,12,620.1,56873.972916666666
31,109.0,8.69,12,620.2,56873.97361111111
30,124.0,8.7,12,620.1,56873.97430555556
30,96.0,8.68,12,620.1,56873.975
34,106.0,8.65,12,620.1,56873.975694444445
28,135.0,8.61,12,620.1,56873.97638888889
26,103.0,8.56,13,620.1,56873.97708333333
27,128.0,8.55,15,620.1,56873.97777777778
30,124.0,8.61,15,620.1,56873.978472222225
31,124.0,8.68,13,620.1,56873.979166666664
34,104.0,8.73,13,620.0,56873.97986111111
34,105.0,8.75,13,620.0,56873.98055555556
33,91.0,8.72,13,620.0,56873.98125
38,106.0,8.69,13,619.9,56873.981944444444
35,105.0,8.7,14,620.0,56873.98263888889
35,101.0,8.73,13,620.0,56873.98333333333
32,132.0,8.71,13,620.0,56873.98402777778
33,97.0,8.68,14,620.0,56873.98472222222
33,123.0,8.65,14,620.0,56873.98541666667
35,120.0,8.65,14,620.0,56873.98611111111
31,124.0,8.62,14,620.0,56873.986805555556
30,106.0,8.61,14,620.0,56873.9875
31,122.0,8.57,15,620.0,56873.98819444444
32,116.0,8.53,14,619.9,56873.98888888889
31,120.0,8.48,14,620.0,56873.989583333336
32,103.0,8.44,15,620.0,56873.990277777775
35,110.0,8.42,15,620.0,56873.99097222222
31,118.0,8.4,16,619.9,56873.99166666667
33,74.0,8.4,17,620.0,56873.99236111111
32,107.0,8.41,16,619.9,56873.993055555555
31,125.0,8.43,16,619.9,56873.99375
31,117.0,8.44,16,619.9,56873.99444444444
30,107.0,8.43,16,620.0,56873.99513888889
30,101.0,8.41,17,620.0,56873.995833333334
32,103.0,8.36,17,620.0,56873.99652777778
31,104.0,8.31,15,619.9,56873.99722222222
30,122.0,8.26,15,619.9,56873.99791666667
28,119.0,8.24,16,619.9,56873.998611111114
31,109.0,8.21,17,619.9,56873.99930555555
31,121.0,8.19,16,619.9,56874.0
31,107.0,8.19,16,620.0,56874.00069444445
31,132.0,8.19,16,620.0,56874.001388888886
32,116.0,8.17,16,619.9,56874.00208333333
29,120.0,8.18,16,619.9,56874.00277777778
30,125.0,8.18,15,619.9,56874.00347222222
27,104.0,8.17,15,620.0,56874.004166666666
31,115.0,8.15,16,619.9,56874.00486111111
29,102.0,8.11,14,619.9,56874.00555555556
30,116.0,8.09,15,620.0,56874.00625
31,107.0,8.07,16,619.9,56874.006944444445
25,117.0,8.05,17,619.9,56874.00763888889
27,107.0,8.03,17,619.9,56874.00833333333
31,101.0,8.03,19,620.0,56874.00902777778
28,110.0,8.06,19,619.9,56874.009722222225
31,102.0,8.1,21,619.9,56874.010416666664
30,123.0,8.19,22,619.9,56874.01111111111
29,130.0,8.28,17,619.8,56874.01180555556
25,100.0,8.34,18,619.9,56874.0125
28,97.0,8.38,19,619.9,56874.013194444444
30,109.0,8.4,17,619.8,56874.01388888889
26,121.0,8.41,18,619.9,56874.01458333333
24,135.0,8.43,19,619.9,56874.01527777778
23,128.0,8.41,20,619.9,56874.01597222222
29,102.0,8.37,21,619.9,56874.01666666667
26,103.0,8.34,17,619.9,56874.01736111111
26,116.0,8.31,18,619.9,56874.018055555556
29,112.0,8.31,19,619.9,56874.01875
27,95.0,8.3,19,619.9,56874.01944444444
20,113.0,8.27,20,619.9,56874.02013888889
25,98.0,8.23,21,619.9,56874.020833333336
21,105.0,8.18,21,620.0,56874.021527777775
28,126.0,8.16,20,619.9,56874.02222222222
27,107.0,8.16,18,620.0,56874.02291666667
26,144.0,8.16,18,619.9,56874.02361111111
21,130.0,8.18,18,620.0,56874.024305555555
25,120.0,8.19,20,620.0,56874.025
28,120.0,8.18,19,619.9,56874.02569444444
28,119.0,8.16,16,619.9,56874.02638888889
24,113.0,8.12,18,619.9,56874.027083333334
28,112.0,8.06,20,619.9,56874.02777777778
31,116.0,7.98,18,619.8,56874.02847222222
27,123.0,7.92,16,619.8,56874.02916666667
24,126.0,7.9,17,619.9,56874.029861111114
24,104.0,7.87,18,619.9,56874.03055555555
29,108.0,7.81,16,619.9,56874.03125
27,114.0,7.78,16,619.9,56874.03194444445
27,98.0,7.76,16,619.9,56874.032638888886
29,118.0,7.76,16,619.8,56874.03333333333
26,120.0,7.77,18,619.9,56874.03402777778
26,102.0,7.78,19,619.9,56874.03472222222
24,99.0,7.75,18,619.9,56874.035416666666
29,116.0,7.73,19,619.9,56874.03611111111
30,114.0,7.73,19,619.8,56874.03680555556
27,120.0,7.73,17,619.9,56874.0375
29,116.0,7.71,18,619.9,56874.038194444445
32,112.0,7.68,17,619.8,56874.03888888889
31,113.0,7.68,18,619.8,56874.03958333333
28,98.0,7.68,17,619.8,56874.04027777778
28,102.0,7.69,17,619.8,56874.040972222225
35,102.0,7.73,16,619.8,56874.041666666664
31,119.0,7.73,16,619.8,56874.04236111111
26,117.0,7.71,17,619.9,56874.04305555556
35,101.0,7.67,18,619.8,56874.04375
31,119.0,7.67,18,619.9,56874.044444444444
23,130.0,7.65,18,619.9,56874.04513888889
27,109.0,7.64,19,619.8,56874.04583333333
28,122.0,7.64,18,619.8,56874.04652777778
25,120.0,7.64,18,619.8,56874.04722222222
34,96.0,7.63,16,619.7,56874.04791666667
34,102.0,7.61,13,619.7,56874.04861111111
30,99.0,7.61,15,619.8,56874.049305555556
30,125.0,7.59,16,619.8,56874.05
27,100.0,7.56,18,619.8,56874.05069444444
31,111.0,7.54,19,619.8,56874.05138888889
28,127.0,7.52,19,619.7,56874.052083333336
32,120.0,7.52,16,619.6,56874.052777777775
36,105.0,7.52,14,619.7,56874.05347222222
32,113.0,7.56,15,619.7,56874.05416666667
28,108.0,7.59,16,619.8,56874.05486111111
23,121.0,7.61,17,619.8,56874.055555555555
30,92.0,7.61,19,619.7,56874.05625
38,111.0,7.63,18,619.6,56874.05694444444
34,110.0,7.63,14,619.7,56874.05763888889
30,90.0,7.65,15,619.7,56874.058333333334
37,109.0,7.67,15,619.5,56874.05902777778
28,103.0,7.64,16,619.6,56874.05972222222
39,98.0,7.61,16,619.6,56874.06041666667
38,101.0,7.59,14,619.5,56874.061111111114
38,116.0,7.55,12,619.4,56874.06180555555
35,111.0,7.52,15,619.4,56874.0625
38,103.0,7.46,13,619.4,56874.06319444445
38,109.0,7.38,12,619.5,56874.063888888886
32,100.0,7.3,12,619.6,56874.06458333333
38,109.0,7.24,13,619.7,56874.06527777778
35,118.0,7.2,13,619.6,56874.06597222222
38,108.0,7.17,13,619.6,56874.066666666666
37,114.0,7.15,14,619.5,56874.06736111111
35,113.0,7.13,14,619.5,56874.06805555556
35,92.0,7.1,15,619.5,56874.06875
40,129.0,7.09,18,619.5,56874.069444444445
37,123.0,7.06,18,619.6,56874.07013888889
33,121.0,7.01,17,619.6,56874.07083333333
37,117.0,6.97,15,619.6,56874.07152777778
38,113.0,6.94,14,619.6,56874.072222222225
28,118.0,6.94,17,619.7,56874.072916666664
29,118.0,6.9,18,619.7,56874.07361111111
27,114.0,6.85,17,619.6,56874.07430555556
35,113.0,6.84,21,619.5,56874.075
37,99.0,6.82,19,619.6,56874.075694444444
39,73.0,6.81,22,619.6,56874.07638888889
34,120.0,6.82,21,619.5,56874.07708333333
38,107.0,6.83,24,619.5,56874.07777777778
38,113.0,6.85,28,619.6,56874.07847222222
38,107.0,6.82,25,619.5,56874.07916666667
42,101.0,6.79,27,619.4,56874.07986111111
36,88.0,6.77,26,619.5,56874.080555555556
32,120.0,6.74,26,619.6,56874.08125
36,99.0,6.71,25,619.5,56874.08194444444
36,95.0,6.68,26,619.5,56874.08263888889
37,119.0,6.65,28,619.6,56874.083333333336
37,105.0,6.6,26,619.6,56874.084027777775
36,92.0,6.55,23,619.6,56874.08472222222
38,114.0,6.53,26,619.6,56874.08541666667
36,101.0,6.52,28,619.6,56874.08611111111
36,126.0,6.5,27,619.6,56874.086805555555
31,103.0,6.46,22,619.5,56874.0875
39,112.0,6.46,25,619.5,56874.08819444444
33,109.0,6.49,28,619.6,56874.08888888889
37,101.0,6.51,28,619.6,56874.089583333334
41,100.0,6.55,30,619.5,56874.09027777778
44,119.0,6.59,30,619.5,56874.09097222222
44,107.0,6.6,29,619.5,56874.09166666667
39,112.0,6.57,28,619.6,56874.092361111114
35,109.0,6.53,28,619.5,56874.09305555555
39,105.0,6.49,31,619.5,56874.09375
43,109.0,6.45,32,619.3,56874.09444444445
40,95.0,6.4,29,619.4,56874.095138888886
36,114.0,6.33,27,619.4,56874.09583333333
38,107.0,6.27,25,619.4,56874.09652777778
34,110.0,6.23,26,619.5,56874.09722222222
38,104.0,6.21,29,619.4,56874.097916666666
41,102.0,6.21,31,619.4,56874.09861111111
38,131.0,6.2,26,619.5,56874.09930555556
41,107.0,6.2,27,619.3,56874.1
41,116.0,6.22,32,619.4,56874.100694444445
37,109.0,6.2,31,619.5,56874.10138888889
35,117.0,6.17,30,619.5,56874.10208333333
37,117.0,6.13,26,619.4,56874.10277777778
41,99.0,6.11,26,619.4,56874.103472222225
39,110.0,6.1,32,619.4,56874.104166666664
40,99.0,6.07,33,619.4,56874.10486111111
38,101.0,6.03,31,619.4,56874.10555555556
41,117.0,6.01,30,619.4,56874.10625
40,120.0,5.99,30,619.4,56874.106944444444
39,104.0,5.97,27,619.5,56874.10763888889
35,109.0,5.96,31,619.5,56874.10833333333
38,112.0,5.95,31,619.4,56874.10902777778
35,125.0,5.94,29,619.4,56874.10972222222
35,93.0,5.93,29,619.3,56874.11041666667
41,101.0,5.93,25,619.3,56874.11111111111
36,105.0,5.93,26,619.4,56874.111805555556
34,91.0,5.91,26,619.4,56874.1125
39,111.0,5.9,29,619.4,56874.11319444444
38,121.0,5.89,30,619.4,56874.11388888889
37,95.0,5.85,30,619.4,56874.114583333336
35,118.0,5.83,31,619.4,56874.115277777775
39,98.0,5.8,28,619.3,56874.11597222222
37,117.0,5.78,28,619.3,56874.11666666667
40,107.0,5.8,31,619.4,56874.11736111111
38,112.0,5.79,30,619.5,56874.118055555555
36,92.0,5.78,30,619.4,56874.11875
37,114.0,5.77,31,619.4,56874.11944444444
36,113.0,5.78,31,619.4,56874.12013888889
35,95.0,5.78,28,619.4,56874.120833333334
36,117.0,5.78,27,619.4,56874.12152777778
35,106.0,5.77,29,619.4,56874.12222222222
33,112.0,5.75,30,619.5,56874.12291666667
31,111.0,5.72,31,619.5,56874.123611111114
35,91.0,5.69,31,619.5,56874.12430555555
33,107.0,5.66,28,619.5,56874.125
32,106.0,5.63,28,619.5,56874.12569444445
35,116.0,5.62,26,619.5,56874.126388888886
35,121.0,5.61,25,619.5,56874.12708333333
34,127.0,5.63,29,619.5,56874.12777777778
33,102.0,5.63,31,619.5,56874.12847222222
34,125.0,5.63,33,619.5,56874.129166666666
34,121.0,5.61,29,619.5,56874.12986111111
33,100.0,5.58,28,619.6,56874.13055555556
34,97.0,5.57,33,619.5,56874.13125
31,108.0,5.55,32,619.5,56874.131944444445
33,114.0,5.53,35,619.5,56874.13263888889
33,117.0,5.53,32,619.6,56874.13333333333
33,108.0,5.5,29,619.6,56874.13402777778
31,122.0,5.49,31,619.6,56874.134722222225
32,121.0,5.48,32,619.5,56874.135416666664
30,124.0,5.46,32,619.6,56874.13611111111
31,122.0,5.43,31,619.6,56874.13680555556
35,89.0,5.41,33,619.5,56874.1375
35,110.0,5.39,34,619.6,56874.138194444444
36,101.0,5.36,31,619.5,56874.13888888889
34,121.0,5.31,29,619.5,56874.13958333333
33,103.0,5.29,32,619.5,56874.14027777778
32,92.0,5.27,32,619.6,56874.14097222222
34,101.0,5.23,29,619.6,56874.14166666667
35,102.0,5.23,32,619.6,56874.14236111111
32,96.0,5.2,31,619.6,56874.143055555556
34,106.0,5.18,30,619.6,56874.14375
30,107.0,5.17,28,619.6,56874.14444444444
29,109.0,5.14,27,619.7,56874.14513888889
26,106.0,5.13,25,619.7,56874.145833333336
31,96.0,5.13,28,619.7,56874.146527777775
30,122.0,5.13,28,619.7,56874.14722222222
32,107.0,5.12,30,619.7,56874.14791666667
35,116.0,5.1,28,619.7,56874.14861111111
30,115.0,5.08,26,619.7,56874.149305555555
32,121.0,5.06,29,619.8,56874.15
29,114.0,5.06,33,619.8,56874.15069444444
32,101.0,5.04,33,619.7,56874.15138888889
32,100.0,5.03,32,619.7,56874.152083333334
31,120.0,5.02,33,619.8,56874.15277777778
32,103.0,5.0,32,619.8,56874.15347222222
30,103.0,4.99,30,619.8,56874.15416666667
30,89.0,4.97,30,619.8,56874.154861111114
30,105.0,4.96,31,619.9,56874.15555555555
30,93.0,4.95,31,619.8,56874.15625
32,111.0,4.93,32,619.7,56874.15694444445
29,109.0,4.9,30,619.8,56874.157638888886
29,103.0,4.89,32,619.8,56874.15833333333
28,112.0,4.88,32,619.8,56874.15902777778
29,103.0,4.86,31,619.7,56874.15972222222
29,121.0,4.84,32,619.7,56874.160416666666
29,141.0,4.82,31,619.7,56874.16111111111
29,111.0,4.8,31,619.7,56874.16180555556
29,111.0,4.78,30,619.8,56874.1625
29,106.0,4.75,29,619.8,56874.163194444445
31,116.0,4.74,32,619.8,56874.16388888889
28,113.0,4.72,29,619.8,56874.16458333333
28,104.0,4.7,30,619.8,56874.16527777778
27,116.0,4.67,27,619.8,56874.165972222225
28,121.0,4.65,28,619.8,56874.166666666664
28,113.0,4.64,29,619.8,56874.16736111111
26,109.0,4.63,32,619.8,56874.16805555556
27,99.0,4.61,31,619.8,56874.16875
27,95.0,4.59,30,619.8,56874.169444444444
28,104.0,4.59,29,619.9,56874.17013888889
29,104.0,4.56,27,619.9,56874.17083333333
28,105.0,4.56,28,619.9,56874.17152777778
28,117.0,4.54,29,619.8,56874.17222222222
25,115.0,4.51,27,619.9,56874.17291666667
29,96.0,4.47,25,619.8,56874.17361111111
29,113.0,4.46,28,619.8,56874.174305555556
33,104.0,4.43,26,619.7,56874.175
32,95.0,4.4,27,619.8,56874.17569444444
32,126.0,4.38,26,619.9,56874.17638888889
28,117.0,4.37,25,620.0,56874.177083333336
28,109.0,4.34,26,619.9,56874.177777777775
32,107.0,4.34,28,619.8,56874.17847222222
28,108.0,4.31,25,619.8,56874.17916666667
29,107.0,4.29,25,619.8,56874.17986111111
31,112.0,4.27,25,619.8,56874.180555555555
32,122.0,4.25,25,619.8,56874.18125
31,116.0,4.22,23,619.9,56874.18194444444
30,109.0,4.2,22,619.8,56874.18263888889
30,109.0,4.19,22,619.8,56874.183333333334
28,106.0,4.17,22,619.9,56874.18402777778
29,101.0,4.16,23,619.8,56874.18472222222
27,131.0,4.16,24,619.9,56874.18541666667
29,117.0,4.14,24,620.0,56874.186111111114
29,105.0,4.12,23,620.0,56874.18680555555
30,92.0,4.1,24,619.9,56874.1875
28,122.0,4.07,22,619.9,56874.18819444445
28,113.0,4.06,22,619.9,56874.188888888886
28,101.0,4.04,22,619.9,56874.18958333333
27,114.0,4.04,23,620.0,56874.19027777778
25,118.0,4.02,23,620.0,56874.19097222222
25,101.0,4.01,23,620.0,56874.191666666666
24,106.0,3.98,25,620.0,56874.19236111111
27,118.0,3.96,24,620.0,56874.19305555556
31,102.0,3.95,24,620.0,56874.19375
30,110.0,3.92,23,619.9,56874.194444444445
27,122.0,3.89,21,619.9,56874.19513888889
25,112.0,3.87,19,620.0,56874.19583333333
26,113.0,3.85,18,620.0,56874.19652777778
26,123.0,3.83,19,620.0,56874.197222222225
24,124.0,3.83,19,620.0,56874.197916666664
25,101.0,3.81,19,620.0,56874.19861111111
27,98.0,3.79,16,620.0,56874.19930555556
25,109.0,3.78,17,620.1,56874.2
24,98.0,3.76,16,620.1,56874.200694444444
23,114.0,3.76,18,620.1,56874.20138888889
26,122.0,3.75,17,620.1,56874.20208333333
25,121.0,3.74,18,620.1,56874.20277777778
25,110.0,3.71,16,620.0,56874.20347222222
28,103.0,3.69,16,620.0,56874.20416666667
25,121.0,3.67,16,620.1,56874.20486111111
29,105.0,3.64,17,620.0,56874.205555555556
25,111.0,3.64,19,620.1,56874.20625
27,118.0,3.62,21,620.0,56874.20694444444
24,124.0,3.61,21,620.1,56874.20763888889
26,120.0,3.58,21,620.1,56874.208333333336
25,129.0,3.56,21,620.1,56874.209027777775
23,119.0,3.54,20,620.2,56874.20972222222
25,97.0,3.51,19,620.1,56874.21041666667
26,117.0,3.49,20,620.2,56874.21111111111
26,127.0,3.47,20,620.1,56874.211805555555
26,126.0,3.45,21,620.1,56874.2125
24,121.0,3.41,18,620.2,56874.21319444444
24,126.0,3.4,18,620.2,56874.21388888889
23,121.0,3.38,19,620.2,56874.214583333334
24,98.0,3.35,18,620.2,56874.21527777778
21,120.0,3.33,18,620.3,56874.21597222222
23,114.0,3.31,18,620.2,56874.21666666667
24,115.0,3.3,20,620.2,56874.217361111114
25,120.0,3.29,21,620.3,56874.21805555555
25,117.0,3.28,19,620.3,56874.21875
25,119.0,3.26,19,620.3,56874.21944444445
24,112.0,3.25,18,620.3,56874.220138888886
25,113.0,3.25,17,620.2,56874.22083333333
24,113.0,3.24,18,620.2,56874.22152777778
25,112.0,3.22,20,620.3,56874.22222222222
26,108.0,3.22,22,620.2,56874.222916666666
25,116.0,3.21,21,620.3,56874.22361111111
24,129.0,3.19,18,620.3,56874.22430555556
26,111.0,3.19,20,620.3,56874.225
22,103.0,3.2,20,620.4,56874.225694444445
23,122.0,3.19,20,620.4,56874.22638888889
23,117.0,3.18,19,620.4,56874.22708333333
22,114.0,3.18,21,620.4,56874.22777777778
24,113.0,3.17,20,620.4,56874.228472222225
23,110.0,3.15,22,620.3,56874.229166666664
24,118.0,3.12,19,620.3,56874.22986111111
24,116.0,3.1,19,620.4,56874.23055555556
22,109.0,3.08,18,620.4,56874.23125
24,116.0,3.06,18,620.4,56874.231944444444
23,120.0,3.06,20,620.4,56874.23263888889
22,105.0,3.04,19,620.4,56874.23333333333
23,120.0,3.03,18,620.4,56874.23402777778
22,116.0,3.02,18,620.4,56874.23472222222
23,113.0,3.0,18,620.4,56874.23541666667
23,118.0,2.99,21,620.4,56874.23611111111
23,117.0,2.97,22,620.4,56874.236805555556
25,116.0,2.95,21,620.4,56874.2375
25,124.0,2.95,23,620.4,56874.23819444444
24,113.0,2.94,24,620.4,56874.23888888889
25,115.0,2.94,25,620.4,56874.239583333336
24,95.0,2.93,25,620.4,56874.240277777775
24,109.0,2.91,26,620.4,56874.24097222222
24,129.0,2.89,25,620.4,56874.24166666667
23,120.0,2.88,26,620.4,56874.24236111111
22,124.0,2.87,25,620.4,56874.243055555555
24,118.0,2.85,26,620.4,56874.24375
24,104.0,2.82,27,620.4,56874.24444444444
22,129.0,2.8,26,620.4,56874.24513888889
24,124.0,2.79,28,620.4,56874.245833333334
24,122.0,2.79,28,620.4,56874.24652777778
24,124.0,2.79,28,620.4,56874.24722222222
25,107.0,2.79,30,620.4,56874.24791666667
25,123.0,2.79,29,620.4,56874.248611111114
25,128.0,2.79,28,620.4,56874.24930555555
26,117.0,2.79,29,620.4,56874.25
23,114.0,2.79,30,620.4,56874.25069444445
25,124.0,2.79,31,620.4,56874.251388888886
26,121.0,2.78,30,620.4,56874.25208333333
26,85.0,2.77,29,620.4,56874.25277777778
24,117.0,2.77,31,620.5,56874.25347222222
19,118.0,2.76,30,620.6,56874.254166666666
21,121.0,2.77,30,620.6,56874.25486111111
18,0.0,2.78,32,620.6,56874.25555555556
21,115.0,2.76,32,620.6,56874.25625
21,116.0,2.76,33,620.5,56874.256944444445
22,113.0,2.74,33,620.5,56874.25763888889
21,110.0,2.73,32,620.5,56874.25833333333
21,120.0,2.73,32,620.5,56874.25902777778
21,112.0,2.72,32,620.5,56874.259722222225
20,0.0,2.71,33,620.6,56874.260416666664
21,113.0,2.7,32,620.6,56874.26111111111
20,116.0,2.68,32,620.6,56874.26180555556
20,39.0,2.67,32,620.6,56874.2625
17,113.0,2.67,32,620.6,56874.263194444444
17,112.0,2.66,33,620.6,56874.26388888889
18,104.0,2.66,33,620.6,56874.26458333333
19,109.0,2.66,33,620.6,56874.26527777778
18,112.0,2.66,33,620.6,56874.26597222222
20,119.0,2.65,34,620.6,56874.26666666667
18,108.0,2.64,36,620.6,56874.26736111111
18,119.0,2.64,35,620.6,56874.268055555556
19,118.0,2.64,35,620.6,56874.26875
19,130.0,2.64,35,620.7,56874.26944444444
17,129.0,2.65,35,620.7,56874.27013888889
19,112.0,2.66,34,620.7,56874.270833333336
16,115.0,2.67,36,620.7,56874.271527777775
17,114.0,2.67,36,620.7,56874.27222222222
18,104.0,2.67,37,620.6,56874.27291666667
19,113.0,2.67,37,620.6,56874.27361111111
23,121.0,2.65,37,620.6,56874.274305555555
20,121.0,2.63,36,620.6,56874.275
22,120.0,2.61,36,620.6,56874.27569444444
20,42.0,2.61,37,620.7,56874.27638888889
18,117.0,2.62,37,620.7,56874.277083333334
18,117.0,2.63,36,620.7,56874.27777777778
19,118.0,2.64,36,620.7,56874.27847222222
19,121.0,2.63,37,620.7,56874.27916666667
17,118.0,2.64,37,620.7,56874.279861111114
18,122.0,2.63,38,620.7,56874.28055555555
16,121.0,2.62,36,620.7,56874.28125
19,119.0,2.59,35,620.7,56874.28194444445
17,127.0,2.56,38,620.8,56874.282638888886
19,108.0,2.54,37,620.8,56874.28333333333
19,124.0,2.52,39,620.8,56874.28402777778
18,75.0,2.51,38,620.8,56874.28472222222
19,117.0,2.51,37,620.8,56874.285416666666
18,112.0,2.5,38,620.8,56874.28611111111
18,121.0,2.48,39,620.8,56874.28680555556
19,120.0,2.48,40,620.7,56874.2875
18,121.0,2.48,40,620.7,56874.288194444445
17,104.0,2.48,40,620.8,56874.28888888889
17,116.0,2.48,40,620.8,56874.28958333333
18,113.0,2.49,41,620.8,56874.29027777778
15,130.0,2.51,41,620.8,56874.290972222225
15,119.0,2.53,41,620.8,56874.291666666664
16,133.0,2.53,41,620.8,56874.29236111111
15,0.0,2.54,40,620.8,56874.29305555556
15,118.0,2.52,41,620.8,56874.29375
16,129.0,2.53,41,620.8,56874.294444444444
17,123.0,2.54,41,620.8,56874.29513888889
17,113.0,2.56,40,620.8,56874.29583333333
18,116.0,2.57,41,620.8,56874.29652777778
18,119.0,2.57,41,620.8,56874.29722222222
19,89.0,2.57,42,620.8,56874.29791666667
17,127.0,2.57,42,620.8,56874.29861111111
15,120.0,2.57,42,620.8,56874.299305555556
15,121.0,2.56,42,620.8,56874.3
17,121.0,2.54,42,620.8,56874.30069444444
16,125.0,2.53,41,620.8,56874.30138888889
17,116.0,2.53,41,620.8,56874.302083333336
18,119.0,2.54,41,620.8,56874.302777777775
18,116.0,2.55,41,620.8,56874.30347222222
18,120.0,2.57,42,620.9,56874.30416666667
17,127.0,2.57,41,620.9,56874.30486111111
16,121.0,2.59,41,620.9,56874.305555555555
18,60.0,2.6,41,620.9,56874.30625
18,121.0,2.6,41,620.9,56874.30694444444
16,4.0,2.6,40,620.9,56874.30763888889
15,116.0,2.6,41,620.9,56874.308333333334
17,116.0,2.6,41,620.9,56874.30902777778
18,123.0,2.61,43,620.9,56874.30972222222
15,145.0,2.62,43,620.9,56874.31041666667
17,127.0,2.63,43,620.9,56874.311111111114
15,125.0,2.64,43,620.9,56874.31180555555
16,116.0,2.66,43,620.9,56874.3125
16,118.0,2.68,44,620.9,56874.31319444445
17,120.0,2.7,44,620.9,56874.313888888886
16,121.0,2.7,43,620.9,56874.31458333333
18,117.0,2.72,44,620.9,56874.31527777778
17,119.0,2.72,45,620.9,56874.31597222222
18,111.0,2.72,45,620.9,56874.316666666666
15,119.0,2.72,45,620.9,56874.31736111111
17,117.0,2.72,44,620.9,56874.31805555556
17,120.0,2.72,46,620.9,56874.31875
17,120.0,2.73,46,620.9,56874.319444444445
18,116.0,2.74,45,621.0,56874.32013888889
15,119.0,2.76,44,621.0,56874.32083333333
16,125.0,2.8,45,621.0,56874.32152777778
16,118.0,2.82,45,621.0,56874.322222222225
16,77.0,2.83,45,621.0,56874.322916666664
16,107.0,2.83,45,621.0,56874.32361111111
16,114.0,2.82,45,621.0,56874.32430555556
16,100.0,2.84,45,621.0,56874.325
16,112.0,2.85,45,621.0,56874.325694444444
15,115.0,2.85,45,621.0,56874.32638888889
15,112.0,2.85,45,621.0,56874.32708333333
16,112.0,2.85,46,621.0,56874.32777777778
16,112.0,2.86,45,621.0,56874.32847222222
16,120.0,2.88,43,621.0,56874.32916666667
16,116.0,2.91,43,621.1,56874.32986111111
17,121.0,2.95,42,621.1,56874.330555555556
17,112.0,3.0,41,621.1,56874.33125
16,120.0,3.05,42,621.0,56874.33194444444
17,1.0,3.1,43,621.0,56874.33263888889
14,121.0,3.13,42,621.0,56874.333333333336
15,118.0,3.15,42,621.0,56874.334027777775
16,121.0,3.17,42,621.0,56874.33472222222
15,127.0,3.18,41,621.0,56874.33541666667
13,115.0,3.18,42,621.0,56874.33611111111
15,103.0,3.18,43,621.0,56874.336805555555
17,109.0,3.15,43,621.0,56874.3375
18,105.0,3.13,43,621.0,56874.33819444444
17,113.0,3.12,42,621.0,56874.33888888889
17,107.0,3.11,43,621.0,56874.339583333334
18,111.0,3.1,42,621.0,56874.34027777778
17,110.0,3.09,42,621.0,56874.34097222222
17,121.0,3.09,41,621.0,56874.34166666667
17,134.0,3.1,42,621.0,56874.342361111114
16,117.0,3.1,41,621.0,56874.34305555555
19,119.0,3.1,42,621.0,56874.34375
17,107.0,3.1,42,621.0,56874.34444444445
16,117.0,3.1,43,621.0,56874.345138888886
16,116.0,3.09,44,621.0,56874.34583333333
17,122.0,3.08,43,621.0,56874.34652777778
17,107.0,3.07,44,621.0,56874.34722222222
18,116.0,3.06,44,621.0,56874.347916666666
18,112.0,3.07,42,621.0,56874.34861111111
18,112.0,3.09,42,620.9,56874.34930555556
18,120.0,3.11,43,620.9,56874.35
19,118.0,3.12,44,620.9,56874.350694444445
19,112.0,3.12,44,620.9,56874.35138888889
18,111.0,3.12,43,620.9,56874.35208333333
21,109.0,3.12,43,620.9,56874.35277777778
22,107.0,3.13,43,620.9,56874.353472222225
20,103.0,3.14,44,620.9,56874.354166666664
19,103.0,3.13,43,620.9,56874.35486111111
19,114.0,3.12,44,620.9,56874.35555555556
20,104.0,3.11,44,620.9,56874.35625
20,115.0,3.1,43,620.9,56874.356944444444
20,105.0,3.09,43,620.9,56874.35763888889
21,112.0,3.09,43,620.9,56874.35833333333
20,114.0,3.09,44,620.9,56874.35902777778
22,103.0,3.09,43,620.8,56874.35972222222
24,113.0,3.09,42,620.8,56874.36041666667
22,109.0,3.09,43,620.8,56874.36111111111
21,113.0,3.11,43,620.8,56874.361805555556
19,115.0,3.12,43,620.9,56874.3625
19,110.0,3.12,43,620.9,56874.36319444444
21,114.0,3.12,44,620.8,56874.36388888889
22,107.0,3.11,45,620.8,56874.364583333336
20,110.0,3.1,44,620.8,56874.365277777775
21,109.0,3.09,45,620.8,56874.36597222222
20,116.0,3.09,44,620.8,56874.36666666667
21,103.0,3.09,43,620.8,56874.36736111111
19,104.0,3.09,43,620.8,56874.368055555555
20,121.0,3.09,43,620.8,56874.36875
20,116.0,3.09,43,620.8,56874.36944444444
20,97.0,3.09,44,620.8,56874.37013888889
21,114.0,3.09,44,620.7,56874.370833333334
23,115.0,3.09,43,620.7,56874.37152777778
22,105.0,3.12,43,620.7,56874.37222222222
22,115.0,3.12,43,620.7,56874.37291666667
20,111.0,3.12,42,620.7,56874.373611111114
20,120.0,3.12,41,620.7,56874.37430555555
20,114.0,3.12,40,620.7,56874.375
19,110.0,3.13,41,620.7,56874.37569444445
19,125.0,3.14,40,620.7,56874.376388888886
19,107.0,3.15,39,620.7,56874.37708333333
20,112.0,3.16,39,620.7,56874.37777777778
18,114.0,3.18,41,620.7,56874.37847222222
18,105.0,3.18,41,620.7,56874.379166666666
18,114.0,3.18,40,620.7,56874.37986111111
19,113.0,3.19,39,620.7,56874.38055555556
20,113.0,3.2,39,620.7,56874.38125
20,101.0,3.22,39,620.7,56874.381944444445
20,115.0,3.24,39,620.7,56874.38263888889
18,113.0,3.27,39,620.7,56874.38333333333
19,112.0,3.28,40,620.7,56874.38402777778
18,110.0,3.28,40,620.6,56874.384722222225
20,106.0,3.28,40,620.6,56874.385416666664
21,117.0,3.27,39,620.6,56874.38611111111
20,113.0,3.27,40,620.6,56874.38680555556
20,108.0,3.27,40,620.6,56874.3875
20,112.0,3.26,39,620.6,56874.388194444444
20,108.0,3.25,39,620.6,56874.38888888889
19,108.0,3.24,39,620.6,56874.38958333333
18,110.0,3.24,40,620.6,56874.39027777778
18,107.0,3.22,40,620.6,56874.39097222222
19,113.0,3.21,39,620.6,56874.39166666667
20,108.0,3.2,40,620.6,56874.39236111111
19,112.0,3.19,41,620.6,56874.393055555556
20,112.0,3.19,41,620.6,56874.39375
20,111.0,3.19,41,620.6,56874.39444444444
21,112.0,3.2,42,620.5,56874.39513888889
21,107.0,3.2,42,620.5,56874.395833333336
20,105.0,3.19,42,620.5,56874.396527777775
19,111.0,3.18,42,620.6,56874.39722222222
17,97.0,3.18,43,620.5,56874.39791666667
18,104.0,3.16,43,620.5,56874.39861111111
18,108.0,3.14,43,620.5,56874.399305555555
20,102.0,3.12,42,620.5,56874.4
20,113.0,3.08,42,620.5,56874.40069444444
20,104.0,3.06,42,620.5,56874.40138888889
19,111.0,3.04,43,620.4,56874.402083333334
19,106.0,3.03,43,620.4,56874.40277777778
20,104.0,3.03,42,620.4,56874.40347222222
20,110.0,3.02,42,620.4,56874.40416666667
22,109.0,3.01,42,620.4,56874.404861111114
21,106.0,3.01,43,620.4,56874.40555555555
22,106.0,3.0,43,620.4,56874.40625
22,97.0,3.0,43,620.4,56874.40694444445
21,109.0,3.0,44,620.4,56874.407638888886
20,104.0,3.0,44,620.4,56874.40833333333
19,104.0,2.98,44,620.3,56874.40902777778
20,107.0,2.96,44,620.3,56874.40972222222
20,107.0,2.93,44,620.3,56874.410416666666
20,102.0,2.9,44,620.3,56874.41111111111
21,105.0,2.87,44,620.3,56874.41180555556
21,108.0,2.84,44,620.3,56874.4125
22,104.0,2.83,44,620.3,56874.413194444445
21,112.0,2.82,44,620.3,56874.41388888889
20,109.0,2.83,44,620.2,56874.41458333333
21,107.0,2.85,43,620.3,56874.41527777778
20,106.0,2.85,43,620.3,56874.415972222225
