wind_speed,wind_direction,temperature,relative_humidity,pressure,mjd
2.61,310,1.8,25,613.8,53859.416666666664
4.35,252,1.6,27,613.8,53859.42013888889
2.61,173,1.4,27,613.8,53859.42361111111
2.61,284,1.5,24,613.8,53859.427083333336
3.48,7,1.6,25,613.7,53859.430555555555
2.61,274,1.6,24,613.7,53859.43402777778
2.61,265,1.8,22,613.7,53859.4375
2.61,26,1.8,23,613.6,53859.44097222222
5.22,281,1.7,23,613.6,53859.444444444445
3.48,88,1.7,22,613.6,53859.447916666664
3.48,243,1.7,22,613.6,53859.45138888889
2.61,288,1.7,22,613.5,53859.45486111111
2.61,276,1.7,22,613.4,53859.458333333336
2.61,351,1.6,22,613.3,53859.461805555555
3.48,285,1.6,22,613.3,53859.46527777778
3.48,53,1.6,21,613.2,53859.46875
3.48,45,1.6,20,613.1,53859.47222222222
4.35,44,1.7,20,613.1,53859.475694444445
4.35,65,1.6,21,613.0,53859.479166666664
3.48,354,1.6,21,613.0,53859.48263888889
3.48,274,1.6,21,612.9,53859.48611111111
3.48,358,1.6,21,612.9,53859.489583333336
4.35,350,1.4,22,612.8,53859.493055555555
5.22,7,1.4,22,612.7,53859.49652777778
4.35,77,1.3,22,612.7,53859.5
6.09,320,1.3,22,612.7,53859.50347222222
6.09,313,1.3,22,612.6,53859.506944444445
6.09,316,1.3,21,612.6,53859.510416666664
5.22,280,1.3,21,612.7,53859.51388888889
6.96,307,1.2,21,612.6,53859.51736111111
6.96,317,1.2,20,612.6,53859.520833333336
5.22,290,1.3,19,612.6,53859.524305555555
6.09,303,1.4,20,612.5,53859.52777777778
5.22,331,1.3,20,612.5,53859.53125
2.61,274,1.3,21,612.5,53859.53472222222
3.48,116,1.3,23,612.6,53859.538194444445
1.74,133,1.3,21,612.5,53859.541666666664
1.74,257,1.4,21,612.5,53859.54513888889
0.87,37,1.5,17,612.5,53859.54861111111
2.61,48,1.6,17,612.4,53859.552083333336
2.61,176,1.6,20,612.4,53859.555555555555
3.48,15,1.5,21,612.3,53859.55902777778
1.74,233,1.4,19,612.3,53859.5625
2.61,73,1.6,16,612.3,53859.56597222222
2.61,277,1.6,18,612.3,53859.569444444445
2.61,212,1.5,19,612.3,53859.572916666664
2.61,193,1.4,19,612.3,53859.57638888889
0.87,153,1.4,19,612.3,53859.57986111111
0.87,77,1.3,19,612.3,53859.583333333336
1.74,20,1.3,25,612.3,53859.586805555555
1.74,209,1.2,25,612.4,53859.59027777778
1.74,215,1.1,22,612.4,53859.59375
1.74,217,1.1,21,612.4,53859.59722222222
2.61,257,1.1,22,612.3,53859.600694444445
0.87,109,1.1,22,612.3,53859.604166666664
0.0,177,1.1,21,612.2,53859.60763888889
0.0,177,1.1,25,612.2,53859.61111111111
5.22,52,0.8,42,612.1,53859.614583333336
0.87,123,0.6,23,612.3,53859.618055555555
0.87,246,0.9,26,612.3,53859.62152777778
0.0,57,1.0,26,612.3,53859.625
0.0,182,1.0,26,612.3,53859.62847222222
0.87,139,1.0,24,612.3,53859.631944444445
0.87,262,1.2,16,612.4,53859.635416666664
0.87,315,1.4,17,612.4,53859.63888888889
1.74,227,1.3,16,612.4,53859.64236111111
3.48,199,1.6,13,612.4,53859.645833333336
3.48,214,1.7,13,612.5,53859.649305555555
2.61,357,1.8,15,612.5,53859.65277777778
2.61,136,1.6,16,612.5,53859.65625
5.22,265,1.6,13,612.6,53859.65972222222
4.35,147,1.7,14,612.6,53859.663194444445
3.48,262,1.6,15,612.7,53859.666666666664
4.35,216,1.6,14,612.7,53859.67013888889
2.61,265,1.7,16,612.8,53859.67361111111
3.48,333,1.7,16,612.8,53859.677083333336
6.96,334,1.8,20,612.9,53859.680555555555
6.09,330,1.8,16,612.9,53859.68402777778
5.22,28,2.0,15,613.1,53859.6875
3.48,306,2.2,14,613.1,53859.69097222222
1.74,313,2.2,12,613.2,53859.694444444445
1.74,124,2.2,14,613.2,53859.697916666664
4.35,35,2.0,17,613.2,53859.70138888889
3.48,350,1.9,17,613.3,53859.70486111111
4.35,319,1.9,19,613.4,53859.708333333336
2.61,7,1.9,18,613.4,53859.711805555555
3.48,269,2.0,19,613.5,53859.71527777778
1.74,67,2.0,17,613.6,53859.71875
1.74,132,2.1,17,613.6,53859.72222222222
0.87,342,2.4,13,613.7,53859.725694444445
1.74,268,2.9,13,613.7,53859.729166666664
4.35,66,3.0,14,613.7,53859.73263888889
1.74,7,3.1,14,613.8,53859.73611111111
1.74,79,3.1,13,613.8,53859.739583333336
0.87,246,3.3,13,613.8,53859.743055555555
1.74,147,3.4,17,613.9,53859.74652777778
0.87,116,3.3,14,613.9,53859.75
0.87,128,3.8,20,613.9,53859.75347222222
0.87,78,4.0,24,614.0,53859.756944444445
4.35,77,4.4,25,614.0,53859.760416666664
6.09,65,4.4,36,614.0,53859.76388888889
1.74,49,4.6,25,614.1,53859.76736111111
1.74,30,4.3,14,614.2,53859.770833333336
0.0,103,4.0,15,614.2,53859.774305555555
2.61,347,3.8,17,614.2,53859.77777777778
3.48,349,3.8,18,614.2,53859.78125
0.87,282,3.8,16,614.2,53859.78472222222
3.48,56,4.5,12,614.3,53859.788194444445
5.22,69,5.2,12,614.3,53859.791666666664
4.35,54,5.3,14,614.3,53859.79513888889
0.87,14,4.9,16,614.4,53859.79861111111
2.61,323,5.2,17,614.3,53859.802083333336
3.48,272,5.4,14,614.3,53859.805555555555
2.61,85,5.7,14,614.4,53859.80902777778
3.48,217,5.2,14,614.4,53859.8125
2.61,308,4.8,20,614.4,53859.81597222222
1.74,277,4.8,14,614.4,53859.819444444445
4.35,299,5.0,14,614.4,53859.822916666664
3.48,307,5.0,19,614.3,53859.82638888889
3.48,25,5.3,14,614.3,53859.82986111111
2.61,296,5.3,14,614.3,53859.833333333336
0.0,250,5.0,20,614.4,53859.836805555555
5.22,61,6.0,24,614.3,53859.84027777778
0.87,260,6.2,27,614.3,53859.84375
3.48,339,5.8,25,614.3,53859.84722222222
4.35,337,5.8,22,614.2,53859.850694444445
6.09,40,6.5,24,614.2,53859.854166666664
6.09,98,6.9,31,614.2,53859.85763888889
0.0,83,6.6,28,614.2,53859.86111111111
6.09,349,6.7,29,614.2,53859.864583333336
0.0,234,6.2,32,614.2,53859.868055555555
4.35,326,5.9,34,614.2,53859.87152777778
2.61,74,6.1,37,614.1,53859.875
6.09,103,7.3,34,614.2,53859.87847222222
10.43,67,7.2,37,614.2,53859.881944444445
6.96,63,6.7,44,614.0,53859.885416666664
0.0,98,6.3,45,614.0,53859.88888888889
4.35,13,6.9,39,614.1,53859.89236111111
3.48,310,6.4,50,614.1,53859.895833333336
0.87,350,6.2,48,614.0,53859.899305555555
9.57,10,7.1,52,614.0,53859.90277777778
5.22,72,6.4,55,613.9,53859.90625
5.22,95,6.1,59,613.9,53859.90972222222
7.83,107,5.8,63,613.9,53859.913194444445
6.09,96,5.3,65,613.8,53859.916666666664
6.09,90,4.9,68,613.8,53859.92013888889
6.09,120,4.6,76,613.7,53859.92361111111
7.83,70,4.7,70,613.7,53859.927083333336
4.35,55,4.9,57,613.7,53859.930555555555
0.87,301,5.1,49,613.7,53859.93402777778
6.96,45,6.1,64,613.7,53859.9375
5.22,75,6.3,34,613.6,53859.94097222222
5.22,109,5.8,44,613.6,53859.944444444445
10.43,87,6.1,68,613.5,53859.947916666664
9.57,99,5.5,68,613.4,53859.95138888889
6.96,99,5.2,61,613.5,53859.95486111111
2.61,95,5.9,29,613.4,53859.958333333336
8.7,67,6.8,17,613.3,53859.961805555555
9.57,77,6.6,49,613.4,53859.96527777778
4.35,81,6.9,42,613.3,53859.96875
5.22,339,7.1,49,613.3,53859.97222222222
13.04,39,6.9,54,613.2,53859.975694444445
8.7,82,6.1,52,613.3,53859.979166666664
6.96,153,5.7,43,613.2,53859.98263888889
4.35,72,6.5,53,613.2,53859.98611111111
3.48,63,5.9,60,613.2,53859.989583333336
6.96,75,5.9,35,613.1,53859.993055555555
7.83,107,6.5,51,613.2,53859.99652777778
9.57,122,6.4,49,613.2,53860.0
6.09,120,6.0,62,613.2,53860.00347222222
10.43,85,5.1,68,613.1,53860.006944444445
8.7,116,4.8,67,613.1,53860.010416666664
8.7,89,4.6,74,613.1,53860.01388888889
11.3,67,4.2,72,613.1,53860.01736111111
6.09,93,3.8,69,613.2,53860.020833333336
7.83,117,4.1,69,613.2,53860.024305555555
6.09,129,4.3,67,613.1,53860.02777777778
8.7,114,4.0,79,613.1,53860.03125
11.3,98,3.6,83,613.0,53860.03472222222
6.96,30,3.5,78,613.0,53860.038194444445
8.7,114,3.3,81,613.0,53860.041666666664
4.35,76,3.3,74,613.0,53860.04513888889
2.61,62,3.1,80,613.0,53860.04861111111
5.22,73,3.6,67,612.9,53860.052083333336
3.48,51,4.1,64,612.9,53860.055555555555
6.09,111,4.9,75,612.8,53860.05902777778
5.22,274,5.5,62,612.9,53860.0625
2.61,50,6.4,60,612.8,53860.06597222222
2.61,35,6.0,63,612.8,53860.069444444445
1.74,57,6.2,60,612.7,53860.072916666664
1.74,51,6.0,60,612.7,53860.07638888889
1.74,350,5.6,61,612.7,53860.07986111111
4.35,342,5.6,59,612.7,53860.083333333336
6.09,310,5.8,52,612.6,53860.086805555555
4.35,236,6.2,45,612.7,53860.09027777778
2.61,36,5.8,48,612.8,53860.09375
5.22,297,5.9,30,612.7,53860.09722222222
7.83,333,5.6,31,612.7,53860.100694444445
3.48,261,5.4,38,612.6,53860.104166666664
3.48,358,5.8,38,612.7,53860.10763888889
6.09,323,5.9,35,612.7,53860.11111111111
6.09,7,5.5,47,612.7,53860.114583333336
7.83,345,5.3,50,612.7,53860.118055555555
8.7,335,5.0,56,612.7,53860.12152777778
6.09,286,4.9,45,612.7,53860.125
7.83,276,5.0,47,612.7,53860.12847222222
5.22,345,5.0,35,612.8,53860.131944444445
5.22,355,4.8,43,612.8,53860.135416666664
6.96,352,4.7,32,612.9,53860.13888888889
5.22,328,4.5,32,612.9,53860.14236111111
6.09,306,4.3,34,612.9,53860.145833333336
4.35,310,4.4,33,612.9,53860.149305555555
6.09,342,4.4,39,612.9,53860.15277777778
3.48,315,4.2,46,613.0,53860.15625
1.74,344,4.0,46,613.0,53860.15972222222
4.35,354,4.0,44,613.0,53860.163194444445
5.22,351,3.7,42,613.0,53860.166666666664
4.35,332,3.6,39,613.0,53860.17013888889
5.22,357,3.5,38,613.0,53860.17361111111
2.61,337,3.1,37,613.0,53860.177083333336
0.87,345,3.1,43,613.0,53860.180555555555
2.61,317,3.1,40,613.1,53860.18402777778
2.61,301,2.7,42,613.1,53860.1875
1.74,326,2.4,38,613.1,53860.19097222222
2.61,331,2.1,39,613.2,53860.194444444445
1.74,305,2.0,33,613.3,53860.197916666664
1.74,333,1.8,31,613.3,53860.20138888889
5.22,334,1.5,33,613.3,53860.20486111111
3.48,300,1.3,34,613.3,53860.208333333336
2.61,327,1.3,29,613.4,53860.211805555555
0.87,332,1.3,34,613.4,53860.21527777778
2.61,323,1.2,34,613.5,53860.21875
1.74,345,1.1,34,613.5,53860.22222222222
0.87,329,1.1,36,613.6,53860.225694444445
0.0,14,1.1,36,613.6,53860.229166666664
0.0,33,1.1,36,613.7,53860.23263888889
0.87,260,1.0,37,613.7,53860.23611111111
0.0,7,1.1,28,613.7,53860.239583333336
1.74,269,1.3,26,613.8,53860.243055555555
6.09,65,1.2,40,613.8,53860.24652777778
1.74,73,0.8,48,613.8,53860.25
3.48,67,0.8,35,613.9,53860.25347222222
6.96,62,0.7,45,613.8,53860.256944444445
6.96,69,0.7,44,613.8,53860.260416666664
6.09,62,0.5,46,613.9,53860.26388888889
5.22,62,0.5,43,613.9,53860.26736111111
8.7,48,0.8,36,614.0,53860.270833333336
7.83,45,0.8,43,614.0,53860.274305555555
7.83,60,0.7,46,614.0,53860.27777777778
9.57,53,0.6,52,614.0,53860.28125
8.7,68,0.3,60,613.9,53860.28472222222
9.57,70,0.1,60,613.9,53860.288194444445
10.43,66,0.0,63,613.9,53860.291666666664
6.96,75,-0.1,63,614.0,53860.29513888889
8.7,69,-0.1,61,614.0,53860.29861111111
9.57,85,-0.1,63,614.0,53860.302083333336
10.43,80,0.0,63,614.0,53860.305555555555
8.7,89,-0.2,60,614.0,53860.30902777778
8.7,82,-0.2,61,614.1,53860.3125
8.7,82,0.0,61,614.2,53860.31597222222
10.43,82,0.1,59,614.2,53860.319444444445
9.57,78,0.0,59,614.2,53860.322916666664
11.3,76,0.0,59,614.2,53860.32638888889
9.57,85,0.0,59,614.2,53860.32986111111
9.57,101,-0.1,57,614.2,53860.333333333336
9.57,96,-0.2,56,614.3,53860.336805555555
9.57,74,-0.4,58,614.2,53860.34027777778
9.57,96,-0.6,61,614.2,53860.34375
11.3,97,-0.6,64,614.3,53860.34722222222
13.91,56,-0.7,59,614.3,53860.350694444445
10.43,94,-0.8,48,614.3,53860.354166666664
9.57,101,-1.1,47,614.3,53860.35763888889
11.3,93,-1.5,46,614.3,53860.36111111111
10.43,110,-1.6,47,614.3,53860.364583333336
13.04,105,-1.7,51,614.3,53860.368055555555
13.91,103,-1.8,50,614.2,53860.37152777778
11.3,101,-1.8,54,614.2,53860.375
8.7,115,-1.8,53,614.2,53860.37847222222
13.04,103,-1.8,56,614.1,53860.381944444445
9.57,105,-1.6,56,614.0,53860.385416666664
7.83,106,-1.5,58,614.0,53860.38888888889
9.57,85,-1.5,59,613.9,53860.39236111111
11.3,101,-1.4,59,613.9,53860.395833333336
8.7,82,-1.5,61,613.8,53860.399305555555
9.57,101,-1.3,62,613.9,53860.40277777778
7.83,114,-1.3,60,613.8,53860.40625
6.96,100,-1.3,61,613.7,53860.40972222222
7.83,47,-1.3,62,613.7,53860.413194444445
