wind_speed,wind_direction,temperature,relative_humidity,pressure,mjd
20,126.0,0.62,8,618.5,56766.416666666664
21,122.0,0.59,9,618.6,56766.41736111111
19,120.0,0.55,8,618.6,56766.41805555556
18,120.0,0.52,9,618.5,56766.41875
19,134.0,0.48,9,618.5,56766.419444444444
21,134.0,0.43,9,618.5,56766.42013888889
21,118.0,0.38,9,618.5,56766.42083333333
21,136.0,0.34,9,618.5,56766.42152777778
22,126.0,0.33,9,618.5,56766.42222222222
21,134.0,0.31,9,618.5,56766.42291666667
21,124.0,0.31,9,618.4,56766.42361111111
20,142.0,0.3,9,618.4,56766.424305555556
20,136.0,0.29,9,618.3,56766.425
22,118.0,0.27,10,618.3,56766.42569444444
22,134.0,0.25,9,618.2,56766.42638888889
21,140.0,0.23,10,618.2,56766.427083333336
22,128.0,0.22,10,618.2,56766.427777777775
21,137.0,0.19,9,618.3,56766.42847222222
20,131.0,0.19,9,618.3,56766.42916666667
20,135.0,0.19,9,618.3,56766.42986111111
19,102.0,0.19,10,618.2,56766.430555555555
21,129.0,0.17,10,618.2,56766.43125
22,122.0,0.15,10,618.2,56766.43194444444
24,129.0,0.13,10,618.2,56766.43263888889
21,130.0,0.12,10,618.3,56766.433333333334
20,119.0,0.11,10,618.3,56766.43402777778
21,109.0,0.11,10,618.3,56766.43472222222
20,106.0,0.1,10,618.3,56766.43541666667
20,129.0,0.1,10,618.2,56766.436111111114
22,106.0,0.1,10,618.2,56766.43680555555
23,113.0,0.09,9,618.2,56766.4375
22,124.0,0.09,9,618.2,56766.43819444445
21,132.0,0.08,10,618.1,56766.438888888886
23,127.0,0.08,10,618.1,56766.43958333333
22,111.0,0.07,10,618.1,56766.44027777778
23,126.0,0.05,10,618.2,56766.44097222222
21,107.0,0.03,10,618.2,56766.441666666666
21,111.0,0.01,10,618.3,56766.44236111111
20,137.0,0.01,9,618.3,56766.44305555556
17,126.0,0.01,9,618.2,56766.44375
19,134.0,0.01,9,618.2,56766.444444444445
18,108.0,-0.01,9,618.2,56766.44513888889
17,150.0,-0.02,9,618.2,56766.44583333333
20,126.0,-0.04,9,618.2,56766.44652777778
18,129.0,-0.07,9,618.1,56766.447222222225
20,138.0,-0.08,9,618.0,56766.447916666664
23,125.0,-0.09,9,618.0,56766.44861111111
21,137.0,-0.1,9,618.0,56766.44930555556
21,116.0,-0.11,9,618.0,56766.45
21,142.0,-0.11,10,618.0,56766.450694444444
22,116.0,-0.13,10,618.0,56766.45138888889
22,132.0,-0.14,10,617.9,56766.45208333333
25,128.0,-0.16,10,617.9,56766.45277777778
26,120.0,-0.17,10,617.9,56766.45347222222
25,124.0,-0.17,10,617.9,56766.45416666667
25,127.0,-0.17,10,617.9,56766.45486111111
25,127.0,-0.17,10,617.9,56766.455555555556
25,98.0,-0.17,10,617.9,56766.45625
25,125.0,-0.18,10,617.9,56766.45694444444
23,112.0,-0.18,10,617.9,56766.45763888889
23,130.0,-0.18,10,617.9,56766.458333333336
22,126.0,-0.17,10,617.9,56766.459027777775
20,132.0,-0.19,10,617.9,56766.45972222222
21,133.0,-0.2,10,618.0,56766.46041666667
21,138.0,-0.22,10,618.0,56766.46111111111
21,122.0,-0.23,10,618.0,56766.461805555555
21,127.0,-0.22,10,618.0,56766.4625
21,130.0,-0.21,10,618.0,56766.46319444444
19,132.0,-0.2,9,618.0,56766.46388888889
18,133.0,-0.2,9,618.0,56766.464583333334
18,135.0,-0.2,9,618.0,56766.46527777778
20,131.0,-0.2,9,618.0,56766.46597222222
18,131.0,-0.18,9,618.0,56766.46666666667
17,128.0,-0.16,9,618.0,56766.467361111114
15,140.0,-0.14,9,618.0,56766.46805555555
17,136.0,-0.16,9,618.0,56766.46875
19,133.0,-0.19,9,618.0,56766.46944444445
19,118.0,-0.22,9,618.0,56766.470138888886
20,132.0,-0.23,8,617.9,56766.47083333333
21,113.0,-0.23,8,617.9,56766.47152777778
22,126.0,-0.23,8,617.9,56766.47222222222
23,137.0,-0.21,9,617.9,56766.472916666666
21,129.0,-0.19,9,617.9,56766.47361111111
21,132.0,-0.17,9,617.9,56766.47430555556
20,124.0,-0.18,9,617.9,56766.475
18,130.0,-0.18,9,618.0,56766.475694444445
16,136.0,-0.17,10,617.9,56766.47638888889
16,136.0,-0.19,10,617.9,56766.47708333333
20,116.0,-0.22,10,617.9,56766.47777777778
19,117.0,-0.26,10,617.9,56766.478472222225
20,118.0,-0.29,10,617.9,56766.479166666664
20,129.0,-0.3,10,617.9,56766.47986111111
18,148.0,-0.29,10,617.9,56766.48055555556
17,126.0,-0.29,10,617.9,56766.48125
20,133.0,-0.29,9,617.9,56766.481944444444
20,137.0,-0.27,9,617.8,56766.48263888889
19,152.0,-0.27,10,617.8,56766.48333333333
18,146.0,-0.29,10,617.8,56766.48402777778
21,136.0,-0.33,10,617.7,56766.48472222222
23,122.0,-0.37,10,617.7,56766.48541666667
21,131.0,-0.39,10,617.7,56766.48611111111
21,141.0,-0.41,10,617.7,56766.486805555556
21,123.0,-0.42,10,617.7,56766.4875
20,157.0,-0.44,10,617.7,56766.48819444444
19,146.0,-0.45,10,617.8,56766.48888888889
18,141.0,-0.47,10,617.8,56766.489583333336
19,134.0,-0.48,10,617.7,56766.490277777775
20,141.0,-0.48,9,617.7,56766.49097222222
19,133.0,-0.46,9,617.8,56766.49166666667
19,118.0,-0.43,9,617.8,56766.49236111111
18,147.0,-0.38,9,617.8,56766.493055555555
15,141.0,-0.32,9,617.8,56766.49375
16,142.0,-0.28,9,617.8,56766.49444444444
16,135.0,-0.24,9,617.8,56766.49513888889
14,157.0,-0.22,10,617.8,56766.495833333334
14,143.0,-0.23,10,617.8,56766.49652777778
13,152.0,-0.26,10,617.8,56766.49722222222
14,134.0,-0.29,10,617.7,56766.49791666667
16,141.0,-0.33,10,617.7,56766.498611111114
17,136.0,-0.37,10,617.7,56766.49930555555
18,131.0,-0.41,9,617.6,56766.5
18,144.0,-0.42,9,617.6,56766.50069444445
18,141.0,-0.4,9,617.6,56766.501388888886
16,141.0,-0.38,9,617.6,56766.50208333333
19,134.0,-0.34,9,617.6,56766.50277777778
19,136.0,-0.32,9,617.6,56766.50347222222
17,146.0,-0.28,9,617.5,56766.504166666666
17,138.0,-0.25,9,617.6,56766.50486111111
17,141.0,-0.24,9,617.5,56766.50555555556
16,138.0,-0.26,9,617.5,56766.50625
16,140.0,-0.29,10,617.5,56766.506944444445
17,134.0,-0.34,10,617.5,56766.50763888889
17,139.0,-0.37,9,617.5,56766.50833333333
15,146.0,-0.36,9,617.5,56766.50902777778
17,136.0,-0.35,10,617.5,56766.509722222225
17,147.0,-0.33,10,617.5,56766.510416666664
16,146.0,-0.33,10,617.5,56766.51111111111
17,145.0,-0.34,10,617.4,56766.51180555556
17,146.0,-0.36,11,617.4,56766.5125
17,139.0,-0.39,10,617.4,56766.513194444444
15,142.0,-0.41,10,617.4,56766.51388888889
16,139.0,-0.4,10,617.4,56766.51458333333
17,145.0,-0.39,10,617.4,56766.51527777778
16,150.0,-0.37,10,617.4,56766.51597222222
17,143.0,-0.34,10,617.4,56766.51666666667
16,144.0,-0.29,10,617.4,56766.51736111111
16,150.0,-0.27,10,617.4,56766.518055555556
15,149.0,-0.26,10,617.4,56766.51875
17,145.0,-0.26,11,617.3,56766.51944444444
17,148.0,-0.27,10,617.3,56766.52013888889
15,150.0,-0.27,10,617.3,56766.520833333336
17,153.0,-0.26,11,617.2,56766.521527777775
17,147.0,-0.27,12,617.2,56766.52222222222
20,136.0,-0.28,12,617.2,56766.52291666667
20,121.0,-0.29,12,617.2,56766.52361111111
19,135.0,-0.29,12,617.2,56766.524305555555
19,142.0,-0.3,12,617.2,56766.525
17,149.0,-0.3,11,617.2,56766.52569444444
16,156.0,-0.29,11,617.2,56766.52638888889
15,147.0,-0.28,11,617.2,56766.527083333334
17,148.0,-0.26,11,617.2,56766.52777777778
17,148.0,-0.24,11,617.2,56766.52847222222
19,138.0,-0.23,11,617.1,56766.52916666667
18,140.0,-0.21,10,617.1,56766.529861111114
19,143.0,-0.19,10,617.1,56766.53055555555
18,140.0,-0.16,10,617.1,56766.53125
20,137.0,-0.14,10,617.0,56766.53194444445
21,143.0,-0.14,10,617.1,56766.532638888886
19,146.0,-0.12,10,617.1,56766.53333333333
19,149.0,-0.09,10,617.1,56766.53402777778
17,156.0,-0.06,9,617.1,56766.53472222222
19,144.0,-0.01,9,617.1,56766.535416666666
19,140.0,0.03,10,617.1,56766.53611111111
19,137.0,0.07,10,617.1,56766.53680555556
21,140.0,0.07,10,617.1,56766.5375
19,136.0,0.1,9,617.1,56766.538194444445
17,145.0,0.12,9,617.1,56766.53888888889
16,140.0,0.13,9,617.1,56766.53958333333
16,145.0,0.15,9,617.1,56766.54027777778
16,145.0,0.15,10,617.1,56766.540972222225
17,141.0,0.14,11,617.1,56766.541666666664
19,142.0,0.11,11,617.1,56766.54236111111
20,135.0,0.06,12,617.1,56766.54305555556
21,135.0,-0.0,12,617.1,56766.54375
20,132.0,-0.05,11,617.1,56766.544444444444
19,131.0,-0.09,12,617.2,56766.54513888889
18,133.0,-0.11,12,617.3,56766.54583333333
16,140.0,-0.11,11,617.3,56766.54652777778
13,145.0,-0.11,11,617.3,56766.54722222222
10,139.0,-0.09,12,617.3,56766.54791666667
10,143.0,-0.05,12,617.3,56766.54861111111
11,140.0,-0.05,12,617.3,56766.549305555556
11,154.0,-0.05,12,617.2,56766.55
13,139.0,-0.07,12,617.1,56766.55069444444
13,148.0,-0.09,12,617.1,56766.55138888889
17,146.0,-0.13,12,617.0,56766.552083333336
18,136.0,-0.17,12,617.0,56766.552777777775
21,129.0,-0.21,12,617.0,56766.55347222222
20,127.0,-0.24,11,617.0,56766.55416666667
19,138.0,-0.26,11,617.0,56766.55486111111
20,124.0,-0.28,11,617.0,56766.555555555555
19,137.0,-0.3,12,617.1,56766.55625
16,128.0,-0.31,12,617.2,56766.55694444444
15,110.0,-0.32,12,617.2,56766.55763888889
15,126.0,-0.33,12,617.2,56766.558333333334
14,131.0,-0.33,12,617.1,56766.55902777778
15,136.0,-0.32,12,617.1,56766.55972222222
17,133.0,-0.33,12,617.0,56766.56041666667
19,139.0,-0.33,12,617.0,56766.561111111114
21,134.0,-0.36,12,617.0,56766.56180555555
22,131.0,-0.39,12,617.0,56766.5625
22,126.0,-0.41,12,617.0,56766.56319444445
21,126.0,-0.41,12,617.0,56766.563888888886
21,133.0,-0.39,12,617.0,56766.56458333333
20,139.0,-0.39,12,617.1,56766.56527777778
19,137.0,-0.38,11,617.1,56766.56597222222
18,133.0,-0.34,11,617.2,56766.566666666666
15,127.0,-0.28,10,617.2,56766.56736111111
16,123.0,-0.2,10,617.1,56766.56805555556
14,143.0,-0.12,11,617.1,56766.56875
14,140.0,-0.07,12,617.1,56766.569444444445
15,126.0,-0.07,12,617.1,56766.57013888889
13,129.0,-0.1,12,617.1,56766.57083333333
15,139.0,-0.15,12,617.1,56766.57152777778
14,131.0,-0.21,12,617.1,56766.572222222225
19,131.0,-0.27,12,617.1,56766.572916666664
20,105.0,-0.32,12,617.1,56766.57361111111
19,121.0,-0.34,12,617.0,56766.57430555556
19,145.0,-0.36,11,617.0,56766.575
19,133.0,-0.36,11,617.0,56766.575694444444
20,113.0,-0.36,11,617.0,56766.57638888889
20,139.0,-0.36,11,617.0,56766.57708333333
19,128.0,-0.36,11,617.0,56766.57777777778
21,114.0,-0.35,11,617.0,56766.57847222222
19,103.0,-0.33,11,617.0,56766.57916666667
21,117.0,-0.32,11,617.0,56766.57986111111
20,121.0,-0.3,10,617.0,56766.580555555556
17,129.0,-0.26,10,617.0,56766.58125
20,130.0,-0.23,10,617.0,56766.58194444444
17,145.0,-0.21,10,617.0,56766.58263888889
19,140.0,-0.19,10,617.0,56766.583333333336
19,163.0,-0.19,10,617.0,56766.584027777775
20,126.0,-0.18,10,617.0,56766.58472222222
18,141.0,-0.17,11,617.0,56766.58541666667
17,141.0,-0.2,11,617.0,56766.58611111111
19,137.0,-0.25,11,617.0,56766.586805555555
16,126.0,-0.29,10,617.0,56766.5875
20,135.0,-0.3,10,617.0,56766.58819444444
18,138.0,-0.29,10,617.0,56766.58888888889
19,150.0,-0.26,9,616.9,56766.589583333334
18,137.0,-0.23,9,617.0,56766.59027777778
21,126.0,-0.2,9,617.0,56766.59097222222
21,128.0,-0.18,9,617.0,56766.59166666667
22,107.0,-0.14,9,617.0,56766.592361111114
21,130.0,-0.1,8,617.0,56766.59305555555
19,124.0,-0.04,8,617.0,56766.59375
19,131.0,0.01,8,617.0,56766.59444444445
17,141.0,0.05,8,617.0,56766.595138888886
17,133.0,0.08,9,617.0,56766.59583333333
20,145.0,0.09,8,617.0,56766.59652777778
19,139.0,0.1,8,617.0,56766.59722222222
18,114.0,0.11,8,617.0,56766.597916666666
19,123.0,0.12,8,617.0,56766.59861111111
17,134.0,0.14,8,617.1,56766.59930555556
17,130.0,0.16,8,617.1,56766.6
21,132.0,0.19,8,617.1,56766.600694444445
20,133.0,0.23,8,617.0,56766.60138888889
19,133.0,0.27,8,617.0,56766.60208333333
19,121.0,0.31,8,617.0,56766.60277777778
21,133.0,0.34,8,617.0,56766.603472222225
20,130.0,0.35,8,617.1,56766.604166666664
19,136.0,0.36,8,617.1,56766.60486111111
19,135.0,0.37,8,617.1,56766.60555555556
20,133.0,0.37,8,617.1,56766.60625
20,132.0,0.37,8,617.1,56766.606944444444
17,103.0,0.38,8,617.1,56766.60763888889
19,138.0,0.38,9,617.1,56766.60833333333
20,114.0,0.38,9,617.1,56766.60902777778
19,145.0,0.37,9,617.1,56766.60972222222
20,135.0,0.35,9,617.1,56766.61041666667
21,141.0,0.32,9,617.1,56766.61111111111
22,129.0,0.31,9,617.1,56766.611805555556
21,124.0,0.3,9,617.1,56766.6125
20,140.0,0.32,9,617.1,56766.61319444444
20,132.0,0.33,10,617.1,56766.61388888889
17,138.0,0.32,10,617.1,56766.614583333336
19,143.0,0.29,11,617.1,56766.615277777775
20,139.0,0.24,10,617.1,56766.61597222222
17,117.0,0.21,10,617.1,56766.61666666667
18,140.0,0.18,10,617.1,56766.61736111111
17,139.0,0.13,10,617.1,56766.618055555555
20,138.0,0.08,10,617.1,56766.61875
16,141.0,0.04,10,617.1,56766.61944444444
17,139.0,0.02,10,617.2,56766.62013888889
17,150.0,-0.01,10,617.2,56766.620833333334
17,157.0,-0.02,9,617.2,56766.62152777778
18,135.0,-0.02,9,617.2,56766.62222222222
19,105.0,-0.02,9,617.1,56766.62291666667
20,137.0,-0.02,9,617.2,56766.623611111114
19,112.0,0.02,9,617.2,56766.62430555555
19,149.0,0.05,9,617.2,56766.625
19,134.0,0.09,8,617.2,56766.62569444445
18,141.0,0.14,9,617.2,56766.626388888886
17,134.0,0.17,9,617.2,56766.62708333333
18,132.0,0.17,9,617.2,56766.62777777778
17,131.0,0.16,9,617.2,56766.62847222222
19,134.0,0.15,9,617.2,56766.629166666666
21,140.0,0.13,9,617.3,56766.62986111111
19,132.0,0.13,9,617.3,56766.63055555556
20,138.0,0.15,9,617.3,56766.63125
20,129.0,0.17,9,617.3,56766.631944444445
19,133.0,0.19,9,617.3,56766.63263888889
18,140.0,0.19,9,617.4,56766.63333333333
19,130.0,0.21,9,617.4,56766.63402777778
20,133.0,0.22,8,617.4,56766.634722222225
17,157.0,0.26,8,617.4,56766.635416666664
16,133.0,0.29,8,617.5,56766.63611111111
18,141.0,0.32,8,617.5,56766.63680555556
16,132.0,0.35,8,617.5,56766.6375
16,130.0,0.38,8,617.5,56766.638194444444
17,140.0,0.4,8,617.5,56766.63888888889
16,126.0,0.41,8,617.5,56766.63958333333
17,144.0,0.43,8,617.5,56766.64027777778
17,116.0,0.48,8,617.6,56766.64097222222
16,131.0,0.54,8,617.6,56766.64166666667
16,131.0,0.59,8,617.6,56766.64236111111
16,120.0,0.63,7,617.6,56766.643055555556
17,116.0,0.67,7,617.6,56766.64375
16,141.0,0.72,7,617.6,56766.64444444444
14,120.0,0.77,7,617.6,56766.64513888889
17,124.0,0.81,7,617.6,56766.645833333336
17,138.0,0.85,7,617.6,56766.646527777775
18,90.0,0.89,7,617.6,56766.64722222222
19,135.0,0.92,7,617.6,56766.64791666667
19,119.0,0.94,7,617.6,56766.64861111111
19,129.0,0.95,7,617.6,56766.649305555555
17,110.0,0.95,8,617.6,56766.65
21,124.0,0.93,8,617.6,56766.65069444444
18,143.0,0.93,7,617.6,56766.65138888889
16,106.0,0.94,8,617.7,56766.652083333334
16,130.0,0.94,8,617.7,56766.65277777778
17,134.0,0.93,8,617.7,56766.65347222222
16,158.0,0.93,7,617.7,56766.65416666667
17,110.0,0.92,7,617.7,56766.654861111114
17,117.0,0.92,7,617.7,56766.65555555555
17,134.0,0.93,7,617.7,56766.65625
18,129.0,0.96,7,617.7,56766.65694444445
15,141.0,1.0,7,617.8,56766.657638888886
16,130.0,1.04,8,617.7,56766.65833333333
19,127.0,1.05,8,617.7,56766.65902777778
18,116.0,1.05,8,617.7,56766.65972222222
20,130.0,1.04,8,617.7,56766.660416666666
16,137.0,1.02,8,617.7,56766.66111111111
16,147.0,1.02,8,617.7,56766.66180555556
16,121.0,1.02,8,617.7,56766.6625
19,108.0,1.02,8,617.8,56766.663194444445
19,130.0,1.04,8,617.8,56766.66388888889
18,108.0,1.07,8,617.7,56766.66458333333
17,131.0,1.1,8,617.8,56766.66527777778
17,127.0,1.11,8,617.8,56766.665972222225
15,131.0,1.13,8,617.8,56766.666666666664
14,137.0,1.14,8,617.8,56766.66736111111
15,140.0,1.14,8,617.8,56766.66805555556
16,119.0,1.12,8,617.8,56766.66875
18,126.0,1.11,8,617.9,56766.669444444444
17,139.0,1.12,8,617.9,56766.67013888889
13,148.0,1.14,9,617.9,56766.67083333333
12,122.0,1.16,9,617.9,56766.67152777778
17,116.0,1.16,9,617.9,56766.67222222222
17,79.0,1.17,9,617.9,56766.67291666667
18,120.0,1.18,8,617.9,56766.67361111111
14,161.0,1.22,8,618.0,56766.674305555556
12,106.0,1.28,8,618.0,56766.675
14,110.0,1.34,8,618.0,56766.67569444444
16,122.0,1.39,8,618.0,56766.67638888889
17,137.0,1.43,8,618.0,56766.677083333336
19,114.0,1.47,8,618.0,56766.677777777775
18,113.0,1.49,8,618.0,56766.67847222222
13,140.0,1.52,8,618.0,56766.67916666667
13,127.0,1.54,8,618.0,56766.67986111111
14,118.0,1.52,9,618.0,56766.680555555555
17,107.0,1.49,9,618.0,56766.68125
18,109.0,1.47,8,618.0,56766.68194444444
19,106.0,1.47,8,618.0,56766.68263888889
16,108.0,1.5,8,618.0,56766.683333333334
13,130.0,1.55,8,618.1,56766.68402777778
16,104.0,1.6,8,618.1,56766.68472222222
15,131.0,1.65,8,618.1,56766.68541666667
15,132.0,1.69,8,618.1,56766.686111111114
13,130.0,1.74,8,618.1,56766.68680555555
14,139.0,1.77,8,618.1,56766.6875
13,121.0,1.8,8,618.2,56766.68819444445
15,121.0,1.81,8,618.1,56766.688888888886
16,130.0,1.84,8,618.2,56766.68958333333
16,140.0,1.87,8,618.2,56766.69027777778
15,127.0,1.92,7,618.2,56766.69097222222
14,124.0,1.99,7,618.2,56766.691666666666
14,119.0,2.06,7,618.3,56766.69236111111
15,113.0,2.11,8,618.2,56766.69305555556
19,125.0,2.16,7,618.2,56766.69375
16,137.0,2.23,7,618.3,56766.694444444445
15,120.0,2.3,7,618.3,56766.69513888889
14,127.0,2.36,7,618.3,56766.69583333333
17,118.0,2.4,7,618.3,56766.69652777778
18,126.0,2.43,7,618.3,56766.697222222225
15,135.0,2.45,7,618.3,56766.697916666664
15,139.0,2.47,7,618.3,56766.69861111111
15,104.0,2.49,7,618.4,56766.69930555556
13,116.0,2.52,7,618.4,56766.7
13,119.0,2.56,7,618.4,56766.700694444444
14,101.0,2.59,7,618.4,56766.70138888889
17,117.0,2.62,7,618.4,56766.70208333333
17,130.0,2.66,7,618.4,56766.70277777778
16,116.0,2.7,7,618.4,56766.70347222222
16,121.0,2.74,7,618.4,56766.70416666667
13,118.0,2.78,7,618.5,56766.70486111111
14,122.0,2.81,7,618.5,56766.705555555556
12,136.0,2.82,7,618.5,56766.70625
12,115.0,2.83,7,618.4,56766.70694444444
12,136.0,2.82,7,618.5,56766.70763888889
14,108.0,2.82,7,618.5,56766.708333333336
15,135.0,2.82,7,618.5,56766.709027777775
15,118.0,2.82,7,618.5,56766.70972222222
15,128.0,2.81,7,618.5,56766.71041666667
16,119.0,2.82,7,618.5,56766.71111111111
17,145.0,2.84,7,618.5,56766.711805555555
16,135.0,2.88,7,618.5,56766.7125
13,127.0,2.91,7,618.6,56766.71319444444
13,114.0,2.93,7,618.6,56766.71388888889
13,126.0,2.94,7,618.6,56766.714583333334
13,112.0,2.95,7,618.6,56766.71527777778
13,127.0,2.99,7,618.6,56766.71597222222
10,129.0,3.03,7,618.7,56766.71666666667
9,113.0,3.07,7,618.7,56766.717361111114
9,139.0,3.12,7,618.7,56766.71805555555
11,131.0,3.17,7,618.7,56766.71875
14,137.0,3.23,7,618.7,56766.71944444445
16,124.0,3.31,7,618.7,56766.720138888886
18,127.0,3.41,7,618.7,56766.72083333333
16,116.0,3.53,6,618.7,56766.72152777778
15,122.0,3.64,6,618.7,56766.72222222222
17,112.0,3.75,6,618.7,56766.722916666666
16,113.0,3.85,6,618.7,56766.72361111111
17,119.0,3.93,6,618.7,56766.72430555556
16,120.0,4.02,6,618.7,56766.725
16,132.0,4.1,6,618.7,56766.725694444445
15,116.0,4.16,6,618.7,56766.72638888889
16,120.0,4.24,6,618.7,56766.72708333333
17,118.0,4.31,6,618.7,56766.72777777778
17,116.0,4.38,6,618.8,56766.728472222225
19,128.0,4.42,6,618.8,56766.729166666664
15,134.0,4.45,6,618.8,56766.72986111111
14,116.0,4.48,6,618.8,56766.73055555556
15,124.0,4.5,6,618.8,56766.73125
12,126.0,4.51,6,618.8,56766.731944444444
12,127.0,4.51,7,618.8,56766.73263888889
14,117.0,4.5,7,618.8,56766.73333333333
19,118.0,4.51,7,618.9,56766.73402777778
17,150.0,4.55,7,618.9,56766.73472222222
12,122.0,4.6,6,618.8,56766.73541666667
14,118.0,4.65,6,618.8,56766.73611111111
16,117.0,4.71,7,618.8,56766.736805555556
16,115.0,4.75,6,618.8,56766.7375
16,130.0,4.77,6,618.9,56766.73819444444
15,134.0,4.77,6,618.8,56766.73888888889
16,126.0,4.75,6,618.8,56766.739583333336
15,132.0,4.74,6,618.9,56766.740277777775
12,117.0,4.74,6,618.9,56766.74097222222
15,123.0,4.75,7,618.8,56766.74166666667
15,125.0,4.79,7,618.8,56766.74236111111
16,128.0,4.84,7,618.8,56766.743055555555
15,128.0,4.9,6,618.8,56766.74375
13,114.0,4.95,6,618.8,56766.74444444444
15,123.0,5.01,7,618.9,56766.74513888889
17,142.0,5.07,6,618.9,56766.745833333334
17,116.0,5.11,6,618.8,56766.74652777778
19,129.0,5.16,6,618.9,56766.74722222222
17,130.0,5.19,6,618.9,56766.74791666667
20,143.0,5.22,6,618.9,56766.748611111114
17,144.0,5.23,6,618.9,56766.74930555555
15,117.0,5.22,6,618.9,56766.75
14,106.0,5.18,6,618.9,56766.75069444445
13,115.0,5.08,6,618.9,56766.751388888886
13,146.0,4.96,7,618.9,56766.75208333333
12,111.0,4.85,7,618.9,56766.75277777778
14,111.0,4.77,7,618.9,56766.75347222222
14,125.0,4.7,7,618.9,56766.754166666666
14,122.0,4.64,7,618.9,56766.75486111111
16,114.0,4.61,7,618.9,56766.75555555556
15,121.0,4.59,7,618.9,56766.75625
15,104.0,4.61,7,618.9,56766.756944444445
17,106.0,4.66,7,618.9,56766.75763888889
17,155.0,4.72,7,618.9,56766.75833333333
15,118.0,4.76,7,618.9,56766.75902777778
17,122.0,4.81,7,618.9,56766.759722222225
20,124.0,4.86,7,618.9,56766.760416666664
19,115.0,4.91,6,619.0,56766.76111111111
16,129.0,4.92,6,619.0,56766.76180555556
16,129.0,4.93,7,618.9,56766.7625
18,112.0,4.95,7,619.0,56766.763194444444
17,121.0,4.96,7,619.0,56766.76388888889
17,113.0,4.98,7,619.0,56766.76458333333
16,134.0,5.01,7,618.9,56766.76527777778
15,125.0,5.04,7,619.0,56766.76597222222
17,119.0,5.09,7,619.0,56766.76666666667
23,125.0,5.14,7,618.9,56766.76736111111
23,109.0,5.22,7,618.9,56766.768055555556
22,125.0,5.31,6,619.0,56766.76875
18,117.0,5.38,6,619.0,56766.76944444444
20,122.0,5.43,6,619.0,56766.77013888889
20,126.0,5.49,6,619.0,56766.770833333336
20,115.0,5.53,6,619.0,56766.771527777775
18,126.0,5.54,6,619.0,56766.77222222222
17,125.0,5.55,7,619.0,56766.77291666667
19,108.0,5.54,7,619.0,56766.77361111111
15,116.0,5.56,6,619.1,56766.774305555555
15,118.0,5.59,7,619.1,56766.775
17,126.0,5.63,7,619.1,56766.77569444444
15,94.0,5.65,6,619.1,56766.77638888889
15,116.0,5.65,6,619.1,56766.777083333334
17,134.0,5.65,6,619.1,56766.77777777778
19,109.0,5.67,6,619.0,56766.77847222222
16,120.0,5.71,6,619.1,56766.77916666667
13,130.0,5.72,6,619.1,56766.779861111114
17,110.0,5.73,7,619.1,56766.78055555555
17,110.0,5.77,7,619.1,56766.78125
19,116.0,5.82,6,619.1,56766.78194444445
22,91.0,5.86,6,619.0,56766.782638888886
21,119.0,5.94,6,619.0,56766.78333333333
19,130.0,6.03,6,619.0,56766.78402777778
19,105.0,6.11,6,619.0,56766.78472222222
19,116.0,6.16,6,619.0,56766.785416666666
23,125.0,6.2,6,619.0,56766.78611111111
21,106.0,6.21,6,619.1,56766.78680555556
17,102.0,6.19,6,619.1,56766.7875
16,102.0,6.15,7,619.1,56766.788194444445
18,114.0,6.1,7,619.1,56766.78888888889
16,117.0,6.05,7,619.1,56766.78958333333
18,125.0,6.01,8,619.1,56766.79027777778
19,115.0,5.99,7,619.1,56766.790972222225
19,139.0,5.98,7,619.0,56766.791666666664
23,121.0,5.99,7,619.0,56766.79236111111
19,123.0,5.99,7,619.0,56766.79305555556
21,121.0,6.01,8,619.0,56766.79375
21,111.0,6.05,7,619.1,56766.794444444444
19,124.0,6.05,8,619.1,56766.79513888889
21,136.0,6.05,7,619.1,56766.79583333333
19,116.0,6.05,7,619.1,56766.79652777778
18,124.0,6.03,7,619.1,56766.79722222222
20,121.0,6.02,7,619.0,56766.79791666667
20,125.0,6.02,7,619.1,56766.79861111111
22,129.0,6.02,7,619.1,56766.799305555556
21,115.0,6.03,7,619.1,56766.8
24,121.0,6.05,7,619.1,56766.80069444444
24,128.0,6.06,7,619.0,56766.80138888889
20,110.0,6.08,7,619.1,56766.802083333336
19,119.0,6.07,8,619.1,56766.802777777775
23,119.0,6.05,7,619.1,56766.80347222222
20,135.0,6.03,7,619.1,56766.80416666667
18,134.0,6.05,7,619.1,56766.80486111111
18,127.0,6.08,8,619.2,56766.805555555555
19,118.0,6.13,8,619.2,56766.80625
19,118.0,6.18,8,619.2,56766.80694444444
19,131.0,6.23,8,619.2,56766.80763888889
19,115.0,6.29,8,619.2,56766.808333333334
21,132.0,6.37,8,619.2,56766.80902777778
18,122.0,6.43,8,619.2,56766.80972222222
19,130.0,6.45,8,619.1,56766.81041666667
19,108.0,6.47,7,619.2,56766.811111111114
19,133.0,6.46,8,619.2,56766.81180555555
19,156.0,6.43,8,619.2,56766.8125
18,140.0,6.45,8,619.2,56766.81319444445
18,113.0,6.52,8,619.2,56766.813888888886
19,115.0,6.58,8,619.1,56766.81458333333
19,119.0,6.61,8,619.2,56766.81527777778
17,137.0,6.64,8,619.2,56766.81597222222
16,89.0,6.67,8,619.2,56766.816666666666
21,119.0,6.72,8,619.2,56766.81736111111
18,103.0,6.74,8,619.3,56766.81805555556
19,102.0,6.75,8,619.2,56766.81875
19,145.0,6.75,8,619.2,56766.819444444445
18,113.0,6.75,9,619.3,56766.82013888889
21,126.0,6.75,8,619.2,56766.82083333333
21,115.0,6.73,8,619.2,56766.82152777778
18,136.0,6.71,7,619.2,56766.822222222225
16,136.0,6.69,8,619.3,56766.822916666664
18,106.0,6.69,8,619.3,56766.82361111111
16,119.0,6.66,8,619.3,56766.82430555556
16,101.0,6.61,9,619.3,56766.825
18,143.0,6.55,9,619.3,56766.825694444444
14,119.0,6.5,8,619.3,56766.82638888889
16,117.0,6.5,9,619.3,56766.82708333333
20,112.0,6.53,9,619.3,56766.82777777778
20,128.0,6.56,8,619.2,56766.82847222222
19,125.0,6.58,8,619.2,56766.82916666667
19,142.0,6.58,8,619.2,56766.82986111111
13,104.0,6.56,7,619.3,56766.830555555556
17,140.0,6.5,8,619.3,56766.83125
16,116.0,6.46,8,619.3,56766.83194444444
20,119.0,6.42,8,619.3,56766.83263888889
18,126.0,6.41,7,619.3,56766.833333333336
19,119.0,6.39,7,619.3,56766.834027777775
17,121.0,6.35,7,619.3,56766.83472222222
14,160.0,6.3,8,619.3,56766.83541666667
13,114.0,6.27,9,619.4,56766.83611111111
16,118.0,6.29,9,619.3,56766.836805555555
19,127.0,6.36,8,619.3,56766.8375
18,111.0,6.47,8,619.3,56766.83819444444
18,125.0,6.55,7,619.3,56766.83888888889
17,108.0,6.6,7,619.3,56766.839583333334
17,118.0,6.64,7,619.3,56766.84027777778
19,104.0,6.68,7,619.3,56766.84097222222
18,120.0,6.73,7,619.3,56766.84166666667
19,116.0,6.75,7,619.3,56766.842361111114
22,124.0,6.73,7,619.3,56766.84305555555
21,115.0,6.72,7,619.3,56766.84375
21,116.0,6.7,7,619.3,56766.84444444445
21,129.0,6.67,7,619.2,56766.845138888886
20,136.0,6.63,6,619.2,56766.84583333333
18,132.0,6.58,6,619.2,56766.84652777778
20,113.0,6.52,7,619.2,56766.84722222222
20,126.0,6.47,7,619.2,56766.847916666666
17,119.0,6.42,6,619.2,56766.84861111111
20,117.0,6.4,7,619.2,56766.84930555556
19,112.0,6.42,8,619.2,56766.85
18,120.0,6.4,8,619.2,56766.850694444445
16,126.0,6.41,8,619.2,56766.85138888889
20,119.0,6.44,8,619.2,56766.85208333333
19,127.0,6.46,7,619.2,56766.85277777778
21,123.0,6.48,7,619.2,56766.853472222225
16,112.0,6.46,7,619.2,56766.854166666664
19,108.0,6.43,7,619.2,56766.85486111111
20,123.0,6.39,7,619.2,56766.85555555556
20,123.0,6.37,7,619.2,56766.85625
20,130.0,6.35,7,619.2,56766.856944444444
19,117.0,6.29,7,619.1,56766.85763888889
19,104.0,6.26,8,619.2,56766.85833333333
17,163.0,6.23,8,619.1,56766.85902777778
17,121.0,6.23,9,619.2,56766.85972222222
18,125.0,6.24,8,619.2,56766.86041666667
19,114.0,6.23,8,619.2,56766.86111111111
20,131.0,6.21,8,619.2,56766.861805555556
14,158.0,6.21,8,619.1,56766.8625
17,112.0,6.27,9,619.1,56766.86319444444
20,124.0,6.36,9,619.1,56766.86388888889
20,142.0,6.43,9,619.1,56766.864583333336
16,129.0,6.5,8,619.1,56766.865277777775
16,106.0,6.58,9,619.1,56766.86597222222
21,125.0,6.65,8,619.1,56766.86666666667
17,104.0,6.72,9,619.1,56766.86736111111
18,117.0,6.75,9,619.1,56766.868055555555
17,126.0,6.75,9,619.1,56766.86875
19,115.0,6.73,9,619.1,56766.86944444444
18,107.0,6.72,8,619.0,56766.87013888889
23,132.0,6.72,8,619.0,56766.870833333334
23,144.0,6.75,8,619.0,56766.87152777778
18,119.0,6.78,8,619.0,56766.87222222222
22,131.0,6.8,9,619.0,56766.87291666667
23,124.0,6.79,8,619.0,56766.873611111114
22,133.0,6.76,8,619.0,56766.87430555555
20,119.0,6.73,10,619.0,56766.875
22,120.0,6.72,11,619.0,56766.87569444445
21,128.0,6.7,10,618.9,56766.876388888886
21,116.0,6.75,10,619.0,56766.87708333333
23,115.0,6.8,10,619.0,56766.87777777778
21,125.0,6.8,10,619.0,56766.87847222222
20,116.0,6.74,11,619.0,56766.879166666666
19,114.0,6.65,9,618.9,56766.87986111111
18,112.0,6.56,8,619.0,56766.88055555556
20,102.0,6.51,10,618.9,56766.88125
22,120.0,6.49,9,618.9,56766.881944444445
19,130.0,6.46,10,618.9,56766.88263888889
24,129.0,6.43,9,618.9,56766.88333333333
23,108.0,6.42,9,618.9,56766.88402777778
20,111.0,6.42,10,618.9,56766.884722222225
19,127.0,6.37,10,618.9,56766.885416666664
21,113.0,6.3,10,618.9,56766.88611111111
22,116.0,6.32,10,618.9,56766.88680555556
24,116.0,6.37,8,618.8,56766.8875
18,122.0,6.42,8,618.9,56766.888194444444
18,110.0,6.46,10,618.9,56766.88888888889
22,115.0,6.5,10,618.9,56766.88958333333
25,123.0,6.53,9,618.9,56766.89027777778
18,113.0,6.51,9,618.9,56766.89097222222
20,118.0,6.45,10,618.9,56766.89166666667
20,134.0,6.39,9,618.9,56766.89236111111
20,136.0,6.39,10,618.9,56766.893055555556
18,114.0,6.39,10,618.9,56766.89375
20,144.0,6.39,10,618.9,56766.89444444444
15,118.0,6.37,11,618.8,56766.89513888889
19,104.0,6.4,12,618.8,56766.895833333336
22,101.0,6.42,11,618.7,56766.896527777775
19,104.0,6.45,9,618.8,56766.89722222222
21,122.0,6.52,10,618.8,56766.89791666667
18,115.0,6.57,10,618.8,56766.89861111111
16,141.0,6.57,11,618.8,56766.899305555555
15,103.0,6.58,12,618.8,56766.9
17,129.0,6.61,11,618.9,56766.90069444444
16,104.0,6.63,10,618.9,56766.90138888889
20,118.0,6.67,12,618.9,56766.902083333334
19,120.0,6.7,12,618.8,56766.90277777778
19,102.0,6.71,13,618.8,56766.90347222222
20,106.0,6.72,12,618.7,56766.90416666667
23,141.0,6.75,11,618.6,56766.904861111114
19,107.0,6.78,8,618.7,56766.90555555555
18,107.0,6.82,10,618.7,56766.90625
17,124.0,6.85,11,618.7,56766.90694444445
17,129.0,6.86,13,618.7,56766.907638888886
17,122.0,6.81,14,618.7,56766.90833333333
21,135.0,6.74,11,618.7,56766.90902777778
15,154.0,6.66,11,618.7,56766.90972222222
18,142.0,6.61,11,618.7,56766.910416666666
17,116.0,6.58,12,618.7,56766.91111111111
21,118.0,6.56,11,618.7,56766.91180555556
16,157.0,6.54,10,618.7,56766.9125
16,128.0,6.54,13,618.7,56766.913194444445
18,137.0,6.59,14,618.7,56766.91388888889
20,122.0,6.63,11,618.7,56766.91458333333
15,95.0,6.65,10,618.7,56766.91527777778
17,125.0,6.71,13,618.7,56766.915972222225
20,126.0,6.73,9,618.6,56766.916666666664
14,102.0,6.76,8,618.6,56766.91736111111
17,114.0,6.83,9,618.6,56766.91805555556
20,143.0,6.94,8,618.6,56766.91875
19,109.0,7.01,8,618.6,56766.919444444444
18,131.0,7.08,8,618.6,56766.92013888889
19,138.0,7.15,9,618.6,56766.92083333333
18,129.0,7.18,11,618.6,56766.92152777778
20,55.0,7.14,9,618.6,56766.92222222222
21,131.0,7.09,8,618.6,56766.92291666667
20,134.0,7.06,7,618.6,56766.92361111111
17,132.0,7.07,10,618.6,56766.924305555556
18,100.0,7.06,10,618.6,56766.925
24,109.0,7.03,9,618.6,56766.92569444444
20,121.0,7.0,8,618.6,56766.92638888889
20,127.0,6.99,8,618.6,56766.927083333336
20,125.0,6.98,8,618.6,56766.927777777775
22,112.0,6.97,8,618.6,56766.92847222222
21,125.0,6.95,8,618.6,56766.92916666667
21,122.0,6.91,7,618.5,56766.92986111111
20,129.0,6.86,7,618.5,56766.930555555555
19,106.0,6.86,8,618.5,56766.93125
19,122.0,6.92,9,618.6,56766.93194444444
21,118.0,6.98,10,618.5,56766.93263888889
19,107.0,7.03,11,618.5,56766.933333333334
20,112.0,7.07,11,618.6,56766.93402777778
17,117.0,7.13,9,618.5,56766.93472222222
19,123.0,7.21,8,618.5,56766.93541666667
18,96.0,7.29,9,618.5,56766.936111111114
18,117.0,7.37,10,618.5,56766.93680555555
16,135.0,7.44,11,618.6,56766.9375
22,106.0,7.48,10,618.5,56766.93819444445
21,120.0,7.46,9,618.5,56766.938888888886
21,121.0,7.46,11,618.6,56766.93958333333
19,123.0,7.41,12,618.5,56766.94027777778
21,131.0,7.32,10,618.5,56766.94097222222
17,118.0,7.24,10,618.6,56766.941666666666
20,120.0,7.18,10,618.6,56766.94236111111
20,121.0,7.14,11,618.5,56766.94305555556
20,111.0,7.12,11,618.5,56766.94375
21,106.0,7.08,10,618.5,56766.944444444445
19,124.0,7.04,10,618.5,56766.94513888889
19,121.0,7.03,11,618.5,56766.94583333333
20,93.0,7.04,11,618.5,56766.94652777778
22,120.0,7.07,9,618.5,56766.947222222225
20,94.0,7.15,9,618.5,56766.947916666664
21,123.0,7.23,10,618.5,56766.94861111111
21,120.0,7.26,8,618.5,56766.94930555556
20,108.0,7.29,9,618.5,56766.95
19,115.0,7.32,10,618.6,56766.950694444444
20,108.0,7.34,9,618.6,56766.95138888889
19,109.0,7.35,9,618.5,56766.95208333333
21,126.0,7.37,9,618.5,56766.95277777778
22,121.0,7.39,9,618.6,56766.95347222222
21,108.0,7.42,9,618.6,56766.95416666667
22,104.0,7.47,10,618.5,56766.95486111111
22,104.0,7.48,8,618.5,56766.955555555556
23,118.0,7.49,8,618.5,56766.95625
22,117.0,7.53,8,618.5,56766.95694444444
21,112.0,7.55,9,618.5,56766.95763888889
22,112.0,7.54,10,618.5,56766.958333333336
21,113.0,7.53,11,618.5,56766.959027777775
22,114.0,7.49,10,618.5,56766.95972222222
22,99.0,7.43,8,618.5,56766.96041666667
21,118.0,7.38,8,618.5,56766.96111111111
21,125.0,7.36,8,618.5,56766.961805555555
22,120.0,7.37,7,618.5,56766.9625
21,112.0,7.4,7,618.5,56766.96319444444
19,117.0,7.42,7,618.5,56766.96388888889
20,113.0,7.43,8,618.5,56766.964583333334
18,100.0,7.44,8,618.5,56766.96527777778
20,120.0,7.46,8,618.5,56766.96597222222
20,115.0,7.49,7,618.5,56766.96666666667
18,123.0,7.54,7,618.5,56766.967361111114
19,107.0,7.58,7,618.5,56766.96805555555
19,106.0,7.58,7,618.5,56766.96875
19,119.0,7.58,6,618.5,56766.96944444445
19,113.0,7.59,7,618.5,56766.970138888886
18,120.0,7.64,8,618.5,56766.97083333333
18,116.0,7.68,9,618.5,56766.97152777778
18,116.0,7.71,10,618.5,56766.97222222222
19,103.0,7.72,9,618.5,56766.972916666666
18,116.0,7.7,10,618.5,56766.97361111111
18,119.0,7.66,9,618.5,56766.97430555556
16,117.0,7.61,10,618.5,56766.975
16,114.0,7.58,10,618.5,56766.975694444445
17,124.0,7.58,9,618.5,56766.97638888889
16,129.0,7.58,8,618.5,56766.97708333333
16,140.0,7.58,8,618.5,56766.97777777778
14,111.0,7.58,8,618.5,56766.978472222225
14,107.0,7.57,8,618.5,56766.979166666664
14,117.0,7.57,8,618.5,56766.97986111111
17,112.0,7.6,7,618.5,56766.98055555556
14,129.0,7.61,7,618.5,56766.98125
18,112.0,7.62,8,618.4,56766.981944444444
17,120.0,7.61,7,618.4,56766.98263888889
18,115.0,7.58,7,618.4,56766.98333333333
16,118.0,7.55,7,618.4,56766.98402777778
18,115.0,7.52,8,618.4,56766.98472222222
16,113.0,7.48,10,618.4,56766.98541666667
19,101.0,7.42,10,618.4,56766.98611111111
18,116.0,7.35,9,618.4,56766.986805555556
19,110.0,7.28,8,618.4,56766.9875
19,118.0,7.23,9,618.4,56766.98819444444
17,151.0,7.19,9,618.3,56766.98888888889
18,121.0,7.17,9,618.3,56766.989583333336
18,109.0,7.18,9,618.3,56766.990277777775
21,109.0,7.25,11,618.3,56766.99097222222
21,107.0,7.35,11,618.3,56766.99166666667
19,104.0,7.44,10,618.3,56766.99236111111
20,118.0,7.47,10,618.2,56766.993055555555
23,118.0,7.5,9,618.2,56766.99375
20,117.0,7.53,9,618.2,56766.99444444444
19,117.0,7.58,9,618.2,56766.99513888889
20,123.0,7.61,9,618.1,56766.995833333334
21,107.0,7.62,8,618.1,56766.99652777778
21,107.0,7.64,9,618.1,56766.99722222222
23,114.0,7.61,9,618.1,56766.99791666667
20,103.0,7.56,10,618.1,56766.998611111114
19,100.0,7.52,11,618.1,56766.99930555555
24,119.0,7.52,11,618.1,56767.0
22,115.0,7.54,10,618.1,56767.00069444445
21,93.0,7.53,9,618.1,56767.001388888886
23,124.0,7.53,10,618.1,56767.00208333333
20,122.0,7.51,11,618.1,56767.00277777778
21,123.0,7.45,10,618.1,56767.00347222222
20,127.0,7.41,11,618.1,56767.004166666666
21,107.0,7.34,10,618.1,56767.00486111111
20,107.0,7.27,10,618.1,56767.00555555556
21,111.0,7.19,11,618.1,56767.00625
22,117.0,7.14,12,618.1,56767.006944444445
21,108.0,7.07,9,618.1,56767.00763888889
20,119.0,7.02,9,618.0,56767.00833333333
21,111.0,6.99,10,618.0,56767.00902777778
17,116.0,6.96,11,618.1,56767.009722222225
21,124.0,6.92,12,618.1,56767.010416666664
21,109.0,6.88,12,618.0,56767.01111111111
20,112.0,6.89,13,618.0,56767.01180555556
18,118.0,6.89,14,618.0,56767.0125
19,114.0,6.85,13,618.0,56767.013194444444
20,117.0,6.84,13,618.1,56767.01388888889
19,104.0,6.82,11,618.1,56767.01458333333
19,124.0,6.81,11,618.0,56767.01527777778
19,115.0,6.78,9,618.1,56767.01597222222
19,101.0,6.74,9,618.0,56767.01666666667
22,110.0,6.69,9,618.0,56767.01736111111
20,108.0,6.61,9,618.1,56767.018055555556
20,118.0,6.55,9,618.0,56767.01875
21,123.0,6.54,9,618.0,56767.01944444444
19,107.0,6.54,8,618.0,56767.02013888889
22,116.0,6.57,8,618.0,56767.020833333336
20,115.0,6.59,9,618.0,56767.021527777775
18,101.0,6.61,11,618.1,56767.02222222222
21,114.0,6.64,12,618.1,56767.02291666667
21,116.0,6.66,10,618.0,56767.02361111111
19,110.0,6.68,10,618.0,56767.024305555555
20,103.0,6.69,11,618.0,56767.025
21,123.0,6.68,12,618.0,56767.02569444444
19,111.0,6.69,14,618.0,56767.02638888889
22,105.0,6.69,14,618.0,56767.027083333334
20,119.0,6.67,14,618.0,56767.02777777778
21,117.0,6.66,11,618.0,56767.02847222222
21,119.0,6.66,11,618.0,56767.02916666667
22,104.0,6.69,11,618.0,56767.029861111114
20,106.0,6.72,14,618.0,56767.03055555555
21,99.0,6.73,12,618.0,56767.03125
21,117.0,6.72,10,618.0,56767.03194444445
21,114.0,6.7,10,618.0,56767.032638888886
20,124.0,6.67,11,618.0,56767.03333333333
19,119.0,6.63,12,618.0,56767.03402777778
21,106.0,6.62,12,618.0,56767.03472222222
21,120.0,6.63,12,618.0,56767.035416666666
21,125.0,6.64,12,618.0,56767.03611111111
20,94.0,6.69,12,618.0,56767.03680555556
20,118.0,6.75,11,618.0,56767.0375
22,115.0,6.76,9,618.0,56767.038194444445
23,124.0,6.79,10,618.0,56767.03888888889
22,101.0,6.81,11,617.9,56767.03958333333
19,128.0,6.79,13,618.0,56767.04027777778
20,109.0,6.75,11,618.0,56767.040972222225
20,113.0,6.72,10,618.0,56767.041666666664
19,118.0,6.69,10,618.0,56767.04236111111
20,113.0,6.66,11,618.0,56767.04305555556
21,102.0,6.62,9,618.0,56767.04375
20,110.0,6.61,9,617.9,56767.044444444444
21,120.0,6.62,10,617.9,56767.04513888889
22,112.0,6.63,11,617.9,56767.04583333333
23,111.0,6.63,10,617.9,56767.04652777778
23,115.0,6.63,9,617.9,56767.04722222222
22,119.0,6.63,9,618.0,56767.04791666667
23,95.0,6.65,9,618.0,56767.04861111111
23,118.0,6.65,9,617.9,56767.049305555556
22,127.0,6.66,9,617.9,56767.05
22,124.0,6.63,9,617.9,56767.05069444444
19,131.0,6.62,9,617.9,56767.05138888889
23,110.0,6.6,9,617.9,56767.052083333336
23,118.0,6.56,9,617.9,56767.052777777775
24,103.0,6.54,9,617.9,56767.05347222222
24,88.0,6.52,9,617.9,56767.05416666667
22,87.0,6.49,10,617.9,56767.05486111111
23,113.0,6.46,11,617.9,56767.055555555555
22,107.0,6.43,11,617.9,56767.05625
22,106.0,6.39,11,617.9,56767.05694444444
19,119.0,6.36,10,617.9,56767.05763888889
21,102.0,6.33,12,617.9,56767.058333333334
23,125.0,6.3,11,617.9,56767.05902777778
23,118.0,6.26,10,617.9,56767.05972222222
23,108.0,6.23,10,617.9,56767.06041666667
21,85.0,6.18,10,617.9,56767.061111111114
25,104.0,6.14,10,617.9,56767.06180555555
22,103.0,6.11,13,617.9,56767.0625
20,104.0,6.06,14,617.9,56767.06319444445
20,136.0,6.01,14,617.8,56767.063888888886
22,100.0,5.96,13,617.8,56767.06458333333
22,114.0,5.96,12,617.9,56767.06527777778
21,104.0,5.98,13,617.9,56767.06597222222
23,105.0,5.96,11,617.9,56767.066666666666
23,107.0,5.96,11,617.9,56767.06736111111
20,104.0,5.93,11,617.9,56767.06805555556
20,109.0,5.93,11,617.9,56767.06875
20,105.0,5.93,12,617.9,56767.069444444445
22,107.0,5.91,11,617.9,56767.07013888889
22,104.0,5.88,11,617.9,56767.07083333333
20,100.0,5.85,11,617.9,56767.07152777778
20,115.0,5.84,13,617.9,56767.072222222225
24,114.0,5.83,12,617.9,56767.072916666664
23,106.0,5.81,12,617.8,56767.07361111111
21,103.0,5.79,13,617.8,56767.07430555556
21,124.0,5.77,12,617.9,56767.075
21,105.0,5.75,12,617.9,56767.075694444444
21,108.0,5.74,12,617.9,56767.07638888889
22,118.0,5.76,13,617.9,56767.07708333333
23,107.0,5.79,12,617.9,56767.07777777778
21,120.0,5.82,12,617.9,56767.07847222222
22,92.0,5.84,12,617.9,56767.07916666667
21,112.0,5.84,13,617.9,56767.07986111111
21,105.0,5.84,13,617.9,56767.080555555556
18,118.0,5.8,14,617.9,56767.08125
19,97.0,5.76,14,617.9,56767.08194444444
22,103.0,5.72,13,617.9,56767.08263888889
22,113.0,5.68,13,618.0,56767.083333333336
21,108.0,5.65,12,618.0,56767.084027777775
18,118.0,5.63,12,618.0,56767.08472222222
19,107.0,5.6,14,617.9,56767.08541666667
21,100.0,5.58,13,617.9,56767.08611111111
21,129.0,5.57,12,617.9,56767.086805555555
21,107.0,5.57,13,617.9,56767.0875
22,112.0,5.57,13,617.9,56767.08819444444
22,114.0,5.55,13,617.9,56767.08888888889
19,108.0,5.52,13,617.9,56767.089583333334
20,113.0,5.48,14,617.9,56767.09027777778
19,114.0,5.43,13,617.9,56767.09097222222
21,100.0,5.4,14,617.9,56767.09166666667
22,103.0,5.37,12,617.9,56767.092361111114
18,105.0,5.35,12,617.9,56767.09305555555
18,115.0,5.35,13,617.9,56767.09375
20,112.0,5.33,13,617.9,56767.09444444445
20,117.0,5.35,13,617.9,56767.095138888886
22,119.0,5.35,13,617.9,56767.09583333333
21,117.0,5.39,13,617.9,56767.09652777778
22,117.0,5.41,14,617.9,56767.09722222222
17,116.0,5.41,14,617.9,56767.097916666666
21,117.0,5.39,14,617.9,56767.09861111111
19,125.0,5.39,13,617.9,56767.09930555556
17,111.0,5.38,13,617.9,56767.1
19,97.0,5.38,14,617.9,56767.100694444445
18,106.0,5.38,13,617.9,56767.10138888889
19,125.0,5.38,13,617.9,56767.10208333333
18,111.0,5.39,14,617.9,56767.10277777778
20,121.0,5.39,14,617.9,56767.103472222225
20,114.0,5.38,14,617.9,56767.104166666664
18,106.0,5.36,14,617.9,56767.10486111111
20,105.0,5.35,14,617.9,56767.10555555556
20,122.0,5.34,14,617.9,56767.10625
18,104.0,5.33,14,618.0,56767.106944444444
19,109.0,5.31,14,618.0,56767.10763888889
20,108.0,5.29,14,618.0,56767.10833333333
19,125.0,5.27,14,618.0,56767.10902777778
16,113.0,5.24,14,618.0,56767.10972222222
18,108.0,5.23,14,618.0,56767.11041666667
18,128.0,5.21,14,618.0,56767.11111111111
15,116.0,5.2,14,618.0,56767.111805555556
18,115.0,5.2,14,618.0,56767.1125
17,125.0,5.17,14,618.0,56767.11319444444
16,116.0,5.15,15,618.0,56767.11388888889
19,114.0,5.14,14,618.0,56767.114583333336
17,119.0,5.13,14,618.0,56767.115277777775
19,118.0,5.11,14,618.0,56767.11597222222
18,131.0,5.09,14,618.0,56767.11666666667
18,111.0,5.06,15,618.0,56767.11736111111
20,116.0,5.02,15,618.0,56767.118055555555
19,122.0,4.98,14,618.0,56767.11875
18,121.0,4.94,15,618.0,56767.11944444444
19,93.0,4.9,15,618.0,56767.12013888889
20,115.0,4.87,15,618.0,56767.120833333334
18,110.0,4.84,15,618.0,56767.12152777778
15,115.0,4.81,15,618.0,56767.12222222222
18,116.0,4.77,15,618.0,56767.12291666667
18,121.0,4.74,15,618.0,56767.123611111114
17,113.0,4.72,16,618.0,56767.12430555555
17,113.0,4.69,16,618.0,56767.125
19,101.0,4.68,15,618.0,56767.12569444445
20,106.0,4.68,14,618.0,56767.126388888886
19,107.0,4.69,14,618.0,56767.12708333333
18,104.0,4.71,14,618.0,56767.12777777778
15,113.0,4.71,15,618.0,56767.12847222222
18,99.0,4.69,15,618.0,56767.129166666666
19,105.0,4.69,13,618.0,56767.12986111111
16,130.0,4.71,12,618.0,56767.13055555556
17,113.0,4.74,13,618.0,56767.13125
16,126.0,4.78,13,618.0,56767.131944444445
18,110.0,4.81,13,618.0,56767.13263888889
18,106.0,4.83,14,618.0,56767.13333333333
16,117.0,4.85,14,618.0,56767.13402777778
18,115.0,4.84,14,618.1,56767.134722222225
19,117.0,4.83,13,618.1,56767.135416666664
17,78.0,4.83,14,618.1,56767.13611111111
18,115.0,4.81,14,618.1,56767.13680555556
19,119.0,4.79,14,618.1,56767.1375
13,106.0,4.76,13,618.1,56767.138194444444
14,117.0,4.72,14,618.1,56767.13888888889
18,109.0,4.69,15,618.1,56767.13958333333
19,116.0,4.65,15,618.1,56767.14027777778
18,121.0,4.62,15,618.1,56767.14097222222
17,112.0,4.58,15,618.1,56767.14166666667
20,112.0,4.53,15,618.1,56767.14236111111
18,104.0,4.49,15,618.1,56767.143055555556
19,106.0,4.46,15,618.2,56767.14375
18,121.0,4.42,15,618.2,56767.14444444444
21,112.0,4.38,15,618.2,56767.14513888889
18,118.0,4.35,15,618.2,56767.145833333336
18,103.0,4.34,15,618.2,56767.146527777775
20,109.0,4.31,15,618.2,56767.14722222222
20,105.0,4.28,15,618.2,56767.14791666667
20,118.0,4.25,15,618.2,56767.14861111111
18,103.0,4.22,15,618.2,56767.149305555555
18,103.0,4.2,15,618.2,56767.15
19,104.0,4.17,15,618.2,56767.15069444444
16,110.0,4.13,16,618.3,56767.15138888889
16,113.0,4.1,16,618.3,56767.152083333334
15,113.0,4.07,15,618.3,56767.15277777778
18,111.0,4.04,15,618.3,56767.15347222222
18,125.0,4.04,16,618.3,56767.15416666667
19,118.0,4.03,16,618.2,56767.154861111114
17,115.0,4.01,16,618.2,56767.15555555555
20,112.0,4.0,16,618.2,56767.15625
21,105.0,3.98,16,618.2,56767.15694444445
20,101.0,3.95,16,618.2,56767.157638888886
21,105.0,3.93,16,618.3,56767.15833333333
20,109.0,3.9,15,618.3,56767.15902777778
20,103.0,3.89,15,618.3,56767.15972222222
19,105.0,3.87,16,618.3,56767.160416666666
20,117.0,3.85,16,618.3,56767.16111111111
20,105.0,3.82,15,618.3,56767.16180555556
19,129.0,3.8,15,618.4,56767.1625
17,120.0,3.78,16,618.3,56767.163194444445
19,107.0,3.74,16,618.4,56767.16388888889
19,107.0,3.71,16,618.4,56767.16458333333
17,117.0,3.67,16,618.4,56767.16527777778
17,109.0,3.64,16,618.4,56767.165972222225
14,103.0,3.62,16,618.4,56767.166666666664
14,114.0,3.58,16,618.5,56767.16736111111
17,106.0,3.55,16,618.5,56767.16805555556
20,98.0,3.53,16,618.5,56767.16875
22,117.0,3.53,15,618.4,56767.169444444444
24,116.0,3.56,15,618.4,56767.17013888889
20,102.0,3.59,15,618.4,56767.17083333333
18,114.0,3.61,16,618.4,56767.17152777778
21,108.0,3.62,15,618.5,56767.17222222222
19,117.0,3.63,15,618.5,56767.17291666667
14,113.0,3.64,15,618.5,56767.17361111111
14,114.0,3.64,16,618.5,56767.174305555556
14,107.0,3.64,16,618.5,56767.175
18,115.0,3.64,15,618.5,56767.17569444444
19,91.0,3.64,15,618.5,56767.17638888889
14,117.0,3.64,16,618.6,56767.177083333336
18,105.0,3.64,16,618.6,56767.177777777775
19,119.0,3.64,15,618.6,56767.17847222222
16,123.0,3.65,15,618.5,56767.17916666667
18,112.0,3.64,16,618.6,56767.17986111111
18,123.0,3.63,16,618.6,56767.180555555555
14,130.0,3.61,16,618.6,56767.18125
15,116.0,3.59,16,618.6,56767.18194444444
17,109.0,3.56,16,618.6,56767.18263888889
19,107.0,3.54,16,618.7,56767.183333333334
19,108.0,3.52,15,618.6,56767.18402777778
19,121.0,3.52,15,618.7,56767.18472222222
17,119.0,3.54,15,618.7,56767.18541666667
20,112.0,3.54,16,618.7,56767.186111111114
19,107.0,3.54,15,618.8,56767.18680555555
14,126.0,3.55,15,618.8,56767.1875
14,101.0,3.55,16,618.8,56767.18819444445
18,106.0,3.55,15,618.8,56767.188888888886
17,115.0,3.55,15,618.8,56767.18958333333
16,117.0,3.55,15,618.8,56767.19027777778
14,107.0,3.55,15,618.8,56767.19097222222
17,112.0,3.55,16,618.8,56767.191666666666
20,104.0,3.53,16,618.8,56767.19236111111
20,114.0,3.52,15,618.8,56767.19305555556
19,123.0,3.52,15,618.8,56767.19375
11,115.0,3.52,15,618.9,56767.194444444445
16,106.0,3.52,15,618.9,56767.19513888889
14,121.0,3.5,15,618.9,56767.19583333333
14,112.0,3.51,15,618.9,56767.19652777778
12,117.0,3.52,15,618.9,56767.197222222225
14,115.0,3.52,15,618.9,56767.197916666664
14,119.0,3.51,15,618.9,56767.19861111111
15,103.0,3.51,16,619.0,56767.19930555556
16,117.0,3.49,15,619.0,56767.2
12,112.0,3.49,16,619.0,56767.200694444444
15,115.0,3.48,16,619.0,56767.20138888889
12,118.0,3.46,15,619.0,56767.20208333333
16,116.0,3.46,16,619.0,56767.20277777778
18,117.0,3.46,15,619.0,56767.20347222222
17,109.0,3.45,15,619.1,56767.20416666667
14,126.0,3.46,15,619.1,56767.20486111111
9,121.0,3.47,15,619.1,56767.205555555556
10,124.0,3.48,15,619.1,56767.20625
13,106.0,3.49,15,619.1,56767.20694444444
14,107.0,3.49,15,619.1,56767.20763888889
16,116.0,3.48,15,619.1,56767.208333333336
17,106.0,3.47,15,619.1,56767.209027777775
14,104.0,3.48,15,619.1,56767.20972222222
13,109.0,3.48,15,619.1,56767.21041666667
13,116.0,3.48,15,619.1,56767.21111111111
11,120.0,3.49,15,619.2,56767.211805555555
12,109.0,3.48,15,619.2,56767.2125
12,118.0,3.47,15,619.2,56767.21319444444
14,114.0,3.46,15,619.2,56767.21388888889
14,105.0,3.46,15,619.2,56767.214583333334
12,114.0,3.46,15,619.2,56767.21527777778
15,124.0,3.46,15,619.2,56767.21597222222
13,104.0,3.47,15,619.2,56767.21666666667
15,122.0,3.48,15,619.2,56767.217361111114
15,113.0,3.49,15,619.2,56767.21805555555
16,112.0,3.49,15,619.2,56767.21875
16,119.0,3.49,15,619.2,56767.21944444445
15,112.0,3.49,15,619.2,56767.220138888886
15,120.0,3.51,15,619.3,56767.22083333333
11,121.0,3.52,15,619.3,56767.22152777778
12,120.0,3.52,15,619.3,56767.22222222222
12,118.0,3.54,15,619.3,56767.222916666666
12,95.0,3.55,15,619.3,56767.22361111111
12,116.0,3.55,15,619.3,56767.22430555556
13,121.0,3.55,15,619.3,56767.225
11,135.0,3.56,15,619.4,56767.225694444445
10,136.0,3.57,15,619.4,56767.22638888889
10,118.0,3.58,15,619.4,56767.22708333333
12,122.0,3.57,15,619.4,56767.22777777778
14,110.0,3.55,15,619.4,56767.228472222225
10,112.0,3.55,15,619.4,56767.229166666664
11,117.0,3.55,15,619.4,56767.22986111111
13,107.0,3.55,15,619.4,56767.23055555556
13,114.0,3.55,15,619.4,56767.23125
14,119.0,3.55,15,619.4,56767.231944444444
17,115.0,3.57,15,619.4,56767.23263888889
16,117.0,3.58,15,619.4,56767.23333333333
14,109.0,3.6,15,619.4,56767.23402777778
12,118.0,3.61,15,619.4,56767.23472222222
12,124.0,3.61,15,619.4,56767.23541666667
9,118.0,3.62,15,619.5,56767.23611111111
10,118.0,3.64,15,619.5,56767.236805555556
15,115.0,3.64,15,619.4,56767.2375
17,103.0,3.64,15,619.4,56767.23819444444
17,112.0,3.64,15,619.5,56767.23888888889
17,116.0,3.65,15,619.5,56767.239583333336
18,105.0,3.67,15,619.5,56767.240277777775
17,110.0,3.7,15,619.5,56767.24097222222
16,112.0,3.72,15,619.5,56767.24166666667
16,108.0,3.74,15,619.5,56767.24236111111
16,113.0,3.76,15,619.5,56767.243055555555
16,119.0,3.77,15,619.5,56767.24375
16,115.0,3.77,15,619.5,56767.24444444444
16,105.0,3.77,15,619.5,56767.24513888889
15,100.0,3.76,15,619.5,56767.245833333334
15,113.0,3.76,15,619.5,56767.24652777778
16,115.0,3.75,15,619.5,56767.24722222222
15,118.0,3.74,15,619.5,56767.24791666667
16,117.0,3.73,15,619.5,56767.248611111114
17,120.0,3.73,15,619.5,56767.24930555555
18,105.0,3.71,15,619.5,56767.25
17,112.0,3.72,15,619.5,56767.25069444445
16,109.0,3.73,15,619.5,56767.251388888886
13,129.0,3.73,14,619.5,56767.25208333333
10,120.0,3.74,15,619.5,56767.25277777778
10,115.0,3.73,15,619.5,56767.25347222222
12,112.0,3.73,15,619.5,56767.254166666666
14,113.0,3.71,15,619.6,56767.25486111111
13,113.0,3.68,15,619.6,56767.25555555556
15,94.0,3.66,15,619.6,56767.25625
13,116.0,3.64,15,619.6,56767.256944444445
15,94.0,3.64,15,619.6,56767.25763888889
16,107.0,3.64,15,619.6,56767.25833333333
14,114.0,3.64,15,619.6,56767.25902777778
14,116.0,3.64,15,619.6,56767.259722222225
16,112.0,3.63,15,619.6,56767.260416666664
15,97.0,3.62,15,619.6,56767.26111111111
13,115.0,3.61,15,619.6,56767.26180555556
11,110.0,3.6,15,619.6,56767.2625
10,109.0,3.59,15,619.6,56767.263194444444
8,118.0,3.58,15,619.6,56767.26388888889
9,116.0,3.56,15,619.6,56767.26458333333
14,117.0,3.54,15,619.6,56767.26527777778
14,112.0,3.52,15,619.6,56767.26597222222
13,116.0,3.52,15,619.6,56767.26666666667
10,142.0,3.52,15,619.6,56767.26736111111
10,121.0,3.52,15,619.6,56767.268055555556
13,117.0,3.52,15,619.6,56767.26875
13,117.0,3.52,15,619.6,56767.26944444444
13,117.0,3.52,15,619.6,56767.27013888889
13,115.0,3.52,15,619.7,56767.270833333336
11,114.0,3.53,15,619.7,56767.271527777775
11,117.0,3.55,15,619.6,56767.27222222222
13,113.0,3.55,15,619.6,56767.27291666667
14,128.0,3.55,15,619.6,56767.27361111111
12,125.0,3.57,15,619.6,56767.274305555555
9,140.0,3.58,15,619.7,56767.275
8,129.0,3.6,15,619.7,56767.27569444444
10,121.0,3.61,15,619.7,56767.27638888889
11,117.0,3.61,15,619.7,56767.277083333334
13,107.0,3.61,15,619.7,56767.27777777778
12,117.0,3.61,15,619.7,56767.27847222222
13,115.0,3.61,15,619.7,56767.27916666667
13,118.0,3.61,15,619.7,56767.279861111114
14,108.0,3.61,15,619.6,56767.28055555555
15,104.0,3.61,15,619.7,56767.28125
14,100.0,3.61,15,619.7,56767.28194444445
14,96.0,3.64,15,619.7,56767.282638888886
12,127.0,3.68,14,619.7,56767.28333333333
13,116.0,3.73,14,619.7,56767.28402777778
16,103.0,3.78,14,619.6,56767.28472222222
15,117.0,3.82,14,619.7,56767.285416666666
13,126.0,3.86,14,619.7,56767.28611111111
11,104.0,3.89,14,619.7,56767.28680555556
11,114.0,3.91,14,619.7,56767.2875
8,116.0,3.92,14,619.8,56767.288194444445
10,114.0,3.91,15,619.8,56767.28888888889
11,113.0,3.88,15,619.8,56767.28958333333
12,95.0,3.85,14,619.8,56767.29027777778
15,101.0,3.82,14,619.8,56767.290972222225
14,109.0,3.81,14,619.8,56767.291666666664
14,114.0,3.82,14,619.8,56767.29236111111
12,115.0,3.85,14,619.8,56767.29305555556
10,91.0,3.88,14,619.8,56767.29375
11,114.0,3.89,14,619.8,56767.294444444444
14,108.0,3.91,14,619.8,56767.29513888889
14,114.0,3.92,14,619.8,56767.29583333333
15,111.0,3.92,14,619.8,56767.29652777778
14,110.0,3.93,14,619.9,56767.29722222222
10,108.0,3.95,14,619.9,56767.29791666667
10,117.0,3.97,14,619.9,56767.29861111111
13,100.0,3.98,14,619.9,56767.299305555556
14,100.0,3.97,14,619.8,56767.3
12,111.0,3.95,14,619.8,56767.30069444444
12,114.0,3.94,14,619.8,56767.30138888889
13,109.0,3.91,14,619.9,56767.302083333336
14,108.0,3.88,14,619.8,56767.302777777775
12,115.0,3.86,14,619.9,56767.30347222222
15,116.0,3.86,14,619.9,56767.30416666667
16,113.0,3.87,14,619.9,56767.30486111111
16,105.0,3.89,14,619.9,56767.305555555555
15,107.0,3.92,14,619.9,56767.30625
11,127.0,3.95,14,620.0,56767.30694444444
9,129.0,3.98,14,620.0,56767.30763888889
8,123.0,4.01,14,620.0,56767.308333333334
11,109.0,4.02,14,620.0,56767.30902777778
14,101.0,4.01,14,620.0,56767.30972222222
12,117.0,4.01,14,620.0,56767.31041666667
14,108.0,4.02,14,620.0,56767.311111111114
13,111.0,4.04,14,620.0,56767.31180555555
15,100.0,4.06,14,620.0,56767.3125
17,108.0,4.08,14,619.9,56767.31319444445
16,109.0,4.12,14,619.9,56767.313888888886
18,81.0,4.16,14,619.9,56767.31458333333
16,111.0,4.2,14,619.9,56767.31527777778
13,137.0,4.23,14,620.0,56767.31597222222
6,124.0,4.27,14,620.0,56767.316666666666
11,109.0,4.28,14,620.0,56767.31736111111
13,106.0,4.27,14,620.0,56767.31805555556
13,100.0,4.23,14,620.0,56767.31875
15,107.0,4.2,14,620.0,56767.319444444445
13,104.0,4.19,14,620.0,56767.32013888889
12,107.0,4.19,14,620.0,56767.32083333333
12,104.0,4.19,14,620.0,56767.32152777778
13,103.0,4.19,14,620.0,56767.322222222225
11,97.0,4.19,14,620.0,56767.322916666664
12,92.0,4.2,14,620.0,56767.32361111111
11,105.0,4.19,14,620.0,56767.32430555556
10,107.0,4.18,14,620.0,56767.325
13,103.0,4.16,14,620.0,56767.325694444444
13,92.0,4.13,14,620.0,56767.32638888889
14,106.0,4.12,14,620.0,56767.32708333333
11,107.0,4.12,14,620.0,56767.32777777778
10,116.0,4.12,14,620.0,56767.32847222222
12,112.0,4.11,14,620.0,56767.32916666667
14,110.0,4.1,14,620.0,56767.32986111111
15,98.0,4.1,14,620.0,56767.330555555556
13,110.0,4.11,14,620.0,56767.33125
15,126.0,4.13,14,620.0,56767.33194444444
15,105.0,4.13,14,619.9,56767.33263888889
17,106.0,4.15,14,619.9,56767.333333333336
18,103.0,4.16,14,619.9,56767.334027777775
18,110.0,4.16,13,619.9,56767.33472222222
13,116.0,4.17,14,619.9,56767.33541666667
13,113.0,4.19,14,619.9,56767.33611111111
11,117.0,4.19,14,619.9,56767.336805555555
7,133.0,4.18,14,620.0,56767.3375
7,128.0,4.16,14,620.0,56767.33819444444
8,122.0,4.12,14,619.9,56767.33888888889
11,116.0,4.08,14,619.9,56767.339583333334
14,106.0,4.04,14,619.9,56767.34027777778
13,105.0,3.98,14,619.9,56767.34097222222
14,113.0,3.93,14,619.9,56767.34166666667
14,106.0,3.89,14,619.9,56767.342361111114
14,83.0,3.86,14,619.9,56767.34305555555
11,122.0,3.85,14,619.9,56767.34375
13,132.0,3.86,14,619.9,56767.34444444445
16,106.0,3.85,14,619.9,56767.345138888886
14,119.0,3.83,14,619.9,56767.34583333333
11,113.0,3.82,14,619.9,56767.34652777778
8,119.0,3.82,14,619.9,56767.34722222222
7,115.0,3.82,14,619.9,56767.347916666666
9,117.0,3.81,14,619.9,56767.34861111111
11,111.0,3.78,14,619.9,56767.34930555556
10,113.0,3.75,14,619.9,56767.35
10,114.0,3.73,14,619.9,56767.350694444445
12,113.0,3.7,14,619.9,56767.35138888889
13,117.0,3.67,14,619.9,56767.35208333333
12,116.0,3.67,14,619.9,56767.35277777778
11,116.0,3.65,14,619.9,56767.353472222225
10,115.0,3.64,14,619.9,56767.354166666664
10,111.0,3.64,14,619.9,56767.35486111111
13,113.0,3.64,14,619.9,56767.35555555556
12,114.0,3.65,14,619.9,56767.35625
12,115.0,3.67,14,619.9,56767.356944444444
12,115.0,3.69,14,619.8,56767.35763888889
13,117.0,3.71,14,619.8,56767.35833333333
14,112.0,3.74,13,619.8,56767.35902777778
14,108.0,3.77,13,619.8,56767.35972222222
14,107.0,3.8,13,619.8,56767.36041666667
13,115.0,3.83,13,619.8,56767.36111111111
15,112.0,3.85,13,619.8,56767.361805555556
16,115.0,3.86,13,619.8,56767.3625
14,111.0,3.86,13,619.8,56767.36319444444
14,111.0,3.88,13,619.8,56767.36388888889
13,119.0,3.89,13,619.8,56767.364583333336
13,116.0,3.91,13,619.8,56767.365277777775
13,121.0,3.92,13,619.8,56767.36597222222
14,116.0,3.94,13,619.8,56767.36666666667
14,111.0,3.95,13,619.8,56767.36736111111
13,114.0,3.94,13,619.9,56767.368055555555
12,112.0,3.93,13,619.9,56767.36875
11,115.0,3.93,13,619.9,56767.36944444444
9,115.0,3.94,13,619.9,56767.37013888889
9,114.0,3.94,13,619.8,56767.370833333334
12,131.0,3.94,13,619.8,56767.37152777778
13,118.0,3.94,13,619.8,56767.37222222222
13,114.0,3.94,13,619.8,56767.37291666667
12,107.0,3.93,13,619.8,56767.373611111114
13,114.0,3.92,13,619.8,56767.37430555555
12,120.0,3.91,13,619.8,56767.375
12,122.0,3.89,13,619.8,56767.37569444445
14,116.0,3.89,13,619.8,56767.376388888886
10,110.0,3.88,13,619.8,56767.37708333333
15,106.0,3.86,13,619.7,56767.37777777778
14,104.0,3.85,13,619.7,56767.37847222222
12,109.0,3.84,13,619.8,56767.379166666666
11,125.0,3.83,13,619.8,56767.37986111111
11,122.0,3.82,13,619.8,56767.38055555556
9,113.0,3.8,13,619.8,56767.38125
4,113.0,3.78,13,619.8,56767.381944444445
6,122.0,3.76,13,619.7,56767.38263888889
11,104.0,3.74,13,619.7,56767.38333333333
12,96.0,3.72,13,619.7,56767.38402777778
12,119.0,3.7,14,619.7,56767.384722222225
11,128.0,3.67,14,619.7,56767.385416666664
11,124.0,3.64,14,619.7,56767.38611111111
11,126.0,3.59,14,619.7,56767.38680555556
11,126.0,3.55,14,619.7,56767.3875
9,130.0,3.52,14,619.7,56767.388194444444
7,135.0,3.47,14,619.7,56767.38888888889
6,135.0,3.41,14,619.7,56767.38958333333
8,120.0,3.37,14,619.7,56767.39027777778
10,129.0,3.33,14,619.6,56767.39097222222
12,125.0,3.3,14,619.6,56767.39166666667
11,123.0,3.27,13,619.6,56767.39236111111
10,125.0,3.23,13,619.6,56767.393055555556
11,121.0,3.2,13,619.6,56767.39375
12,124.0,3.17,13,619.6,56767.39444444444
12,124.0,3.14,13,619.6,56767.39513888889
11,124.0,3.12,13,619.6,56767.395833333336
9,129.0,3.12,13,619.6,56767.396527777775
7,119.0,3.12,13,619.6,56767.39722222222
8,122.0,3.12,12,619.6,56767.39791666667
8,125.0,3.12,12,619.5,56767.39861111111
10,133.0,3.12,13,619.5,56767.399305555555
9,129.0,3.1,13,619.5,56767.4
11,131.0,3.07,13,619.5,56767.40069444444
12,122.0,3.04,13,619.5,56767.40138888889
11,133.0,3.01,13,619.5,56767.402083333334
11,139.0,3.0,13,619.5,56767.40277777778
11,118.0,2.99,13,619.5,56767.40347222222
11,124.0,2.98,13,619.5,56767.40416666667
10,128.0,2.98,13,619.5,56767.404861111114
11,112.0,2.97,13,619.5,56767.40555555555
12,137.0,2.97,12,619.5,56767.40625
11,120.0,2.99,13,619.5,56767.40694444445
12,134.0,3.0,13,619.4,56767.407638888886
12,120.0,3.0,13,619.4,56767.40833333333
10,115.0,3.02,13,619.4,56767.40902777778
10,123.0,3.03,13,619.4,56767.40972222222
12,134.0,3.02,13,619.4,56767.410416666666
10,143.0,3.0,13,619.4,56767.41111111111
10,125.0,2.99,13,619.4,56767.41180555556
14,120.0,2.97,13,619.3,56767.4125
11,125.0,2.95,13,619.3,56767.413194444445
12,130.0,2.95,13,619.3,56767.41388888889
12,114.0,2.94,13,619.3,56767.41458333333
9,135.0,2.94,13,619.3,56767.41527777778
9,126.0,2.94,13,619.3,56767.415972222225
