wind_speed,wind_direction,temperature,relative_humidity,pressure,mjd
0,62.0,4.85,7,618.5,57992.416666666664
0,57.0,4.83,7,618.5,57992.41736111111
0,64.0,4.8,7,618.5,57992.41805555556
0,73.0,4.79,7,618.5,57992.41875
0,76.0,4.77,7,618.5,57992.419444444444
0,69.0,4.79,7,618.5,57992.42013888889
0,75.0,4.8,7,618.5,57992.42083333333
0,75.0,4.82,7,618.5,57992.42152777778
0,66.0,4.86,7,618.5,57992.42222222222
0,48.0,4.89,7,618.5,57992.42291666667
0,56.0,4.9,7,618.5,57992.42361111111
0,56.0,4.89,7,618.5,57992.424305555556
0,64.0,4.86,7,618.5,57992.425
0,56.0,4.84,7,618.5,57992.42569444444
0,57.0,4.81,7,618.5,57992.42638888889
0,56.0,4.76,7,618.5,57992.427083333336
0,61.0,4.7,7,618.5,57992.427777777775
0,73.0,4.63,7,618.4,57992.42847222222
0,75.0,4.57,7,618.4,57992.42916666667
0,66.0,4.56,7,618.4,57992.42986111111
0,71.0,4.58,7,618.4,57992.430555555555
0,79.0,4.57,7,618.4,57992.43125
0,72.0,4.57,7,618.4,57992.43194444444
0,71.0,4.6,7,618.4,57992.43263888889
0,61.0,4.63,7,618.4,57992.433333333334
0,73.0,4.66,7,618.4,57992.43402777778
0,73.0,4.7,7,618.4,57992.43472222222
0,62.0,4.71,7,618.4,57992.43541666667
0,62.0,4.69,7,618.4,57992.436111111114
0,61.0,4.66,7,618.4,57992.43680555555
0,61.0,4.61,7,618.4,57992.4375
0,73.0,4.56,7,618.4,57992.43819444445
0,63.0,4.53,7,618.4,57992.438888888886
0,68.0,4.54,7,618.4,57992.43958333333
0,65.0,4.58,7,618.4,57992.44027777778
0,62.0,4.63,7,618.3,57992.44097222222
0,76.0,4.68,7,618.3,57992.441666666666
0,56.0,4.72,7,618.3,57992.44236111111
0,59.0,4.75,7,618.3,57992.44305555556
0,75.0,4.76,8,618.3,57992.44375
0,79.0,4.74,8,618.3,57992.444444444445
0,78.0,4.74,7,618.3,57992.44513888889
0,80.0,4.77,7,618.3,57992.44583333333
0,72.0,4.81,7,618.3,57992.44652777778
0,64.0,4.87,7,618.3,57992.447222222225
0,64.0,4.91,6,618.3,57992.447916666664
0,66.0,4.95,6,618.3,57992.44861111111
0,68.0,5.0,6,618.3,57992.44930555556
0,69.0,5.03,6,618.3,57992.45
0,70.0,5.07,6,618.3,57992.450694444444
0,74.0,5.11,6,618.3,57992.45138888889
0,69.0,5.14,6,618.3,57992.45208333333
0,73.0,5.14,6,618.3,57992.45277777778
0,62.0,5.14,6,618.3,57992.45347222222
0,75.0,5.11,6,618.2,57992.45416666667
0,81.0,5.07,7,618.2,57992.45486111111
0,78.0,5.03,7,618.2,57992.455555555556
0,79.0,5.0,7,618.2,57992.45625
0,85.0,4.99,6,618.2,57992.45694444444
0,85.0,5.01,6,618.2,57992.45763888889
0,86.0,5.04,6,618.2,57992.458333333336
0,86.0,5.06,6,618.2,57992.459027777775
0,90.0,5.09,6,618.2,57992.45972222222
0,91.0,5.12,6,618.2,57992.46041666667
0,94.0,5.15,6,618.2,57992.46111111111
0,94.0,5.17,6,618.2,57992.461805555555
0,96.0,5.2,6,618.2,57992.4625
0,95.0,5.22,6,618.2,57992.46319444444
0,89.0,5.23,6,618.2,57992.46388888889
0,85.0,5.23,6,618.2,57992.464583333334
0,88.0,5.23,6,618.2,57992.46527777778
0,89.0,5.2,6,618.2,57992.46597222222
0,90.0,5.18,6,618.2,57992.46666666667
0,90.0,5.16,6,618.2,57992.467361111114
0,91.0,5.14,6,618.2,57992.46805555555
0,91.0,5.14,6,618.2,57992.46875
0,91.0,5.14,6,618.2,57992.46944444445
0,102.0,5.16,6,618.2,57992.470138888886
0,110.0,5.17,7,618.1,57992.47083333333
0,118.0,5.17,7,618.1,57992.47152777778
0,116.0,5.18,8,618.1,57992.47222222222
0,116.0,5.17,8,618.1,57992.472916666666
0,110.0,5.17,8,618.1,57992.47361111111
0,103.0,5.18,8,618.1,57992.47430555556
0,101.0,5.21,8,618.1,57992.475
0,101.0,5.25,8,618.1,57992.475694444445
0,100.0,5.29,8,618.1,57992.47638888889
0,98.0,5.33,8,618.1,57992.47708333333
0,96.0,5.35,8,618.1,57992.47777777778
0,96.0,5.38,8,618.1,57992.478472222225
0,96.0,5.39,8,618.0,57992.479166666664
0,95.0,5.4,8,618.1,57992.47986111111
0,90.0,5.41,8,618.1,57992.48055555556
0,88.0,5.41,8,618.0,57992.48125
0,79.0,5.41,8,618.0,57992.481944444444
0,69.0,5.39,8,618.0,57992.48263888889
0,70.0,5.31,8,618.0,57992.48333333333
0,84.0,5.2,9,618.0,57992.48402777778
0,86.0,5.05,9,618.0,57992.48472222222
0,86.0,4.93,8,618.0,57992.48541666667
0,86.0,4.86,8,618.0,57992.48611111111
0,85.0,4.86,8,618.0,57992.486805555556
0,85.0,4.89,8,618.0,57992.4875
0,86.0,4.94,8,618.0,57992.48819444444
0,85.0,4.99,8,618.0,57992.48888888889
0,85.0,5.04,8,618.0,57992.489583333336
0,85.0,5.08,8,618.0,57992.490277777775
0,91.0,5.13,8,618.0,57992.49097222222
0,92.0,5.18,8,618.0,57992.49166666667
0,92.0,5.22,8,618.0,57992.49236111111
0,86.0,5.27,8,618.0,57992.493055555555
0,84.0,5.31,8,618.0,57992.49375
0,46.0,5.32,8,618.0,57992.49444444444
0,52.0,5.3,9,618.0,57992.49513888889
0,126.0,5.2,9,618.0,57992.495833333334
0,126.0,5.08,9,617.9,57992.49652777778
0,126.0,4.98,9,617.9,57992.49722222222
0,126.0,4.92,8,617.9,57992.49791666667
0,126.0,4.89,8,617.9,57992.498611111114
0,121.0,4.91,8,617.9,57992.49930555555
0,132.0,4.94,8,617.9,57992.5
0,132.0,4.98,8,617.9,57992.50069444445
0,130.0,5.03,8,617.9,57992.501388888886
0,104.0,5.07,8,617.9,57992.50208333333
0,104.0,5.11,8,617.9,57992.50277777778
0,107.0,5.14,8,617.9,57992.50347222222
0,108.0,5.14,8,617.8,57992.504166666666
0,108.0,5.14,8,617.8,57992.50486111111
0,108.0,5.14,8,617.8,57992.50555555556
0,108.0,5.15,8,617.8,57992.50625
0,108.0,5.16,8,617.8,57992.506944444445
0,108.0,5.18,8,617.8,57992.50763888889
0,109.0,5.2,8,617.8,57992.50833333333
0,118.0,5.22,8,617.8,57992.50902777778
0,135.0,5.26,8,617.8,57992.509722222225
0,164.0,5.29,8,617.8,57992.510416666664
0,164.0,5.32,8,617.8,57992.51111111111
0,164.0,5.36,8,617.8,57992.51180555556
0,164.0,5.38,8,617.8,57992.5125
0,164.0,5.39,8,617.7,57992.513194444444
0,161.0,5.38,8,617.7,57992.51388888889
0,156.0,5.36,8,617.7,57992.51458333333
0,189.0,5.35,8,617.7,57992.51527777778
0,190.0,5.35,8,617.7,57992.51597222222
0,190.0,5.35,8,617.7,57992.51666666667
0,190.0,5.35,8,617.6,57992.51736111111
0,190.0,5.35,8,617.6,57992.518055555556
0,175.0,5.32,8,617.6,57992.51875
0,169.0,5.29,8,617.6,57992.51944444444
0,74.0,5.29,8,617.6,57992.52013888889
0,57.0,5.26,8,617.6,57992.520833333336
0,58.0,5.23,8,617.6,57992.521527777775
0,58.0,5.15,8,617.6,57992.52222222222
0,65.0,5.06,8,617.6,57992.52291666667
0,65.0,4.94,8,617.6,57992.52361111111
0,65.0,4.84,8,617.6,57992.524305555555
0,65.0,4.78,8,617.6,57992.525
0,87.0,4.74,8,617.6,57992.52569444444
0,87.0,4.73,7,617.6,57992.52638888889
0,88.0,4.73,7,617.6,57992.527083333334
0,107.0,4.72,7,617.6,57992.52777777778
0,117.0,4.71,7,617.6,57992.52847222222
0,117.0,4.71,7,617.6,57992.52916666667
0,117.0,4.71,7,617.6,57992.529861111114
0,114.0,4.72,7,617.6,57992.53055555555
0,114.0,4.74,7,617.6,57992.53125
0,114.0,4.76,7,617.6,57992.53194444445
0,114.0,4.79,7,617.6,57992.532638888886
0,170.0,4.82,7,617.6,57992.53333333333
0,221.0,4.85,7,617.6,57992.53402777778
0,221.0,4.88,7,617.6,57992.53472222222
0,221.0,4.89,7,617.5,57992.535416666666
0,220.0,4.89,7,617.6,57992.53611111111
0,220.0,4.89,8,617.5,57992.53680555556
0,221.0,4.89,8,617.6,57992.5375
0,167.0,4.89,8,617.6,57992.538194444445
0,74.0,4.89,8,617.5,57992.53888888889
0,78.0,4.89,8,617.5,57992.53958333333
0,81.0,4.88,8,617.5,57992.54027777778
0,87.0,4.86,8,617.5,57992.540972222225
0,85.0,4.85,8,617.5,57992.541666666664
0,87.0,4.84,8,617.5,57992.54236111111
0,85.0,4.84,8,617.5,57992.54305555556
0,84.0,4.85,8,617.5,57992.54375
0,45.0,4.85,8,617.5,57992.544444444444
0,46.0,4.82,8,617.5,57992.54513888889
0,82.0,4.76,8,617.5,57992.54583333333
0,81.0,4.67,8,617.5,57992.54652777778
0,83.0,4.56,9,617.5,57992.54722222222
0,83.0,4.44,10,617.5,57992.54791666667
0,83.0,4.34,9,617.5,57992.54861111111
0,79.0,4.27,9,617.5,57992.549305555556
0,79.0,4.25,9,617.5,57992.55
0,79.0,4.27,8,617.5,57992.55069444444
0,79.0,4.32,8,617.5,57992.55138888889
0,79.0,4.4,8,617.5,57992.552083333336
0,80.0,4.48,8,617.5,57992.552777777775
0,79.0,4.54,8,617.5,57992.55347222222
0,70.0,4.6,8,617.5,57992.55416666667
0,69.0,4.62,8,617.5,57992.55486111111
0,69.0,4.63,8,617.5,57992.555555555555
0,62.0,4.62,8,617.5,57992.55625
0,52.0,4.59,8,617.5,57992.55694444444
0,51.0,4.53,8,617.5,57992.55763888889
0,51.0,4.47,8,617.5,57992.558333333334
0,51.0,4.42,8,617.5,57992.55902777778
0,51.0,4.37,8,617.5,57992.55972222222
0,51.0,4.34,8,617.5,57992.56041666667
0,51.0,4.34,8,617.5,57992.561111111114
0,51.0,4.35,8,617.5,57992.56180555555
0,51.0,4.38,8,617.5,57992.5625
0,51.0,4.42,8,617.5,57992.56319444445
0,51.0,4.47,8,617.5,57992.563888888886
0,51.0,4.51,8,617.5,57992.56458333333
0,51.0,4.53,8,617.5,57992.56527777778
0,52.0,4.55,8,617.5,57992.56597222222
0,52.0,4.55,8,617.5,57992.566666666666
0,69.0,4.53,8,617.5,57992.56736111111
0,91.0,4.54,8,617.5,57992.56805555556
0,111.0,4.56,8,617.5,57992.56875
0,118.0,4.6,8,617.5,57992.569444444445
0,119.0,4.64,8,617.5,57992.57013888889
0,119.0,4.68,8,617.5,57992.57083333333
0,114.0,4.71,8,617.5,57992.57152777778
0,102.0,4.74,8,617.5,57992.572222222225
0,101.0,4.78,8,617.5,57992.572916666664
0,104.0,4.81,8,617.5,57992.57361111111
0,117.0,4.83,8,617.5,57992.57430555556
0,126.0,4.82,8,617.5,57992.575
0,123.0,4.8,8,617.5,57992.575694444444
0,150.0,4.75,7,617.5,57992.57638888889
0,132.0,4.7,7,617.5,57992.57708333333
0,171.0,4.65,7,617.6,57992.57777777778
0,138.0,4.6,7,617.6,57992.57847222222
0,160.0,4.54,8,617.6,57992.57916666667
0,166.0,4.51,8,617.6,57992.57986111111
0,164.0,4.48,8,617.6,57992.580555555556
0,159.0,4.45,8,617.6,57992.58125
0,143.0,4.42,8,617.6,57992.58194444444
0,152.0,4.4,8,617.6,57992.58263888889
0,155.0,4.4,8,617.6,57992.583333333336
0,130.0,4.41,7,617.6,57992.584027777775
0,111.0,4.43,7,617.6,57992.58472222222
0,110.0,4.45,7,617.6,57992.58541666667
0,110.0,4.49,7,617.6,57992.58611111111
0,110.0,4.54,7,617.6,57992.586805555555
0,110.0,4.57,7,617.6,57992.5875
0,111.0,4.61,7,617.6,57992.58819444444
0,111.0,4.65,7,617.6,57992.58888888889
0,111.0,4.68,7,617.6,57992.589583333334
0,106.0,4.68,7,617.6,57992.59027777778
0,92.0,4.7,7,617.6,57992.59097222222
0,85.0,4.7,7,617.6,57992.59166666667
0,98.0,4.68,7,617.6,57992.592361111114
0,111.0,4.65,8,617.6,57992.59305555555
0,112.0,4.58,8,617.7,57992.59375
0,115.0,4.52,8,617.7,57992.59444444445
0,115.0,4.48,8,617.7,57992.595138888886
0,115.0,4.46,7,617.7,57992.59583333333
0,115.0,4.46,7,617.7,57992.59652777778
0,115.0,4.48,7,617.7,57992.59722222222
0,115.0,4.51,7,617.7,57992.597916666666
0,115.0,4.53,7,617.7,57992.59861111111
0,115.0,4.53,7,617.7,57992.59930555556
0,115.0,4.53,6,617.7,57992.6
0,115.0,4.53,6,617.7,57992.600694444445
0,115.0,4.52,6,617.7,57992.60138888889
0,115.0,4.52,6,617.7,57992.60208333333
0,115.0,4.53,6,617.7,57992.60277777778
0,115.0,4.54,6,617.7,57992.603472222225
0,115.0,4.56,7,617.7,57992.604166666664
0,115.0,4.6,7,617.7,57992.60486111111
0,115.0,4.66,7,617.7,57992.60555555556
0,115.0,4.69,8,617.7,57992.60625
0,95.0,4.72,8,617.7,57992.606944444444
0,93.0,4.73,7,617.7,57992.60763888889
0,92.0,4.73,7,617.7,57992.60833333333
0,68.0,4.71,7,617.7,57992.60902777778
0,69.0,4.69,7,617.7,57992.60972222222
0,69.0,4.64,7,617.7,57992.61041666667
0,71.0,4.62,7,617.7,57992.61111111111
0,72.0,4.63,7,617.7,57992.611805555556
0,72.0,4.68,7,617.7,57992.6125
0,72.0,4.75,7,617.7,57992.61319444444
0,58.0,4.79,7,617.7,57992.61388888889
0,54.0,4.8,7,617.7,57992.614583333336
0,50.0,4.8,7,617.8,57992.615277777775
0,49.0,4.8,7,617.8,57992.61597222222
0,45.0,4.8,7,617.8,57992.61666666667
0,44.0,4.81,7,617.8,57992.61736111111
0,38.0,4.8,7,617.8,57992.618055555555
0,35.0,4.77,7,617.8,57992.61875
0,5.0,4.77,7,617.8,57992.61944444444
0,326.0,4.79,7,617.8,57992.62013888889
0,326.0,4.81,7,617.7,57992.620833333334
0,332.0,4.84,7,617.7,57992.62152777778
0,312.0,4.86,7,617.7,57992.62222222222
0,331.0,4.86,7,617.7,57992.62291666667
0,4.0,4.85,7,617.7,57992.623611111114
0,0.0,4.82,7,617.7,57992.62430555555
0,50.0,4.78,7,617.7,57992.625
0,51.0,4.75,7,617.7,57992.62569444445
0,283.0,4.72,7,617.7,57992.626388888886
0,287.0,4.69,7,617.7,57992.62708333333
0,331.0,4.67,7,617.7,57992.62777777778
0,26.0,4.64,7,617.8,57992.62847222222
0,336.0,4.62,7,617.8,57992.629166666666
0,307.0,4.62,7,617.8,57992.62986111111
0,295.0,4.66,7,617.8,57992.63055555556
0,302.0,4.7,7,617.8,57992.63125
0,343.0,4.75,7,617.8,57992.631944444445
0,300.0,4.82,7,617.8,57992.63263888889
0,308.0,4.87,7,617.8,57992.63333333333
0,337.0,4.91,7,617.8,57992.63402777778
0,328.0,4.94,7,617.8,57992.634722222225
0,316.0,4.97,7,617.8,57992.635416666664
0,273.0,5.01,7,617.8,57992.63611111111
0,228.0,5.03,7,617.8,57992.63680555556
0,306.0,5.05,7,617.8,57992.6375
0,322.0,5.05,7,617.8,57992.638194444444
0,331.0,5.06,8,617.9,57992.63888888889
0,351.0,5.05,8,617.9,57992.63958333333
0,26.0,5.03,8,617.9,57992.64027777778
0,22.0,4.99,7,617.9,57992.64097222222
0,23.0,4.98,7,617.9,57992.64166666667
0,20.0,5.01,7,617.9,57992.64236111111
0,20.0,5.03,7,617.9,57992.643055555556
0,18.0,5.04,7,617.9,57992.64375
0,15.0,5.05,7,617.9,57992.64444444444
0,14.0,5.06,7,617.9,57992.64513888889
0,13.0,5.07,7,618.0,57992.645833333336
0,285.0,5.1,7,618.0,57992.646527777775
0,335.0,5.13,7,618.0,57992.64722222222
0,340.0,5.18,7,618.0,57992.64791666667
0,332.0,5.22,7,618.0,57992.64861111111
0,311.0,5.23,7,618.0,57992.649305555555
0,337.0,5.25,7,618.0,57992.65
0,352.0,5.27,7,618.0,57992.65069444444
0,350.0,5.3,7,618.0,57992.65138888889
0,331.0,5.32,7,618.0,57992.652083333334
0,332.0,5.34,7,618.0,57992.65277777778
0,3.0,5.34,7,618.0,57992.65347222222
0,12.0,5.32,7,618.0,57992.65416666667
0,13.0,5.28,7,618.0,57992.654861111114
0,26.0,5.25,7,618.0,57992.65555555555
0,31.0,5.22,7,618.0,57992.65625
0,32.0,5.2,7,618.0,57992.65694444445
0,36.0,5.2,7,618.0,57992.657638888886
0,35.0,5.21,7,618.0,57992.65833333333
0,45.0,5.2,7,618.1,57992.65902777778
0,35.0,5.21,7,618.1,57992.65972222222
0,56.0,5.24,7,618.1,57992.660416666666
0,35.0,5.28,7,618.1,57992.66111111111
0,43.0,5.33,7,618.1,57992.66180555556
0,39.0,5.37,7,618.1,57992.6625
0,44.0,5.38,7,618.1,57992.663194444445
0,50.0,5.38,7,618.1,57992.66388888889
0,49.0,5.36,7,618.1,57992.66458333333
0,48.0,5.34,7,618.1,57992.66527777778
0,48.0,5.31,7,618.1,57992.665972222225
0,47.0,5.3,7,618.1,57992.666666666664
0,47.0,5.31,7,618.1,57992.66736111111
0,46.0,5.33,7,618.1,57992.66805555556
0,46.0,5.35,7,618.1,57992.66875
0,39.0,5.35,7,618.1,57992.669444444444
0,40.0,5.36,7,618.1,57992.67013888889
0,41.0,5.36,7,618.1,57992.67083333333
0,42.0,5.34,7,618.1,57992.67152777778
0,46.0,5.3,7,618.1,57992.67222222222
0,47.0,5.24,7,618.1,57992.67291666667
0,48.0,5.18,7,618.2,57992.67361111111
0,51.0,5.11,7,618.2,57992.674305555556
0,47.0,5.04,7,618.2,57992.675
0,55.0,4.97,7,618.2,57992.67569444444
0,52.0,4.92,7,618.2,57992.67638888889
0,43.0,4.87,7,618.2,57992.677083333336
0,42.0,4.84,7,618.2,57992.677777777775
0,42.0,4.84,7,618.2,57992.67847222222
0,42.0,4.84,7,618.2,57992.67916666667
0,42.0,4.86,7,618.2,57992.67986111111
0,42.0,4.88,7,618.2,57992.680555555555
0,41.0,4.89,7,618.2,57992.68125
0,42.0,4.91,7,618.2,57992.68194444444
0,43.0,4.92,7,618.2,57992.68263888889
0,49.0,4.92,8,618.2,57992.683333333334
0,51.0,4.92,8,618.2,57992.68402777778
0,59.0,4.92,8,618.2,57992.68472222222
0,60.0,4.92,8,618.2,57992.68541666667
0,60.0,4.95,8,618.2,57992.686111111114
0,62.0,4.98,7,618.2,57992.68680555555
0,63.0,5.02,8,618.3,57992.6875
0,68.0,5.07,8,618.3,57992.68819444445
0,67.0,5.12,8,618.3,57992.688888888886
0,62.0,5.16,8,618.3,57992.68958333333
0,56.0,5.21,8,618.4,57992.69027777778
0,48.0,5.23,8,618.4,57992.69097222222
2,44.0,5.23,8,618.4,57992.691666666666
2,44.0,5.21,8,618.4,57992.69236111111
1,44.0,5.17,7,618.4,57992.69305555556
1,36.0,5.11,7,618.4,57992.69375
1,36.0,5.06,7,618.4,57992.694444444445
1,43.0,5.0,7,618.4,57992.69513888889
1,47.0,4.95,7,618.4,57992.69583333333
2,54.0,4.9,7,618.4,57992.69652777778
2,55.0,4.86,7,618.4,57992.697222222225
1,49.0,4.83,7,618.4,57992.697916666664
0,52.0,4.83,7,618.4,57992.69861111111
1,61.0,4.83,7,618.4,57992.69930555556
1,55.0,4.85,7,618.5,57992.7
1,63.0,4.87,7,618.5,57992.700694444444
0,63.0,4.91,8,618.5,57992.70138888889
1,47.0,4.94,7,618.5,57992.70208333333
2,44.0,4.97,8,618.5,57992.70277777778
3,42.0,4.98,8,618.5,57992.70347222222
4,55.0,4.98,8,618.5,57992.70416666667
3,46.0,4.98,9,618.5,57992.70486111111
2,59.0,4.96,9,618.5,57992.705555555556
1,62.0,4.93,9,618.5,57992.70625
0,65.0,4.9,9,618.5,57992.70694444444
0,75.0,4.89,10,618.5,57992.70763888889
0,74.0,4.86,10,618.5,57992.708333333336
0,86.0,4.86,10,618.5,57992.709027777775
0,78.0,4.86,10,618.6,57992.70972222222
0,71.0,4.86,10,618.6,57992.71041666667
1,67.0,4.86,10,618.6,57992.71111111111
1,76.0,4.89,10,618.6,57992.711805555555
2,84.0,4.89,10,618.6,57992.7125
2,71.0,4.91,10,618.6,57992.71319444444
3,73.0,4.92,10,618.6,57992.71388888889
3,67.0,4.95,10,618.6,57992.714583333334
5,65.0,4.95,10,618.6,57992.71527777778
6,73.0,4.95,9,618.7,57992.71597222222
7,63.0,4.95,9,618.7,57992.71666666667
6,68.0,4.95,9,618.7,57992.717361111114
6,63.0,4.95,9,618.7,57992.71805555555
4,66.0,4.93,9,618.7,57992.71875
2,40.0,4.92,9,618.7,57992.71944444445
1,102.0,4.92,9,618.7,57992.720138888886
1,61.0,4.93,9,618.7,57992.72083333333
0,68.0,4.97,9,618.7,57992.72152777778
0,62.0,5.03,9,618.7,57992.72222222222
4,69.0,5.11,9,618.7,57992.722916666666
5,65.0,5.2,9,618.7,57992.72361111111
4,81.0,5.27,9,618.7,57992.72430555556
3,49.0,5.32,9,618.7,57992.725
2,58.0,5.36,8,618.7,57992.725694444445
1,88.0,5.38,8,618.7,57992.72638888889
1,95.0,5.4,8,618.7,57992.72708333333
3,57.0,5.46,8,618.7,57992.72777777778
4,93.0,5.51,8,618.7,57992.728472222225
5,45.0,5.58,8,618.7,57992.729166666664
6,43.0,5.65,8,618.7,57992.72986111111
4,54.0,5.72,8,618.7,57992.73055555556
1,88.0,5.77,8,618.7,57992.73125
1,67.0,5.78,8,618.7,57992.731944444444
3,68.0,5.78,8,618.7,57992.73263888889
2,64.0,5.78,8,618.7,57992.73333333333
1,49.0,5.74,8,618.8,57992.73402777778
4,34.0,5.71,10,618.8,57992.73472222222
3,35.0,5.67,10,618.8,57992.73541666667
0,89.0,5.62,10,618.8,57992.73611111111
0,44.0,5.59,9,618.8,57992.736805555556
0,0.0,5.59,9,618.8,57992.7375
0,0.0,5.6,8,618.8,57992.73819444444
0,0.0,5.62,8,618.8,57992.73888888889
0,246.0,5.65,8,618.8,57992.739583333336
0,6.0,5.68,8,618.8,57992.740277777775
0,28.0,5.74,9,618.9,57992.74097222222
1,35.0,5.85,10,618.9,57992.74166666667
2,55.0,6.0,10,618.9,57992.74236111111
4,50.0,6.14,11,618.9,57992.743055555555
4,73.0,6.27,11,619.0,57992.74375
3,62.0,6.36,10,619.0,57992.74444444444
1,40.0,6.41,10,619.0,57992.74513888889
0,16.0,6.45,10,619.0,57992.745833333334
0,35.0,6.48,10,619.0,57992.74652777778
0,7.0,6.51,10,619.0,57992.74722222222
0,55.0,6.53,10,619.0,57992.74791666667
0,33.0,6.55,10,619.0,57992.748611111114
0,88.0,6.59,11,619.0,57992.74930555555
0,30.0,6.63,11,619.0,57992.75
0,281.0,6.65,10,618.9,57992.75069444445
0,280.0,6.6,10,618.9,57992.751388888886
0,280.0,6.49,9,618.9,57992.75208333333
0,280.0,6.34,9,619.0,57992.75277777778
0,280.0,6.2,10,619.0,57992.75347222222
0,284.0,6.05,10,619.0,57992.754166666666
0,284.0,5.96,10,619.0,57992.75486111111
0,301.0,5.89,11,619.0,57992.75555555556
0,303.0,5.84,11,619.0,57992.75625
0,305.0,5.8,11,619.0,57992.756944444445
0,305.0,5.77,10,619.0,57992.75763888889
0,304.0,5.75,10,619.0,57992.75833333333
0,304.0,5.75,11,619.0,57992.75902777778
0,302.0,5.77,11,619.0,57992.759722222225
0,295.0,5.78,11,619.0,57992.760416666664
0,300.0,5.77,11,619.0,57992.76111111111
0,302.0,5.75,12,619.0,57992.76180555556
0,104.0,5.77,12,619.0,57992.7625
0,204.0,5.8,12,619.0,57992.763194444444
0,73.0,5.83,12,619.1,57992.76388888889
2,49.0,5.87,11,619.1,57992.76458333333
5,69.0,5.95,10,619.1,57992.76527777778
2,58.0,6.06,10,619.1,57992.76597222222
3,74.0,6.16,10,619.0,57992.76666666667
1,83.0,6.22,10,619.1,57992.76736111111
0,67.0,6.25,10,619.1,57992.768055555556
0,72.0,6.27,10,619.1,57992.76875
0,49.0,6.28,10,619.0,57992.76944444444
0,325.0,6.31,10,619.1,57992.77013888889
0,36.0,6.37,10,619.1,57992.770833333336
2,38.0,6.41,10,619.1,57992.771527777775
6,61.0,6.49,11,619.1,57992.77222222222
7,53.0,6.59,11,619.1,57992.77291666667
5,55.0,6.65,11,619.1,57992.77361111111
0,48.0,6.66,11,619.1,57992.774305555555
0,47.0,6.65,11,619.1,57992.775
0,30.0,6.63,11,619.1,57992.77569444444
0,52.0,6.61,11,619.1,57992.77638888889
0,65.0,6.67,12,619.1,57992.777083333334
1,7.0,6.76,12,619.1,57992.77777777778
0,34.0,6.83,12,619.1,57992.77847222222
4,40.0,6.89,12,619.1,57992.77916666667
2,29.0,6.92,12,619.1,57992.779861111114
1,80.0,6.98,12,619.1,57992.78055555555
0,51.0,7.03,12,619.1,57992.78125
0,103.0,7.06,12,619.1,57992.78194444445
0,106.0,7.05,11,619.1,57992.782638888886
0,27.0,7.02,11,619.1,57992.78333333333
0,241.0,6.97,12,619.2,57992.78402777778
0,257.0,6.93,12,619.2,57992.78472222222
1,221.0,6.9,12,619.2,57992.785416666666
0,26.0,6.86,12,619.2,57992.78611111111
0,26.0,6.82,12,619.2,57992.78680555556
1,235.0,6.84,13,619.2,57992.7875
0,193.0,6.9,13,619.2,57992.788194444445
0,222.0,6.92,13,619.2,57992.78888888889
2,229.0,6.87,13,619.2,57992.78958333333
5,214.0,6.78,13,619.2,57992.79027777778
7,223.0,6.65,14,619.2,57992.790972222225
6,208.0,6.52,14,619.2,57992.791666666664
2,228.0,6.4,14,619.2,57992.79236111111
0,230.0,6.3,14,619.3,57992.79305555556
0,248.0,6.21,14,619.3,57992.79375
0,23.0,6.15,13,619.3,57992.794444444444
4,235.0,6.13,13,619.2,57992.79513888889
8,200.0,6.16,14,619.2,57992.79583333333
4,202.0,6.19,14,619.2,57992.79652777778
3,189.0,6.24,14,619.2,57992.79722222222
1,205.0,6.28,14,619.2,57992.79791666667
2,218.0,6.3,14,619.2,57992.79861111111
2,219.0,6.31,14,619.2,57992.799305555556
4,214.0,6.33,14,619.2,57992.8
6,206.0,6.33,14,619.2,57992.80069444444
6,194.0,6.33,14,619.2,57992.80138888889
4,191.0,6.33,14,619.2,57992.802083333336
4,231.0,6.32,14,619.2,57992.802777777775
4,227.0,6.3,14,619.2,57992.80347222222
7,245.0,6.3,14,619.3,57992.80416666667
5,221.0,6.3,14,619.3,57992.80486111111
9,195.0,6.3,15,619.2,57992.805555555555
11,221.0,6.33,16,619.2,57992.80625
12,203.0,6.38,15,619.2,57992.80694444444
10,208.0,6.38,15,619.2,57992.80763888889
5,207.0,6.36,15,619.3,57992.808333333334
3,212.0,6.31,15,619.3,57992.80902777778
6,217.0,6.26,15,619.3,57992.80972222222
6,235.0,6.19,16,619.3,57992.81041666667
4,210.0,6.11,16,619.3,57992.811111111114
1,211.0,6.04,15,619.3,57992.81180555555
2,254.0,6.0,15,619.3,57992.8125
4,245.0,5.97,15,619.3,57992.81319444445
5,229.0,5.98,16,619.3,57992.813888888886
6,242.0,6.04,15,619.4,57992.81458333333
5,222.0,6.09,16,619.4,57992.81527777778
7,192.0,6.15,17,619.4,57992.81597222222
5,203.0,6.2,17,619.4,57992.816666666666
5,207.0,6.22,16,619.4,57992.81736111111
3,230.0,6.23,16,619.4,57992.81805555556
4,217.0,6.27,16,619.4,57992.81875
1,173.0,6.33,16,619.4,57992.819444444445
0,211.0,6.42,17,619.4,57992.82013888889
1,223.0,6.5,18,619.4,57992.82083333333
6,218.0,6.54,17,619.4,57992.82152777778
8,234.0,6.54,16,619.4,57992.822222222225
9,238.0,6.54,16,619.4,57992.822916666664
8,220.0,6.54,16,619.3,57992.82361111111
9,239.0,6.52,16,619.4,57992.82430555556
7,226.0,6.5,16,619.3,57992.825
7,267.0,6.47,16,619.3,57992.825694444444
6,221.0,6.44,16,619.4,57992.82638888889
2,242.0,6.42,16,619.4,57992.82708333333
2,208.0,6.42,16,619.4,57992.82777777778
2,215.0,6.47,16,619.4,57992.82847222222
8,213.0,6.53,16,619.4,57992.82916666667
9,226.0,6.62,16,619.4,57992.82986111111
6,204.0,6.68,16,619.4,57992.830555555556
10,221.0,6.72,14,619.4,57992.83125
8,203.0,6.71,14,619.4,57992.83194444444
12,205.0,6.69,14,619.3,57992.83263888889
12,210.0,6.69,15,619.3,57992.833333333336
12,201.0,6.67,14,619.3,57992.834027777775
9,226.0,6.66,14,619.3,57992.83472222222
8,260.0,6.66,14,619.4,57992.83541666667
9,282.0,6.66,13,619.4,57992.83611111111
5,277.0,6.66,13,619.4,57992.836805555555
6,233.0,6.69,13,619.4,57992.8375
5,235.0,6.73,13,619.4,57992.83819444444
3,257.0,6.79,13,619.4,57992.83888888889
0,248.0,6.8,13,619.4,57992.839583333334
6,220.0,6.78,13,619.4,57992.84027777778
10,219.0,6.77,13,619.4,57992.84097222222
8,279.0,6.79,14,619.4,57992.84166666667
8,215.0,6.81,15,619.4,57992.842361111114
7,255.0,6.84,17,619.4,57992.84305555555
8,248.0,6.89,19,619.4,57992.84375
9,234.0,6.91,21,619.4,57992.84444444445
12,265.0,6.93,24,619.4,57992.845138888886
6,250.0,6.91,25,619.4,57992.84583333333
3,243.0,6.87,25,619.4,57992.84652777778
5,240.0,6.84,24,619.4,57992.84722222222
2,259.0,6.81,23,619.4,57992.847916666666
8,251.0,6.79,23,619.4,57992.84861111111
10,240.0,6.81,26,619.4,57992.84930555556
10,255.0,6.82,27,619.4,57992.85
10,248.0,6.8,21,619.4,57992.850694444445
11,238.0,6.8,18,619.3,57992.85138888889
11,269.0,6.79,19,619.3,57992.85208333333
9,248.0,6.77,17,619.4,57992.85277777778
7,247.0,6.76,17,619.4,57992.853472222225
4,240.0,6.74,18,619.4,57992.854166666664
6,278.0,6.76,29,619.3,57992.85486111111
9,228.0,6.8,36,619.4,57992.85555555556
7,210.0,6.79,33,619.4,57992.85625
5,263.0,6.78,32,619.4,57992.856944444444
7,214.0,6.83,33,619.4,57992.85763888889
9,237.0,6.89,29,619.4,57992.85833333333
10,242.0,6.97,30,619.4,57992.85902777778
9,234.0,7.08,40,619.4,57992.85972222222
6,221.0,7.15,35,619.4,57992.86041666667
7,245.0,7.17,32,619.4,57992.86111111111
7,256.0,7.18,32,619.4,57992.861805555556
7,269.0,7.13,33,619.4,57992.8625
11,249.0,7.1,35,619.4,57992.86319444444
6,193.0,7.11,34,619.4,57992.86388888889
2,212.0,7.14,34,619.4,57992.864583333336
2,283.0,7.21,35,619.4,57992.865277777775
4,237.0,7.3,36,619.4,57992.86597222222
7,230.0,7.37,36,619.4,57992.86666666667
11,258.0,7.39,35,619.4,57992.86736111111
10,232.0,7.4,38,619.4,57992.868055555555
8,237.0,7.39,41,619.4,57992.86875
11,283.0,7.38,42,619.5,57992.86944444444
5,224.0,7.35,42,619.5,57992.87013888889
8,220.0,7.29,41,619.4,57992.870833333334
7,241.0,7.21,41,619.4,57992.87152777778
9,243.0,7.12,41,619.5,57992.87222222222
10,231.0,7.06,40,619.5,57992.87291666667
7,219.0,7.0,40,619.4,57992.873611111114
6,272.0,6.93,37,619.4,57992.87430555555
7,192.0,6.87,44,619.5,57992.875
9,230.0,6.83,44,619.5,57992.87569444445
8,246.0,6.81,49,619.5,57992.876388888886
9,236.0,6.76,47,619.5,57992.87708333333
5,210.0,6.7,48,619.5,57992.87777777778
4,241.0,6.63,49,619.5,57992.87847222222
0,192.0,6.55,50,619.4,57992.879166666666
10,202.0,6.52,50,619.4,57992.87986111111
12,230.0,6.57,50,619.4,57992.88055555556
5,224.0,6.62,48,619.4,57992.88125
3,250.0,6.66,47,619.4,57992.881944444445
6,232.0,6.69,48,619.4,57992.88263888889
12,243.0,6.74,50,619.4,57992.88333333333
6,218.0,6.78,50,619.4,57992.88402777778
9,217.0,6.81,51,619.4,57992.884722222225
10,208.0,6.82,51,619.4,57992.885416666664
5,204.0,6.82,51,619.4,57992.88611111111
2,235.0,6.87,51,619.4,57992.88680555556
4,279.0,6.95,52,619.4,57992.8875
7,248.0,7.06,52,619.4,57992.888194444444
10,257.0,7.21,52,619.4,57992.88888888889
7,230.0,7.34,52,619.4,57992.88958333333
11,226.0,7.42,52,619.4,57992.89027777778
11,250.0,7.49,51,619.4,57992.89097222222
13,242.0,7.53,51,619.4,57992.89166666667
12,207.0,7.57,51,619.4,57992.89236111111
10,246.0,7.56,51,619.4,57992.893055555556
6,246.0,7.53,51,619.4,57992.89375
5,242.0,7.52,53,619.4,57992.89444444444
9,228.0,7.51,53,619.4,57992.89513888889
9,268.0,7.5,53,619.4,57992.895833333336
9,265.0,7.5,53,619.4,57992.896527777775
13,223.0,7.52,53,619.4,57992.89722222222
10,218.0,7.55,52,619.4,57992.89791666667
11,234.0,7.58,52,619.4,57992.89861111111
15,234.0,7.6,54,619.4,57992.899305555555
17,228.0,7.59,58,619.4,57992.9
11,214.0,7.52,56,619.4,57992.90069444444
6,216.0,7.41,56,619.4,57992.90138888889
4,226.0,7.3,56,619.3,57992.902083333334
5,254.0,7.22,57,619.3,57992.90277777778
10,189.0,7.18,57,619.2,57992.90347222222
12,206.0,7.2,57,619.3,57992.90416666667
14,219.0,7.27,56,619.3,57992.904861111114
12,217.0,7.37,55,619.3,57992.90555555555
10,241.0,7.46,53,619.3,57992.90625
12,256.0,7.53,53,619.3,57992.90694444445
12,234.0,7.57,53,619.3,57992.907638888886
10,237.0,7.61,53,619.3,57992.90833333333
11,241.0,7.63,53,619.3,57992.90902777778
13,239.0,7.64,52,619.3,57992.90972222222
16,248.0,7.67,52,619.2,57992.910416666666
16,247.0,7.69,52,619.3,57992.91111111111
14,193.0,7.7,52,619.3,57992.91180555556
11,208.0,7.72,52,619.3,57992.9125
14,247.0,7.74,52,619.3,57992.913194444445
13,209.0,7.77,50,619.3,57992.91388888889
13,225.0,7.81,49,619.3,57992.91458333333
13,227.0,7.82,49,619.3,57992.91527777778
13,243.0,7.84,52,619.3,57992.915972222225
10,244.0,7.81,52,619.4,57992.916666666664
11,264.0,7.78,53,619.4,57992.91736111111
10,244.0,7.76,54,619.4,57992.91805555556
7,257.0,7.74,55,619.4,57992.91875
4,243.0,7.72,54,619.4,57992.919444444444
3,164.0,7.69,56,619.3,57992.92013888889
6,199.0,7.7,58,619.3,57992.92083333333
18,244.0,7.72,51,619.3,57992.92152777778
18,223.0,7.74,49,619.3,57992.92222222222
12,231.0,7.74,51,619.4,57992.92291666667
13,222.0,7.67,53,619.4,57992.92361111111
12,234.0,7.58,54,619.4,57992.924305555556
10,268.0,7.48,52,619.3,57992.925
10,265.0,7.37,49,619.3,57992.92569444444
13,288.0,7.28,51,619.3,57992.92638888889
13,245.0,7.23,53,619.3,57992.927083333336
19,239.0,7.23,56,619.3,57992.927777777775
17,231.0,7.26,53,619.3,57992.92847222222
18,234.0,7.29,49,619.3,57992.92916666667
13,243.0,7.36,50,619.3,57992.92986111111
14,234.0,7.42,52,619.3,57992.930555555555
12,248.0,7.43,52,619.3,57992.93125
7,249.0,7.42,50,619.4,57992.93194444444
9,232.0,7.41,44,619.4,57992.93263888889
5,222.0,7.45,45,619.4,57992.933333333334
1,269.0,7.53,46,619.3,57992.93402777778
5,121.0,7.67,49,619.3,57992.93472222222
5,161.0,7.87,45,619.3,57992.93541666667
2,234.0,8.03,29,619.4,57992.936111111114
2,245.0,8.15,26,619.3,57992.93680555555
2,254.0,8.23,26,619.3,57992.9375
8,251.0,8.29,27,619.3,57992.93819444445
8,224.0,8.35,24,619.3,57992.938888888886
7,272.0,8.4,24,619.3,57992.93958333333
6,220.0,8.48,28,619.3,57992.94027777778
8,227.0,8.54,30,619.3,57992.94097222222
12,219.0,8.53,28,619.3,57992.941666666666
16,221.0,8.47,25,619.3,57992.94236111111
9,265.0,8.44,28,619.3,57992.94305555556
11,275.0,8.44,30,619.3,57992.94375
15,246.0,8.47,28,619.3,57992.944444444445
11,221.0,8.51,31,619.3,57992.94513888889
10,259.0,8.56,36,619.3,57992.94583333333
9,244.0,8.59,36,619.3,57992.94652777778
13,244.0,8.66,31,619.3,57992.947222222225
11,240.0,8.76,32,619.3,57992.947916666664
13,245.0,8.85,32,619.2,57992.94861111111
12,266.0,8.9,30,619.2,57992.94930555556
11,267.0,8.93,31,619.2,57992.95
10,263.0,8.92,31,619.2,57992.950694444444
8,222.0,8.87,32,619.2,57992.95138888889
5,195.0,8.81,32,619.2,57992.95208333333
13,244.0,8.75,32,619.1,57992.95277777778
8,243.0,8.73,35,619.2,57992.95347222222
13,231.0,8.73,38,619.2,57992.95416666667
12,229.0,8.78,39,619.2,57992.95486111111
7,252.0,8.78,37,619.2,57992.955555555556
6,204.0,8.71,39,619.2,57992.95625
10,267.0,8.66,42,619.2,57992.95694444444
9,242.0,8.62,45,619.1,57992.95763888889
10,235.0,8.64,47,619.2,57992.958333333336
9,236.0,8.68,49,619.1,57992.959027777775
18,251.0,8.75,56,619.1,57992.95972222222
11,274.0,8.78,56,619.2,57992.96041666667
9,240.0,8.75,56,619.2,57992.96111111111
12,222.0,8.7,58,619.2,57992.961805555555
14,258.0,8.66,61,619.2,57992.9625
12,252.0,8.55,59,619.1,57992.96319444444
13,231.0,8.41,57,619.1,57992.96388888889
11,215.0,8.27,57,619.1,57992.964583333334
14,256.0,8.14,56,619.1,57992.96527777778
10,229.0,8.08,55,619.1,57992.96597222222
7,237.0,8.0,57,619.2,57992.96666666667
2,234.0,7.9,58,619.1,57992.967361111114
1,223.0,7.79,59,619.1,57992.96805555555
7,239.0,7.69,59,619.0,57992.96875
12,235.0,7.65,62,619.1,57992.96944444445
15,227.0,7.69,63,619.0,57992.970138888886
14,234.0,7.76,60,619.0,57992.97083333333
10,224.0,7.79,58,619.1,57992.97152777778
5,241.0,7.78,59,619.1,57992.97222222222
1,197.0,7.76,59,619.1,57992.972916666666
10,214.0,7.77,59,619.0,57992.97361111111
16,219.0,7.83,60,618.9,57992.97430555556
18,213.0,7.9,59,619.0,57992.975
11,244.0,7.95,59,619.0,57992.975694444445
8,255.0,7.96,59,619.0,57992.97638888889
9,223.0,7.93,60,619.0,57992.97708333333
13,215.0,7.93,62,619.0,57992.97777777778
10,206.0,7.91,62,619.0,57992.978472222225
10,268.0,7.87,63,619.0,57992.979166666664
5,277.0,7.8,63,619.0,57992.97986111111
4,262.0,7.74,63,619.0,57992.98055555556
9,240.0,7.7,64,619.0,57992.98125
17,222.0,7.7,66,619.0,57992.981944444444
14,233.0,7.7,65,618.9,57992.98263888889
15,221.0,7.69,63,618.9,57992.98333333333
15,215.0,7.67,62,618.9,57992.98402777778
14,217.0,7.64,63,618.9,57992.98472222222
15,198.0,7.59,64,618.9,57992.98541666667
20,229.0,7.54,64,618.9,57992.98611111111
17,201.0,7.55,65,618.9,57992.986805555556
14,230.0,7.56,66,618.9,57992.9875
16,210.0,7.55,68,618.9,57992.98819444444
12,196.0,7.54,68,618.9,57992.98888888889
10,219.0,7.5,68,618.9,57992.989583333336
23,229.0,7.45,68,618.8,57992.990277777775
20,246.0,7.41,68,618.8,57992.99097222222
16,216.0,7.38,66,618.9,57992.99166666667
17,225.0,7.34,66,618.8,57992.99236111111
22,229.0,7.37,71,618.8,57992.993055555555
18,234.0,7.39,71,618.9,57992.99375
16,225.0,7.38,71,618.8,57992.99444444444
10,271.0,7.35,71,618.8,57992.99513888889
5,209.0,7.27,71,618.8,57992.995833333334
10,229.0,7.17,71,618.9,57992.99652777778
13,218.0,7.08,73,618.9,57992.99722222222
16,245.0,6.98,74,618.9,57992.99791666667
15,193.0,6.92,75,618.8,57992.998611111114
10,212.0,6.87,74,618.9,57992.99930555555
7,196.0,6.83,74,618.9,57993.0
5,174.0,6.81,75,618.9,57993.00069444445
2,204.0,6.87,77,618.9,57993.001388888886
6,239.0,6.95,77,618.9,57993.00208333333
2,251.0,7.02,77,618.8,57993.00277777778
10,248.0,7.04,76,618.8,57993.00347222222
14,280.0,7.1,76,618.9,57993.004166666666
8,209.0,7.18,75,618.9,57993.00486111111
8,248.0,7.29,75,618.9,57993.00555555556
3,225.0,7.42,74,618.9,57993.00625
2,249.0,7.51,73,618.9,57993.006944444445
2,17.0,7.55,73,618.8,57993.00763888889
7,340.0,7.55,74,618.9,57993.00833333333
3,333.0,7.63,74,618.9,57993.00902777778
0,22.0,7.76,74,618.9,57993.009722222225
4,14.0,7.95,75,618.9,57993.010416666664
3,265.0,8.12,70,618.9,57993.01111111111
8,289.0,8.2,69,618.9,57993.01180555556
4,264.0,8.23,71,618.9,57993.0125
0,13.0,8.16,71,618.9,57993.013194444444
1,281.0,8.05,72,618.9,57993.01388888889
2,283.0,7.93,71,618.9,57993.01458333333
1,27.0,7.84,71,618.9,57993.01527777778
3,343.0,7.82,71,618.9,57993.01597222222
1,132.0,7.82,71,618.9,57993.01666666667
0,100.0,7.85,71,618.9,57993.01736111111
4,12.0,7.89,72,618.9,57993.018055555556
4,31.0,7.94,73,618.9,57993.01875
1,65.0,7.96,72,618.9,57993.01944444444
7,145.0,8.04,72,618.8,57993.02013888889
3,22.0,8.14,70,618.8,57993.020833333336
4,298.0,8.2,70,618.8,57993.021527777775
6,46.0,8.21,70,618.9,57993.02222222222
4,214.0,8.15,69,618.9,57993.02291666667
8,256.0,8.06,70,618.8,57993.02361111111
10,292.0,8.03,71,618.8,57993.024305555555
4,52.0,8.1,71,618.9,57993.025
3,289.0,8.24,72,618.9,57993.02569444444
4,51.0,8.38,71,618.9,57993.02638888889
4,29.0,8.4,70,618.9,57993.027083333334
1,275.0,8.29,69,618.9,57993.02777777778
8,282.0,8.12,69,618.9,57993.02847222222
7,288.0,7.95,70,618.9,57993.02916666667
3,306.0,7.81,70,618.9,57993.029861111114
1,306.0,7.73,71,618.9,57993.03055555555
4,298.0,7.66,71,618.9,57993.03125
1,306.0,7.55,72,618.9,57993.03194444445
0,7.0,7.43,72,618.9,57993.032638888886
1,277.0,7.33,73,618.9,57993.03333333333
9,250.0,7.29,73,618.9,57993.03402777778
12,273.0,7.29,72,618.9,57993.03472222222
8,270.0,7.29,72,618.9,57993.035416666666
2,243.0,7.21,72,618.9,57993.03611111111
3,278.0,7.13,73,618.9,57993.03680555556
2,244.0,7.12,72,618.9,57993.0375
5,286.0,7.14,71,618.9,57993.038194444445
13,243.0,7.19,71,618.9,57993.03888888889
15,251.0,7.25,71,618.8,57993.03958333333
11,254.0,7.3,73,618.8,57993.04027777778
12,261.0,7.3,74,618.9,57993.040972222225
8,237.0,7.3,74,618.8,57993.041666666664
13,219.0,7.31,73,618.8,57993.04236111111
13,209.0,7.37,73,618.8,57993.04305555556
8,261.0,7.41,73,618.9,57993.04375
8,234.0,7.45,71,618.8,57993.044444444444
10,256.0,7.49,68,618.9,57993.04513888889
6,262.0,7.54,67,618.9,57993.04583333333
7,233.0,7.61,64,618.9,57993.04652777778
9,255.0,7.76,63,618.9,57993.04722222222
13,245.0,7.95,61,618.9,57993.04791666667
7,263.0,8.1,58,618.9,57993.04861111111
6,253.0,8.2,58,618.9,57993.049305555556
8,256.0,8.28,57,618.9,57993.05
10,295.0,8.39,57,618.9,57993.05069444444
5,294.0,8.5,59,618.9,57993.05138888889
5,276.0,8.61,56,618.9,57993.052083333336
0,332.0,8.74,54,618.9,57993.052777777775
0,6.0,8.83,51,618.9,57993.05347222222
1,6.0,8.89,50,619.0,57993.05416666667
2,243.0,8.9,44,619.0,57993.05486111111
2,64.0,8.96,48,618.9,57993.055555555555
6,236.0,9.12,62,618.9,57993.05625
6,299.0,9.18,50,618.9,57993.05694444444
6,279.0,9.23,43,619.0,57993.05763888889
2,10.0,9.26,46,618.9,57993.058333333334
7,32.0,9.37,69,618.9,57993.05902777778
6,17.0,9.42,71,618.9,57993.05972222222
3,58.0,9.35,72,618.9,57993.06041666667
1,43.0,9.22,73,618.9,57993.061111111114
1,54.0,9.1,74,618.9,57993.06180555555
3,83.0,8.93,73,618.9,57993.0625
0,62.0,8.75,73,618.9,57993.06319444445
1,31.0,8.57,74,618.9,57993.063888888886
1,52.0,8.4,75,618.9,57993.06458333333
4,59.0,8.29,76,618.9,57993.06527777778
1,37.0,8.18,77,618.9,57993.06597222222
6,41.0,8.04,73,618.9,57993.066666666666
13,283.0,7.94,66,618.9,57993.06736111111
10,274.0,7.96,54,618.9,57993.06805555556
6,0.0,8.1,53,618.9,57993.06875
1,190.0,8.31,52,618.9,57993.069444444445
2,353.0,8.57,63,618.9,57993.07013888889
3,90.0,8.77,59,618.9,57993.07083333333
0,301.0,8.92,53,618.9,57993.07152777778
0,34.0,9.08,55,618.9,57993.072222222225
3,14.0,9.24,68,618.9,57993.072916666664
4,24.0,9.29,67,618.9,57993.07361111111
1,21.0,9.29,69,618.9,57993.07430555556
1,267.0,9.24,64,618.9,57993.075
3,237.0,9.15,45,618.9,57993.075694444444
5,270.0,9.13,45,618.9,57993.07638888889
6,264.0,9.1,44,618.9,57993.07708333333
5,235.0,9.09,43,618.9,57993.07777777778
7,261.0,9.1,41,618.9,57993.07847222222
6,245.0,9.15,41,618.8,57993.07916666667
10,244.0,9.29,43,618.9,57993.07986111111
11,267.0,9.46,48,618.9,57993.080555555556
6,285.0,9.61,53,618.9,57993.08125
3,273.0,9.63,50,618.9,57993.08194444444
3,288.0,9.59,50,618.9,57993.08263888889
0,22.0,9.46,51,618.9,57993.083333333336
1,239.0,9.29,56,618.8,57993.084027777775
6,321.0,9.1,52,618.9,57993.08472222222
1,269.0,8.95,51,618.9,57993.08541666667
2,300.0,8.83,52,618.9,57993.08611111111
2,292.0,8.73,52,618.9,57993.086805555555
4,30.0,8.73,57,618.9,57993.0875
5,225.0,8.75,50,618.9,57993.08819444444
14,265.0,8.9,47,618.9,57993.08888888889
7,297.0,9.11,40,618.9,57993.089583333334
6,278.0,9.35,52,618.9,57993.09027777778
13,291.0,9.5,52,618.9,57993.09097222222
10,293.0,9.58,49,618.9,57993.09166666667
6,278.0,9.57,46,618.9,57993.092361111114
4,257.0,9.49,48,618.9,57993.09305555555
0,292.0,9.36,48,618.9,57993.09375
6,303.0,9.25,50,618.9,57993.09444444445
9,322.0,9.2,50,618.9,57993.095138888886
8,279.0,9.22,49,618.9,57993.09583333333
10,196.0,9.29,48,618.9,57993.09652777778
8,267.0,9.3,48,618.9,57993.09722222222
8,250.0,9.3,48,618.8,57993.097916666666
5,259.0,9.31,48,618.8,57993.09861111111
14,237.0,9.34,49,618.9,57993.09930555556
8,245.0,9.3,50,618.9,57993.1
6,248.0,9.2,51,618.9,57993.100694444445
10,272.0,9.07,52,618.9,57993.10138888889
9,298.0,8.97,49,618.9,57993.10208333333
9,6.0,8.93,49,618.8,57993.10277777778
7,250.0,8.95,49,618.9,57993.103472222225
6,279.0,8.98,51,618.9,57993.104166666664
6,232.0,8.98,51,618.9,57993.10486111111
11,268.0,8.96,51,618.9,57993.10555555556
10,290.0,8.89,51,618.9,57993.10625
11,251.0,8.81,50,618.9,57993.106944444444
12,251.0,8.72,50,618.9,57993.10763888889
11,268.0,8.64,51,618.9,57993.10833333333
12,271.0,8.56,51,618.9,57993.10902777778
14,260.0,8.53,51,618.9,57993.10972222222
10,273.0,8.47,51,618.9,57993.11041666667
6,281.0,8.39,52,618.9,57993.11111111111
6,276.0,8.3,53,618.9,57993.111805555556
1,42.0,8.23,57,618.9,57993.1125
4,47.0,8.19,61,618.9,57993.11319444444
4,13.0,8.13,59,618.9,57993.11388888889
6,12.0,7.99,59,618.9,57993.114583333336
2,319.0,7.87,59,619.0,57993.115277777775
1,24.0,7.74,59,619.0,57993.11597222222
0,72.0,7.63,62,619.0,57993.11666666667
0,279.0,7.58,65,619.0,57993.11736111111
2,272.0,7.59,60,619.0,57993.118055555555
9,279.0,7.69,57,619.0,57993.11875
9,274.0,7.81,55,619.0,57993.11944444444
6,45.0,7.86,54,619.0,57993.12013888889
3,306.0,7.87,55,619.0,57993.120833333334
4,256.0,7.82,55,619.0,57993.12152777778
8,278.0,7.78,54,619.0,57993.12222222222
13,278.0,7.78,53,619.0,57993.12291666667
12,261.0,7.81,53,619.0,57993.123611111114
17,263.0,7.84,50,619.0,57993.12430555555
8,183.0,7.84,48,619.0,57993.125
5,279.0,7.75,48,619.0,57993.12569444445
13,250.0,7.63,45,618.9,57993.126388888886
15,279.0,7.55,48,618.9,57993.12708333333
13,248.0,7.52,48,618.9,57993.12777777778
9,244.0,7.5,51,619.0,57993.12847222222
9,299.0,7.49,51,619.0,57993.129166666666
6,267.0,7.47,49,619.0,57993.12986111111
9,267.0,7.44,54,619.0,57993.13055555556
10,252.0,7.38,52,619.0,57993.13125
9,248.0,7.31,52,619.0,57993.131944444445
13,262.0,7.26,57,619.0,57993.13263888889
13,284.0,7.22,59,619.0,57993.13333333333
20,246.0,7.21,55,618.9,57993.13402777778
16,252.0,7.23,52,619.0,57993.134722222225
13,250.0,7.24,52,619.0,57993.135416666664
14,264.0,7.24,52,619.0,57993.13611111111
11,267.0,7.23,54,619.0,57993.13680555556
9,275.0,7.21,56,619.0,57993.1375
9,265.0,7.19,55,619.1,57993.138194444444
8,271.0,7.14,53,619.1,57993.13888888889
10,250.0,7.07,54,619.1,57993.13958333333
14,245.0,7.01,54,619.1,57993.14027777778
16,262.0,7.01,54,619.1,57993.14097222222
15,243.0,7.03,51,619.1,57993.14166666667
11,230.0,7.03,49,619.1,57993.14236111111
14,236.0,6.98,49,619.1,57993.143055555556
13,244.0,6.92,49,619.1,57993.14375
12,267.0,6.84,47,619.1,57993.14444444444
9,229.0,6.77,47,619.1,57993.14513888889
10,252.0,6.7,47,619.1,57993.145833333336
14,234.0,6.65,50,619.1,57993.146527777775
14,270.0,6.64,51,619.1,57993.14722222222
14,248.0,6.68,51,619.1,57993.14791666667
15,258.0,6.73,50,619.1,57993.14861111111
16,248.0,6.77,51,619.1,57993.149305555555
14,252.0,6.8,51,619.1,57993.15
15,267.0,6.83,51,619.1,57993.15069444444
11,262.0,6.84,50,619.2,57993.15138888889
9,268.0,6.81,50,619.2,57993.152083333334
10,263.0,6.73,50,619.2,57993.15277777778
12,245.0,6.66,50,619.2,57993.15347222222
11,220.0,6.61,53,619.2,57993.15416666667
10,234.0,6.59,54,619.3,57993.154861111114
10,266.0,6.6,58,619.3,57993.15555555555
5,229.0,6.62,64,619.3,57993.15625
5,234.0,6.62,67,619.3,57993.15694444445
2,300.0,6.65,69,619.3,57993.157638888886
0,4.0,6.69,69,619.3,57993.15833333333
0,275.0,6.67,68,619.3,57993.15902777778
6,292.0,6.68,70,619.3,57993.15972222222
11,278.0,6.74,72,619.3,57993.160416666666
10,281.0,6.75,70,619.3,57993.16111111111
9,230.0,6.74,71,619.3,57993.16180555556
15,254.0,6.72,71,619.3,57993.1625
11,271.0,6.7,71,619.4,57993.163194444445
7,291.0,6.69,71,619.4,57993.16388888889
4,257.0,6.7,71,619.4,57993.16458333333
9,244.0,6.71,72,619.4,57993.16527777778
7,252.0,6.67,72,619.4,57993.165972222225
10,251.0,6.58,71,619.4,57993.166666666664
9,251.0,6.47,71,619.4,57993.16736111111
11,285.0,6.35,73,619.4,57993.16805555556
14,279.0,6.28,75,619.4,57993.16875
10,276.0,6.25,76,619.4,57993.169444444444
11,275.0,6.23,76,619.4,57993.17013888889
13,279.0,6.23,75,619.4,57993.17083333333
10,275.0,6.24,76,619.4,57993.17152777778
10,283.0,6.22,75,619.4,57993.17222222222
9,255.0,6.18,74,619.5,57993.17291666667
5,251.0,6.09,74,619.5,57993.17361111111
6,270.0,5.98,75,619.5,57993.174305555556
9,266.0,5.86,75,619.5,57993.175
8,246.0,5.74,75,619.5,57993.17569444444
9,245.0,5.64,75,619.5,57993.17638888889
8,299.0,5.59,77,619.5,57993.177083333336
4,253.0,5.59,80,619.5,57993.177777777775
2,280.0,5.59,80,619.5,57993.17847222222
5,285.0,5.63,81,619.5,57993.17916666667
3,282.0,5.7,81,619.5,57993.17986111111
3,265.0,5.76,80,619.5,57993.180555555555
0,321.0,5.8,79,619.5,57993.18125
2,292.0,5.84,78,619.5,57993.18194444444
3,267.0,5.87,77,619.6,57993.18263888889
1,249.0,5.83,76,619.6,57993.183333333334
0,245.0,5.74,76,619.6,57993.18402777778
0,256.0,5.61,76,619.5,57993.18472222222
0,16.0,5.5,76,619.5,57993.18541666667
0,288.0,5.43,77,619.5,57993.186111111114
0,52.0,5.37,78,619.5,57993.18680555555
0,12.0,5.33,78,619.5,57993.1875
1,16.0,5.3,77,619.6,57993.18819444445
0,62.0,5.29,77,619.6,57993.188888888886
0,276.0,5.26,77,619.6,57993.18958333333
0,302.0,5.19,77,619.6,57993.19027777778
0,286.0,5.11,78,619.6,57993.19097222222
0,269.0,5.0,77,619.6,57993.191666666666
0,256.0,4.87,76,619.6,57993.19236111111
0,248.0,4.76,76,619.6,57993.19305555556
0,248.0,4.67,77,619.6,57993.19375
2,294.0,4.62,79,619.6,57993.194444444445
3,285.0,4.59,79,619.6,57993.19513888889
5,276.0,4.56,79,619.6,57993.19583333333
1,268.0,4.51,78,619.6,57993.19652777778
0,271.0,4.48,79,619.6,57993.197222222225
0,271.0,4.44,79,619.6,57993.197916666664
0,302.0,4.4,80,619.6,57993.19861111111
0,300.0,4.37,80,619.6,57993.19930555556
0,311.0,4.33,81,619.6,57993.2
0,217.0,4.33,82,619.6,57993.200694444444
0,52.0,4.33,82,619.6,57993.20138888889
0,47.0,4.31,82,619.6,57993.20208333333
0,46.0,4.27,82,619.6,57993.20277777778
0,26.0,4.22,82,619.6,57993.20347222222
0,262.0,4.17,82,619.6,57993.20416666667
0,297.0,4.11,82,619.6,57993.20486111111
0,303.0,4.07,82,619.7,57993.205555555556
0,280.0,4.04,81,619.7,57993.20625
0,278.0,4.0,81,619.7,57993.20694444444
0,259.0,3.97,80,619.7,57993.20763888889
0,247.0,3.94,80,619.7,57993.208333333336
0,237.0,3.89,77,619.7,57993.209027777775
0,239.0,3.86,77,619.7,57993.20972222222
0,260.0,3.85,79,619.7,57993.21041666667
0,259.0,3.82,75,619.7,57993.21111111111
0,242.0,3.78,72,619.7,57993.211805555555
0,233.0,3.77,71,619.7,57993.2125
1,242.0,3.78,72,619.7,57993.21319444444
0,245.0,3.79,72,619.8,57993.21388888889
0,241.0,3.79,71,619.8,57993.214583333334
0,239.0,3.8,69,619.8,57993.21527777778
0,239.0,3.81,69,619.8,57993.21597222222
0,237.0,3.82,69,619.8,57993.21666666667
0,226.0,3.83,68,619.8,57993.217361111114
0,225.0,3.85,69,619.8,57993.21805555555
0,229.0,3.87,71,619.8,57993.21875
1,234.0,3.89,73,619.8,57993.21944444445
0,246.0,3.89,74,619.8,57993.220138888886
0,247.0,3.88,75,619.8,57993.22083333333
0,248.0,3.87,75,619.8,57993.22152777778
0,248.0,3.87,76,619.8,57993.22222222222
0,249.0,3.85,76,619.8,57993.222916666666
0,249.0,3.83,75,619.9,57993.22361111111
0,249.0,3.82,73,619.9,57993.22430555556
0,246.0,3.82,73,619.9,57993.225
0,248.0,3.81,73,619.8,57993.225694444445
0,248.0,3.81,73,619.8,57993.22638888889
0,251.0,3.8,73,619.8,57993.22708333333
0,247.0,3.8,71,619.8,57993.22777777778
1,244.0,3.77,67,619.8,57993.228472222225
0,231.0,3.77,66,619.9,57993.229166666664
0,228.0,3.76,65,619.9,57993.22986111111
0,225.0,3.76,64,619.9,57993.23055555556
0,225.0,3.76,63,619.9,57993.23125
0,223.0,3.75,62,619.9,57993.231944444444
0,221.0,3.71,58,619.9,57993.23263888889
0,220.0,3.68,52,619.9,57993.23333333333
0,222.0,3.67,51,619.9,57993.23402777778
0,243.0,3.64,39,619.9,57993.23472222222
0,244.0,3.67,50,619.9,57993.23541666667
0,244.0,3.73,60,619.9,57993.23611111111
0,244.0,3.74,63,619.9,57993.236805555556
0,244.0,3.75,63,619.9,57993.2375
0,244.0,3.74,63,619.9,57993.23819444444
0,244.0,3.73,63,619.9,57993.23888888889
0,245.0,3.73,63,619.9,57993.239583333336
0,245.0,3.7,63,619.9,57993.240277777775
0,245.0,3.68,65,620.0,57993.24097222222
0,245.0,3.67,67,620.0,57993.24166666667
0,245.0,3.66,69,620.0,57993.24236111111
0,245.0,3.65,71,620.0,57993.243055555555
0,249.0,3.64,73,620.0,57993.24375
0,254.0,3.64,75,620.0,57993.24444444444
0,254.0,3.62,76,620.0,57993.24513888889
0,254.0,3.59,77,620.0,57993.245833333334
0,254.0,3.56,76,620.0,57993.24652777778
0,254.0,3.52,75,620.0,57993.24722222222
0,254.0,3.47,75,620.0,57993.24791666667
0,254.0,3.44,76,620.0,57993.248611111114
0,254.0,3.4,75,620.0,57993.24930555555
0,255.0,3.37,76,620.0,57993.25
0,255.0,3.34,76,620.0,57993.25069444445
0,253.0,3.31,76,620.0,57993.251388888886
0,255.0,3.3,76,620.0,57993.25208333333
0,256.0,3.28,77,620.0,57993.25277777778
0,261.0,3.27,77,620.0,57993.25347222222
0,252.0,3.26,77,620.0,57993.254166666666
0,242.0,3.23,76,620.0,57993.25486111111
0,235.0,3.22,78,620.1,57993.25555555556
0,235.0,3.22,79,620.1,57993.25625
0,244.0,3.21,79,620.1,57993.256944444445
0,244.0,3.21,79,620.1,57993.25763888889
0,244.0,3.21,79,620.1,57993.25833333333
0,260.0,3.2,79,620.1,57993.25902777778
0,267.0,3.2,79,620.1,57993.259722222225
0,267.0,3.19,79,620.1,57993.260416666664
0,267.0,3.19,77,620.1,57993.26111111111
0,307.0,3.18,73,620.1,57993.26180555556
0,308.0,3.2,73,620.1,57993.2625
0,311.0,3.22,75,620.1,57993.263194444444
0,32.0,3.23,74,620.1,57993.26388888889
0,32.0,3.22,72,620.1,57993.26458333333
0,32.0,3.19,60,620.1,57993.26527777778
0,32.0,3.22,61,620.1,57993.26597222222
0,20.0,3.3,68,620.1,57993.26666666667
0,20.0,3.35,73,620.1,57993.26736111111
0,302.0,3.37,74,620.1,57993.268055555556
0,299.0,3.38,75,620.1,57993.26875
0,299.0,3.37,75,620.1,57993.26944444444
0,300.0,3.36,77,620.1,57993.27013888889
0,339.0,3.32,77,620.1,57993.270833333336
0,343.0,3.28,77,620.1,57993.271527777775
0,343.0,3.25,77,620.1,57993.27222222222
0,343.0,3.21,77,620.1,57993.27291666667
0,343.0,3.18,78,620.1,57993.27361111111
0,343.0,3.15,78,620.1,57993.274305555555
0,343.0,3.12,79,620.2,57993.275
0,343.0,3.08,79,620.2,57993.27569444444
0,345.0,3.05,79,620.2,57993.27638888889
0,33.0,3.02,79,620.2,57993.277083333334
0,47.0,2.96,77,620.2,57993.27777777778
0,48.0,2.9,73,620.2,57993.27847222222
0,48.0,2.86,72,620.2,57993.27916666667
0,48.0,2.82,72,620.2,57993.279861111114
0,48.0,2.79,71,620.2,57993.28055555555
0,152.0,2.78,70,620.2,57993.28125
0,162.0,2.75,61,620.2,57993.28194444445
0,162.0,2.75,48,620.2,57993.282638888886
0,163.0,2.78,36,620.2,57993.28333333333
0,164.0,2.84,28,620.2,57993.28402777778
0,164.0,2.96,28,620.2,57993.28472222222
0,171.0,3.11,32,620.2,57993.285416666666
0,171.0,3.25,34,620.2,57993.28611111111
0,169.0,3.33,30,620.2,57993.28680555556
0,53.0,3.4,30,620.2,57993.2875
0,53.0,3.49,51,620.2,57993.288194444445
0,53.0,3.53,61,620.3,57993.28888888889
0,53.0,3.48,62,620.3,57993.28958333333
0,66.0,3.4,63,620.3,57993.29027777778
0,66.0,3.32,65,620.3,57993.290972222225
0,66.0,3.24,62,620.3,57993.291666666664
0,100.0,3.14,47,620.3,57993.29236111111
0,130.0,3.09,39,620.3,57993.29305555556
0,219.0,3.12,40,620.3,57993.29375
0,230.0,3.13,30,620.3,57993.294444444444
0,230.0,3.18,27,620.3,57993.29513888889
0,232.0,3.26,28,620.3,57993.29583333333
0,237.0,3.32,26,620.3,57993.29652777778
0,245.0,3.39,26,620.3,57993.29722222222
0,245.0,3.46,25,620.3,57993.29791666667
0,245.0,3.52,26,620.3,57993.29861111111
0,243.0,3.55,26,620.3,57993.299305555556
0,233.0,3.57,26,620.3,57993.3
0,229.0,3.6,28,620.3,57993.30069444444
0,229.0,3.63,29,620.3,57993.30138888889
0,229.0,3.66,30,620.3,57993.302083333336
0,229.0,3.69,31,620.3,57993.302777777775
0,229.0,3.71,30,620.3,57993.30347222222
0,228.0,3.73,29,620.4,57993.30416666667
0,228.0,3.75,29,620.4,57993.30486111111
0,228.0,3.77,29,620.4,57993.305555555555
0,228.0,3.79,28,620.4,57993.30625
0,228.0,3.8,27,620.4,57993.30694444444
0,228.0,3.81,25,620.4,57993.30763888889
0,228.0,3.83,24,620.4,57993.308333333334
0,228.0,3.85,25,620.4,57993.30902777778
0,86.0,3.86,23,620.4,57993.30972222222
0,90.0,3.89,40,620.4,57993.31041666667
0,99.0,3.86,49,620.4,57993.311111111114
0,107.0,3.76,56,620.4,57993.31180555555
0,107.0,3.63,62,620.4,57993.3125
0,108.0,3.46,56,620.4,57993.31319444445
0,110.0,3.27,34,620.4,57993.313888888886
0,110.0,3.21,36,620.4,57993.31458333333
0,110.0,3.18,27,620.4,57993.31527777778
0,110.0,3.19,24,620.4,57993.31597222222
0,110.0,3.25,22,620.4,57993.316666666666
0,110.0,3.31,19,620.4,57993.31736111111
0,106.0,3.38,16,620.4,57993.31805555556
0,110.0,3.53,42,620.4,57993.31875
0,112.0,3.59,38,620.4,57993.319444444445
0,112.0,3.54,30,620.4,57993.32013888889
0,112.0,3.5,24,620.4,57993.32083333333
0,113.0,3.5,22,620.4,57993.32152777778
0,112.0,3.53,27,620.4,57993.322222222225
0,112.0,3.58,30,620.4,57993.322916666664
0,112.0,3.55,21,620.4,57993.32361111111
0,112.0,3.55,17,620.4,57993.32430555556
0,112.0,3.58,14,620.4,57993.325
0,112.0,3.63,13,620.4,57993.325694444444
0,112.0,3.68,12,620.4,57993.32638888889
0,112.0,3.74,11,620.4,57993.32708333333
0,112.0,3.81,11,620.4,57993.32777777778
0,112.0,3.87,11,620.4,57993.32847222222
0,112.0,3.94,10,620.4,57993.32916666667
0,101.0,3.99,11,620.4,57993.32986111111
0,101.0,4.03,11,620.4,57993.330555555556
0,101.0,4.07,10,620.4,57993.33125
0,100.0,4.1,10,620.4,57993.33194444444
0,100.0,4.13,12,620.4,57993.33263888889
0,100.0,4.16,13,620.4,57993.333333333336
0,100.0,4.14,11,620.4,57993.334027777775
0,98.0,4.13,11,620.4,57993.33472222222
0,97.0,4.13,10,620.4,57993.33541666667
0,97.0,4.14,10,620.4,57993.33611111111
0,97.0,4.15,10,620.4,57993.336805555555
0,97.0,4.16,10,620.4,57993.3375
0,97.0,4.18,10,620.4,57993.33819444444
0,97.0,4.19,10,620.4,57993.33888888889
0,97.0,4.21,10,620.4,57993.339583333334
0,97.0,4.22,10,620.4,57993.34027777778
0,97.0,4.22,10,620.4,57993.34097222222
0,97.0,4.23,10,620.4,57993.34166666667
0,97.0,4.25,9,620.4,57993.342361111114
0,97.0,4.26,9,620.4,57993.34305555555
0,97.0,4.28,9,620.4,57993.34375
0,98.0,4.29,9,620.4,57993.34444444445
0,98.0,4.31,10,620.4,57993.345138888886
0,97.0,4.33,13,620.4,57993.34583333333
0,86.0,4.34,17,620.4,57993.34652777778
0,78.0,4.29,17,620.4,57993.34722222222
0,76.0,4.23,21,620.4,57993.347916666666
0,77.0,4.16,24,620.4,57993.34861111111
0,77.0,4.08,27,620.4,57993.34930555556
0,87.0,4.0,31,620.4,57993.35
0,92.0,3.94,40,620.4,57993.350694444445
0,98.0,3.87,48,620.4,57993.35138888889
0,108.0,3.77,51,620.4,57993.35208333333
0,108.0,3.66,49,620.4,57993.35277777778
0,108.0,3.56,43,620.3,57993.353472222225
0,108.0,3.48,37,620.3,57993.354166666664
0,108.0,3.45,33,620.3,57993.35486111111
0,108.0,3.43,32,620.3,57993.35555555556
0,108.0,3.44,30,620.3,57993.35625
0,108.0,3.45,30,620.3,57993.356944444444
0,108.0,3.48,34,620.3,57993.35763888889
0,108.0,3.49,36,620.3,57993.35833333333
0,108.0,3.48,35,620.3,57993.35902777778
0,108.0,3.46,33,620.3,57993.35972222222
0,108.0,3.42,29,620.3,57993.36041666667
0,108.0,3.4,27,620.3,57993.36111111111
0,108.0,3.43,31,620.3,57993.361805555556
0,108.0,3.43,31,620.3,57993.3625
0,103.0,3.43,29,620.3,57993.36319444444
0,105.0,3.45,32,620.3,57993.36388888889
0,104.0,3.45,31,620.3,57993.364583333336
0,97.0,3.46,31,620.3,57993.365277777775
0,97.0,3.46,37,620.2,57993.36597222222
0,101.0,3.46,44,620.2,57993.36666666667
0,101.0,3.45,51,620.2,57993.36736111111
0,101.0,3.4,51,620.2,57993.368055555555
0,100.0,3.35,53,620.2,57993.36875
0,98.0,3.3,58,620.2,57993.36944444444
0,99.0,3.26,64,620.2,57993.37013888889
0,100.0,3.21,68,620.2,57993.370833333334
0,98.0,3.15,69,620.2,57993.37152777778
0,99.0,3.08,70,620.2,57993.37222222222
0,103.0,3.02,70,620.2,57993.37291666667
0,103.0,2.97,70,620.2,57993.373611111114
0,103.0,2.92,70,620.2,57993.37430555555
0,106.0,2.89,70,620.2,57993.375
0,114.0,2.87,68,620.2,57993.37569444445
0,171.0,2.82,51,620.2,57993.376388888886
0,202.0,2.78,31,620.2,57993.37708333333
0,204.0,2.82,24,620.2,57993.37777777778
0,205.0,2.92,19,620.1,57993.37847222222
0,205.0,3.05,15,620.1,57993.379166666666
0,209.0,3.22,14,620.1,57993.37986111111
0,211.0,3.38,15,620.1,57993.38055555556
0,216.0,3.53,15,620.1,57993.38125
0,216.0,3.66,16,620.1,57993.381944444445
0,216.0,3.76,16,620.1,57993.38263888889
0,216.0,3.83,16,620.1,57993.38333333333
0,216.0,3.89,16,620.1,57993.38402777778
0,216.0,3.93,16,620.1,57993.384722222225
0,215.0,3.95,15,620.1,57993.385416666664
0,205.0,3.96,14,620.1,57993.38611111111
0,205.0,3.97,13,620.1,57993.38680555556
0,205.0,3.98,12,620.1,57993.3875
0,205.0,3.98,12,620.1,57993.388194444444
0,205.0,3.95,13,620.1,57993.38888888889
0,206.0,3.95,13,620.1,57993.38958333333
0,205.0,3.94,12,620.1,57993.39027777778
0,205.0,3.95,12,620.1,57993.39097222222
0,205.0,3.95,12,620.1,57993.39166666667
0,205.0,3.97,12,620.1,57993.39236111111
0,198.0,3.98,13,620.1,57993.393055555556
0,188.0,3.99,24,620.1,57993.39375
0,188.0,3.97,36,620.1,57993.39444444444
0,188.0,3.88,40,620.1,57993.39513888889
0,188.0,3.78,43,620.1,57993.395833333336
0,188.0,3.68,42,620.1,57993.396527777775
0,188.0,3.6,41,620.0,57993.39722222222
0,181.0,3.53,42,620.0,57993.39791666667
0,138.0,3.49,52,620.0,57993.39861111111
0,127.0,3.45,59,620.0,57993.399305555555
0,127.0,3.36,61,620.0,57993.4
0,127.0,3.25,64,620.0,57993.40069444444
0,174.0,3.15,65,620.0,57993.40138888889
0,137.0,3.04,67,620.0,57993.402083333334
0,160.0,2.95,67,620.0,57993.40277777778
0,149.0,2.86,68,620.0,57993.40347222222
0,149.0,2.8,68,620.0,57993.40416666667
0,153.0,2.76,70,620.0,57993.404861111114
0,159.0,2.74,72,619.9,57993.40555555555
0,179.0,2.73,73,619.9,57993.40625
0,180.0,2.73,73,619.9,57993.40694444445
0,180.0,2.73,72,619.9,57993.407638888886
0,181.0,2.72,71,619.9,57993.40833333333
0,181.0,2.7,70,619.9,57993.40902777778
0,152.0,2.68,71,619.9,57993.40972222222
0,142.0,2.66,71,619.9,57993.410416666666
0,138.0,2.63,71,619.9,57993.41111111111
0,141.0,2.6,70,619.9,57993.41180555556
0,125.0,2.57,70,619.9,57993.4125
0,123.0,2.54,72,619.9,57993.413194444445
0,126.0,2.51,73,619.9,57993.41388888889
0,125.0,2.47,73,619.9,57993.41458333333
0,124.0,2.44,75,619.9,57993.41527777778
0,129.0,2.41,75,619.9,57993.415972222225
