wind_speed,wind_direction,temperature,relative_humidity,pressure,mjd
14,63.0,1.32,27,620.4,57960.416666666664
14,68.0,1.31,27,620.3,57960.41736111111
17,60.0,1.29,27,620.3,57960.41805555556
17,58.0,1.27,27,620.3,57960.41875
16,67.0,1.27,26,620.3,57960.419444444444
15,56.0,1.28,26,620.3,57960.42013888889
15,65.0,1.29,27,620.3,57960.42083333333
16,60.0,1.29,27,620.3,57960.42152777778
17,67.0,1.27,27,620.3,57960.42222222222
17,59.0,1.26,28,620.3,57960.42291666667
17,53.0,1.25,28,620.3,57960.42361111111
17,59.0,1.24,27,620.3,57960.424305555556
17,61.0,1.23,27,620.2,57960.425
16,62.0,1.25,28,620.2,57960.42569444444
18,53.0,1.25,29,620.2,57960.42638888889
18,61.0,1.24,29,620.2,57960.427083333336
19,52.0,1.23,29,620.2,57960.427777777775
19,61.0,1.23,29,620.2,57960.42847222222
18,61.0,1.23,28,620.2,57960.42916666667
19,59.0,1.23,28,620.2,57960.42986111111
18,56.0,1.21,28,620.2,57960.430555555555
19,56.0,1.2,28,620.1,57960.43125
20,57.0,1.19,28,620.1,57960.43194444444
20,60.0,1.2,28,620.1,57960.43263888889
20,55.0,1.2,29,620.1,57960.433333333334
19,63.0,1.22,29,620.1,57960.43402777778
19,60.0,1.23,29,620.1,57960.43472222222
19,57.0,1.23,29,620.1,57960.43541666667
19,59.0,1.25,29,620.1,57960.436111111114
20,65.0,1.24,29,620.1,57960.43680555555
19,59.0,1.23,29,620.1,57960.4375
19,62.0,1.22,29,620.1,57960.43819444445
18,59.0,1.2,29,620.1,57960.438888888886
18,60.0,1.17,29,620.1,57960.43958333333
17,62.0,1.17,29,620.1,57960.44027777778
17,61.0,1.17,29,620.1,57960.44097222222
17,57.0,1.17,29,620.1,57960.441666666666
18,62.0,1.17,29,620.1,57960.44236111111
18,67.0,1.17,29,620.0,57960.44305555556
17,61.0,1.19,30,620.0,57960.44375
16,69.0,1.21,29,620.0,57960.444444444445
16,74.0,1.22,30,620.0,57960.44513888889
16,75.0,1.23,30,620.0,57960.44583333333
16,70.0,1.23,30,620.0,57960.44652777778
16,58.0,1.23,30,620.0,57960.447222222225
17,68.0,1.23,30,620.0,57960.447916666664
17,67.0,1.23,30,620.0,57960.44861111111
16,56.0,1.23,30,620.0,57960.44930555556
16,69.0,1.23,30,620.0,57960.45
16,69.0,1.22,30,620.0,57960.450694444444
16,73.0,1.22,30,620.0,57960.45138888889
15,70.0,1.21,30,620.0,57960.45208333333
14,61.0,1.22,30,619.9,57960.45277777778
14,57.0,1.22,30,619.9,57960.45347222222
14,62.0,1.2,30,619.9,57960.45416666667
14,71.0,1.18,30,619.9,57960.45486111111
15,74.0,1.16,30,619.9,57960.455555555556
15,72.0,1.13,30,619.9,57960.45625
15,63.0,1.11,30,619.9,57960.45694444444
16,65.0,1.09,30,619.9,57960.45763888889
17,72.0,1.08,30,619.9,57960.458333333336
16,61.0,1.09,30,619.9,57960.459027777775
14,67.0,1.11,31,619.9,57960.45972222222
16,72.0,1.11,30,619.8,57960.46041666667
14,60.0,1.11,30,619.8,57960.46111111111
17,58.0,1.08,30,619.8,57960.461805555555
18,48.0,1.08,30,619.8,57960.4625
17,61.0,1.08,30,619.8,57960.46319444444
17,63.0,1.08,30,619.7,57960.46388888889
17,71.0,1.08,30,619.7,57960.464583333334
18,66.0,1.08,31,619.7,57960.46527777778
20,59.0,1.08,31,619.7,57960.46597222222
20,61.0,1.07,30,619.7,57960.46666666667
19,64.0,1.05,31,619.7,57960.467361111114
18,82.0,1.05,31,619.7,57960.46805555555
18,65.0,1.03,31,619.7,57960.46875
18,46.0,1.02,31,619.7,57960.46944444445
19,60.0,1.01,31,619.7,57960.470138888886
21,61.0,0.99,31,619.7,57960.47083333333
19,62.0,1.0,31,619.7,57960.47152777778
17,63.0,1.02,31,619.7,57960.47222222222
19,64.0,1.02,31,619.7,57960.472916666666
21,54.0,0.99,31,619.7,57960.47361111111
20,74.0,0.98,31,619.7,57960.47430555556
20,58.0,0.96,31,619.7,57960.475
19,62.0,0.95,32,619.6,57960.475694444445
18,59.0,0.93,32,619.6,57960.47638888889
19,59.0,0.9,32,619.6,57960.47708333333
19,61.0,0.89,32,619.6,57960.47777777778
19,66.0,0.87,32,619.6,57960.478472222225
18,48.0,0.86,32,619.6,57960.479166666664
21,66.0,0.85,32,619.6,57960.47986111111
20,58.0,0.83,32,619.6,57960.48055555556
19,59.0,0.83,32,619.6,57960.48125
19,72.0,0.81,32,619.5,57960.481944444444
21,64.0,0.8,32,619.5,57960.48263888889
18,72.0,0.8,32,619.6,57960.48333333333
18,65.0,0.8,33,619.6,57960.48402777778
20,58.0,0.78,32,619.6,57960.48472222222
20,61.0,0.77,33,619.6,57960.48541666667
20,65.0,0.75,34,619.5,57960.48611111111
21,58.0,0.74,34,619.5,57960.486805555556
21,55.0,0.72,35,619.5,57960.4875
21,59.0,0.7,35,619.5,57960.48819444444
20,43.0,0.69,35,619.5,57960.48888888889
20,57.0,0.68,35,619.5,57960.489583333336
22,62.0,0.68,35,619.5,57960.490277777775
20,46.0,0.68,36,619.5,57960.49097222222
21,56.0,0.66,35,619.4,57960.49166666667
21,56.0,0.65,34,619.4,57960.49236111111
21,61.0,0.62,33,619.4,57960.493055555555
21,61.0,0.62,34,619.4,57960.49375
21,59.0,0.62,34,619.4,57960.49444444444
22,49.0,0.62,33,619.4,57960.49513888889
20,61.0,0.63,34,619.4,57960.495833333334
20,64.0,0.62,33,619.4,57960.49652777778
21,59.0,0.62,33,619.4,57960.49722222222
22,53.0,0.62,32,619.4,57960.49791666667
21,45.0,0.62,32,619.4,57960.498611111114
21,52.0,0.62,32,619.4,57960.49930555555
21,64.0,0.64,32,619.4,57960.5
21,57.0,0.65,32,619.4,57960.50069444445
21,50.0,0.66,32,619.4,57960.501388888886
21,58.0,0.67,32,619.4,57960.50208333333
21,54.0,0.66,32,619.4,57960.50277777778
21,46.0,0.66,32,619.4,57960.50347222222
20,49.0,0.67,32,619.4,57960.504166666666
19,58.0,0.67,32,619.4,57960.50486111111
20,50.0,0.67,32,619.4,57960.50555555556
20,52.0,0.67,33,619.4,57960.50625
19,58.0,0.65,33,619.4,57960.506944444445
20,62.0,0.64,33,619.4,57960.50763888889
19,58.0,0.62,33,619.4,57960.50833333333
18,55.0,0.59,34,619.4,57960.50902777778
19,59.0,0.56,33,619.4,57960.509722222225
20,56.0,0.54,33,619.4,57960.510416666664
19,52.0,0.54,33,619.4,57960.51111111111
17,43.0,0.53,33,619.4,57960.51180555556
18,42.0,0.54,33,619.4,57960.5125
20,49.0,0.54,32,619.4,57960.513194444444
18,56.0,0.56,33,619.4,57960.51388888889
19,60.0,0.56,32,619.4,57960.51458333333
18,51.0,0.56,32,619.4,57960.51527777778
18,55.0,0.56,32,619.4,57960.51597222222
18,46.0,0.56,32,619.4,57960.51666666667
20,37.0,0.56,32,619.4,57960.51736111111
20,68.0,0.57,32,619.4,57960.518055555556
19,43.0,0.58,32,619.4,57960.51875
18,61.0,0.59,32,619.4,57960.51944444444
20,54.0,0.59,32,619.4,57960.52013888889
18,56.0,0.59,32,619.4,57960.520833333336
19,37.0,0.59,31,619.3,57960.521527777775
20,41.0,0.61,31,619.3,57960.52222222222
19,53.0,0.62,32,619.3,57960.52291666667
18,49.0,0.62,32,619.3,57960.52361111111
19,57.0,0.62,32,619.3,57960.524305555555
18,36.0,0.62,32,619.3,57960.525
18,46.0,0.62,32,619.3,57960.52569444444
19,44.0,0.62,30,619.3,57960.52638888889
19,51.0,0.62,31,619.3,57960.527083333334
19,61.0,0.62,31,619.3,57960.52777777778
17,37.0,0.65,31,619.2,57960.52847222222
18,48.0,0.66,31,619.2,57960.52916666667
17,47.0,0.67,31,619.2,57960.529861111114
20,49.0,0.67,30,619.2,57960.53055555555
20,52.0,0.68,30,619.2,57960.53125
18,42.0,0.68,30,619.2,57960.53194444445
18,44.0,0.68,30,619.2,57960.532638888886
19,48.0,0.69,31,619.2,57960.53333333333
19,43.0,0.68,31,619.2,57960.53402777778
17,56.0,0.68,30,619.2,57960.53472222222
19,45.0,0.68,30,619.2,57960.535416666666
19,57.0,0.68,29,619.2,57960.53611111111
18,51.0,0.68,30,619.2,57960.53680555556
18,45.0,0.68,29,619.2,57960.5375
18,54.0,0.68,29,619.2,57960.538194444445
17,37.0,0.68,29,619.3,57960.53888888889
16,37.0,0.69,30,619.3,57960.53958333333
17,55.0,0.69,28,619.3,57960.54027777778
16,44.0,0.68,27,619.3,57960.540972222225
15,51.0,0.68,28,619.3,57960.541666666664
15,41.0,0.68,26,619.3,57960.54236111111
15,50.0,0.68,24,619.3,57960.54305555556
14,58.0,0.68,25,619.3,57960.54375
14,61.0,0.68,25,619.3,57960.544444444444
13,51.0,0.69,25,619.3,57960.54513888889
12,59.0,0.7,26,619.3,57960.54583333333
14,41.0,0.68,25,619.3,57960.54652777778
13,45.0,0.67,24,619.3,57960.54722222222
13,49.0,0.66,24,619.3,57960.54791666667
13,46.0,0.67,25,619.3,57960.54861111111
13,46.0,0.67,25,619.3,57960.549305555556
13,46.0,0.68,25,619.3,57960.55
13,45.0,0.68,25,619.3,57960.55069444444
14,44.0,0.68,25,619.3,57960.55138888889
14,46.0,0.68,25,619.3,57960.552083333336
15,38.0,0.67,25,619.3,57960.552777777775
14,38.0,0.65,25,619.3,57960.55347222222
14,39.0,0.62,26,619.3,57960.55416666667
14,39.0,0.59,26,619.4,57960.55486111111
14,41.0,0.55,26,619.4,57960.555555555555
14,42.0,0.51,26,619.4,57960.55625
14,41.0,0.49,25,619.4,57960.55694444444
15,41.0,0.47,26,619.4,57960.55763888889
14,41.0,0.46,27,619.4,57960.558333333334
15,34.0,0.44,27,619.4,57960.55902777778
14,43.0,0.44,28,619.4,57960.55972222222
14,41.0,0.44,27,619.4,57960.56041666667
14,33.0,0.44,28,619.3,57960.561111111114
15,44.0,0.45,28,619.3,57960.56180555555
15,36.0,0.47,28,619.3,57960.5625
16,35.0,0.47,28,619.3,57960.56319444445
16,38.0,0.48,28,619.3,57960.563888888886
16,39.0,0.49,28,619.3,57960.56458333333
17,37.0,0.49,29,619.3,57960.56527777778
17,38.0,0.48,28,619.3,57960.56597222222
17,38.0,0.47,28,619.3,57960.566666666666
17,37.0,0.47,28,619.3,57960.56736111111
18,36.0,0.48,29,619.3,57960.56805555556
17,35.0,0.49,28,619.3,57960.56875
17,32.0,0.5,28,619.3,57960.569444444445
17,36.0,0.5,28,619.2,57960.57013888889
18,37.0,0.5,28,619.2,57960.57083333333
18,38.0,0.5,28,619.2,57960.57152777778
18,32.0,0.49,28,619.2,57960.572222222225
18,35.0,0.48,28,619.2,57960.572916666664
18,35.0,0.49,28,619.2,57960.57361111111
18,34.0,0.49,28,619.2,57960.57430555556
18,36.0,0.5,27,619.2,57960.575
18,36.0,0.5,27,619.2,57960.575694444444
19,42.0,0.51,27,619.2,57960.57638888889
19,34.0,0.54,27,619.2,57960.57708333333
18,37.0,0.57,27,619.2,57960.57777777778
18,41.0,0.6,27,619.1,57960.57847222222
18,37.0,0.62,27,619.1,57960.57916666667
19,31.0,0.65,27,619.1,57960.57986111111
19,30.0,0.66,27,619.1,57960.580555555556
17,35.0,0.69,27,619.1,57960.58125
18,40.0,0.71,27,619.1,57960.58194444444
18,36.0,0.71,27,619.1,57960.58263888889
17,33.0,0.71,27,619.1,57960.583333333336
17,33.0,0.71,27,619.1,57960.584027777775
18,38.0,0.71,27,619.1,57960.58472222222
17,33.0,0.71,27,619.2,57960.58541666667
17,35.0,0.69,27,619.2,57960.58611111111
17,37.0,0.66,27,619.2,57960.586805555555
17,34.0,0.65,27,619.1,57960.5875
16,39.0,0.63,27,619.1,57960.58819444444
16,32.0,0.62,27,619.1,57960.58888888889
17,38.0,0.6,27,619.2,57960.589583333334
14,35.0,0.59,27,619.2,57960.59027777778
15,32.0,0.59,27,619.2,57960.59097222222
14,35.0,0.59,27,619.2,57960.59166666667
13,18.0,0.59,26,619.2,57960.592361111114
12,32.0,0.59,26,619.2,57960.59305555555
14,28.0,0.59,26,619.2,57960.59375
14,37.0,0.6,26,619.2,57960.59444444445
12,29.0,0.62,26,619.2,57960.595138888886
13,28.0,0.62,26,619.2,57960.59583333333
13,32.0,0.63,26,619.2,57960.59652777778
12,36.0,0.65,26,619.2,57960.59722222222
12,32.0,0.65,26,619.2,57960.597916666666
12,32.0,0.66,26,619.2,57960.59861111111
13,32.0,0.65,26,619.2,57960.59930555556
12,28.0,0.65,26,619.2,57960.6
13,28.0,0.64,26,619.2,57960.600694444445
13,31.0,0.62,26,619.2,57960.60138888889
12,29.0,0.61,26,619.2,57960.60208333333
12,24.0,0.59,26,619.2,57960.60277777778
11,26.0,0.55,26,619.3,57960.603472222225
11,21.0,0.53,26,619.3,57960.604166666664
10,6.0,0.52,27,619.3,57960.60486111111
12,13.0,0.51,27,619.3,57960.60555555556
10,13.0,0.52,27,619.3,57960.60625
9,28.0,0.54,27,619.3,57960.606944444444
8,18.0,0.59,27,619.3,57960.60763888889
8,9.0,0.65,27,619.3,57960.60833333333
9,10.0,0.73,27,619.3,57960.60902777778
11,18.0,0.79,26,619.3,57960.60972222222
10,10.0,0.8,26,619.3,57960.61041666667
10,7.0,0.8,26,619.3,57960.61111111111
10,15.0,0.78,26,619.3,57960.611805555556
9,16.0,0.74,26,619.3,57960.6125
9,11.0,0.7,26,619.3,57960.61319444444
9,15.0,0.68,26,619.3,57960.61388888889
10,8.0,0.65,26,619.3,57960.614583333336
9,16.0,0.65,26,619.3,57960.615277777775
9,15.0,0.65,26,619.3,57960.61597222222
8,0.0,0.66,26,619.3,57960.61666666667
9,10.0,0.68,27,619.3,57960.61736111111
9,7.0,0.7,27,619.3,57960.618055555555
9,25.0,0.75,27,619.3,57960.61875
8,14.0,0.81,27,619.3,57960.61944444444
8,6.0,0.87,26,619.3,57960.62013888889
8,9.0,0.93,26,619.3,57960.620833333334
8,21.0,1.0,26,619.3,57960.62152777778
8,9.0,1.04,26,619.3,57960.62222222222
8,28.0,1.09,26,619.3,57960.62291666667
9,0.0,1.13,26,619.3,57960.623611111114
9,12.0,1.16,26,619.3,57960.62430555555
8,21.0,1.2,26,619.3,57960.625
12,19.0,1.23,26,619.3,57960.62569444445
12,18.0,1.23,25,619.3,57960.626388888886
11,0.0,1.23,25,619.3,57960.62708333333
14,22.0,1.18,25,619.3,57960.62777777778
15,19.0,1.12,25,619.2,57960.62847222222
17,18.0,1.05,25,619.2,57960.629166666666
19,19.0,0.95,25,619.2,57960.62986111111
21,23.0,0.86,24,619.2,57960.63055555556
23,20.0,0.79,24,619.2,57960.63125
20,23.0,0.75,26,619.2,57960.631944444445
20,23.0,0.74,26,619.2,57960.63263888889
18,25.0,0.73,26,619.2,57960.63333333333
19,25.0,0.71,26,619.2,57960.63402777778
19,25.0,0.7,25,619.2,57960.634722222225
18,26.0,0.68,25,619.2,57960.635416666664
17,24.0,0.66,25,619.2,57960.63611111111
17,24.0,0.65,25,619.2,57960.63680555556
18,23.0,0.63,25,619.2,57960.6375
19,32.0,0.6,25,619.2,57960.638194444444
19,28.0,0.56,25,619.3,57960.63888888889
19,30.0,0.52,25,619.3,57960.63958333333
18,28.0,0.5,25,619.3,57960.64027777778
18,19.0,0.49,24,619.3,57960.64097222222
19,24.0,0.48,24,619.3,57960.64166666667
19,25.0,0.47,23,619.3,57960.64236111111
18,26.0,0.48,23,619.3,57960.643055555556
17,23.0,0.47,22,619.3,57960.64375
19,29.0,0.45,22,619.3,57960.64444444444
18,23.0,0.44,21,619.3,57960.64513888889
19,20.0,0.43,21,619.3,57960.645833333336
19,17.0,0.43,21,619.3,57960.646527777775
17,26.0,0.43,21,619.3,57960.64722222222
18,22.0,0.45,21,619.3,57960.64791666667
18,25.0,0.48,21,619.3,57960.64861111111
19,21.0,0.49,21,619.3,57960.649305555555
19,20.0,0.49,21,619.3,57960.65
18,24.0,0.46,21,619.3,57960.65069444444
16,20.0,0.44,20,619.3,57960.65138888889
17,17.0,0.44,20,619.3,57960.652083333334
17,25.0,0.44,20,619.3,57960.65277777778
18,21.0,0.42,20,619.3,57960.65347222222
17,30.0,0.4,19,619.3,57960.65416666667
17,21.0,0.38,19,619.3,57960.654861111114
18,19.0,0.35,18,619.3,57960.65555555555
17,21.0,0.32,18,619.3,57960.65625
19,22.0,0.31,18,619.3,57960.65694444445
19,28.0,0.31,18,619.4,57960.657638888886
19,29.0,0.33,18,619.4,57960.65833333333
19,24.0,0.34,17,619.4,57960.65902777778
18,25.0,0.35,17,619.3,57960.65972222222
18,26.0,0.38,17,619.3,57960.660416666666
19,32.0,0.4,18,619.3,57960.66111111111
18,32.0,0.41,18,619.3,57960.66180555556
19,26.0,0.41,18,619.3,57960.6625
19,24.0,0.43,18,619.3,57960.663194444445
20,28.0,0.45,18,619.3,57960.66388888889
20,23.0,0.47,18,619.3,57960.66458333333
20,30.0,0.47,18,619.3,57960.66527777778
20,30.0,0.5,19,619.3,57960.665972222225
20,23.0,0.5,19,619.3,57960.666666666664
20,25.0,0.51,18,619.3,57960.66736111111
19,21.0,0.53,18,619.3,57960.66805555556
19,22.0,0.54,19,619.3,57960.66875
20,22.0,0.56,19,619.3,57960.669444444444
18,25.0,0.57,19,619.4,57960.67013888889
19,25.0,0.6,19,619.4,57960.67083333333
19,29.0,0.63,19,619.4,57960.67152777778
19,24.0,0.67,18,619.4,57960.67222222222
20,28.0,0.71,18,619.4,57960.67291666667
21,24.0,0.75,18,619.4,57960.67361111111
20,25.0,0.8,18,619.4,57960.674305555556
20,23.0,0.85,18,619.4,57960.675
21,23.0,0.9,18,619.4,57960.67569444444
20,24.0,0.95,18,619.4,57960.67638888889
21,26.0,1.0,18,619.4,57960.677083333336
21,29.0,1.04,18,619.4,57960.677777777775
21,25.0,1.09,18,619.4,57960.67847222222
21,27.0,1.13,18,619.4,57960.67916666667
21,27.0,1.18,18,619.4,57960.67986111111
22,28.0,1.22,18,619.4,57960.680555555555
22,24.0,1.27,18,619.4,57960.68125
22,26.0,1.32,18,619.4,57960.68194444444
21,29.0,1.36,18,619.4,57960.68263888889
20,25.0,1.41,18,619.4,57960.683333333334
22,26.0,1.44,18,619.4,57960.68402777778
23,24.0,1.48,18,619.4,57960.68472222222
23,23.0,1.52,18,619.4,57960.68541666667
23,24.0,1.56,18,619.4,57960.686111111114
20,25.0,1.61,18,619.5,57960.68680555555
21,26.0,1.64,18,619.5,57960.6875
22,24.0,1.68,18,619.5,57960.68819444445
22,29.0,1.71,18,619.5,57960.688888888886
21,25.0,1.74,18,619.5,57960.68958333333
21,29.0,1.77,18,619.5,57960.69027777778
21,23.0,1.8,18,619.5,57960.69097222222
22,22.0,1.83,19,619.5,57960.691666666666
22,30.0,1.88,19,619.5,57960.69236111111
21,23.0,1.92,19,619.5,57960.69305555556
23,26.0,1.96,19,619.5,57960.69375
23,26.0,2.0,19,619.5,57960.694444444445
22,23.0,2.03,18,619.5,57960.69513888889
22,27.0,2.07,18,619.6,57960.69583333333
21,27.0,2.11,18,619.6,57960.69652777778
22,28.0,2.13,18,619.6,57960.697222222225
22,25.0,2.15,18,619.6,57960.697916666664
24,35.0,2.18,18,619.6,57960.69861111111
21,34.0,2.22,18,619.6,57960.69930555556
23,23.0,2.25,18,619.6,57960.7
24,27.0,2.28,18,619.6,57960.700694444444
25,24.0,2.31,18,619.6,57960.70138888889
24,26.0,2.37,18,619.6,57960.70208333333
19,18.0,2.43,17,619.7,57960.70277777778
20,31.0,2.47,18,619.7,57960.70347222222
22,24.0,2.48,18,619.7,57960.70416666667
21,25.0,2.51,18,619.7,57960.70486111111
20,24.0,2.54,18,619.7,57960.705555555556
20,41.0,2.57,18,619.7,57960.70625
22,23.0,2.57,18,619.7,57960.70694444444
20,22.0,2.57,18,619.7,57960.70763888889
21,26.0,2.57,18,619.7,57960.708333333336
24,23.0,2.58,18,619.7,57960.709027777775
20,28.0,2.62,18,619.7,57960.70972222222
20,22.0,2.66,18,619.8,57960.71041666667
22,25.0,2.67,18,619.7,57960.71111111111
23,20.0,2.68,18,619.8,57960.711805555555
21,24.0,2.7,18,619.8,57960.7125
21,23.0,2.73,18,619.8,57960.71319444444
22,29.0,2.75,17,619.8,57960.71388888889
22,23.0,2.79,17,619.8,57960.714583333334
20,24.0,2.82,18,619.8,57960.71527777778
21,19.0,2.84,18,619.8,57960.71597222222
21,28.0,2.85,18,619.8,57960.71666666667
20,26.0,2.88,18,619.8,57960.717361111114
20,29.0,2.92,18,619.8,57960.71805555555
21,42.0,2.97,19,619.8,57960.71875
20,41.0,3.03,18,619.8,57960.71944444445
22,35.0,3.1,19,619.8,57960.720138888886
23,24.0,3.16,19,619.8,57960.72083333333
22,23.0,3.23,18,619.8,57960.72152777778
19,26.0,3.29,18,619.8,57960.72222222222
19,24.0,3.32,19,619.8,57960.722916666666
23,25.0,3.35,19,619.8,57960.72361111111
21,22.0,3.39,18,619.8,57960.72430555556
20,24.0,3.41,19,619.9,57960.725
20,14.0,3.41,19,619.8,57960.725694444445
20,22.0,3.43,19,619.9,57960.72638888889
21,26.0,3.44,18,619.9,57960.72708333333
22,25.0,3.47,18,619.9,57960.72777777778
22,26.0,3.51,19,619.9,57960.728472222225
20,27.0,3.57,18,619.9,57960.729166666664
19,22.0,3.61,19,619.9,57960.72986111111
20,21.0,3.65,19,619.9,57960.73055555556
19,23.0,3.69,18,619.9,57960.73125
20,28.0,3.74,18,619.9,57960.731944444444
22,23.0,3.79,18,619.9,57960.73263888889
20,26.0,3.83,18,619.9,57960.73333333333
21,19.0,3.83,18,619.9,57960.73402777778
19,18.0,3.82,18,619.9,57960.73472222222
20,54.0,3.81,18,619.9,57960.73541666667
21,25.0,3.82,18,619.9,57960.73611111111
21,20.0,3.82,18,619.9,57960.736805555556
21,28.0,3.85,18,619.9,57960.7375
17,36.0,3.84,18,620.0,57960.73819444444
19,24.0,3.81,18,619.9,57960.73888888889
21,29.0,3.81,18,619.9,57960.739583333336
22,24.0,3.85,18,619.9,57960.740277777775
21,19.0,3.88,18,620.0,57960.74097222222
20,27.0,3.89,17,620.0,57960.74166666667
21,22.0,3.87,17,620.0,57960.74236111111
19,34.0,3.83,17,619.9,57960.743055555555
20,24.0,3.81,17,620.0,57960.74375
21,24.0,3.79,17,620.0,57960.74444444444
19,23.0,3.79,18,620.0,57960.74513888889
19,23.0,3.8,19,620.0,57960.745833333334
20,34.0,3.83,18,620.0,57960.74652777778
21,25.0,3.92,17,620.0,57960.74722222222
19,43.0,4.01,18,620.0,57960.74791666667
20,24.0,4.06,18,620.0,57960.748611111114
18,34.0,4.1,18,620.0,57960.74930555555
18,30.0,4.11,18,620.1,57960.75
18,26.0,4.1,19,620.0,57960.75069444445
21,15.0,4.08,18,620.0,57960.751388888886
20,18.0,4.07,19,620.1,57960.75208333333
21,18.0,4.11,19,620.1,57960.75277777778
20,36.0,4.18,18,620.1,57960.75347222222
19,30.0,4.24,17,620.1,57960.754166666666
21,24.0,4.27,19,620.1,57960.75486111111
20,31.0,4.3,17,620.1,57960.75555555556
20,23.0,4.31,17,620.1,57960.75625
21,27.0,4.34,17,620.2,57960.756944444445
21,27.0,4.37,16,620.2,57960.75763888889
20,24.0,4.4,16,620.2,57960.75833333333
21,17.0,4.43,17,620.2,57960.75902777778
20,33.0,4.45,16,620.2,57960.759722222225
20,25.0,4.48,17,620.2,57960.760416666664
20,26.0,4.52,16,620.2,57960.76111111111
20,34.0,4.57,16,620.2,57960.76180555556
21,27.0,4.65,16,620.2,57960.7625
20,35.0,4.73,16,620.2,57960.763194444444
21,38.0,4.8,17,620.2,57960.76388888889
20,21.0,4.86,16,620.3,57960.76458333333
18,26.0,4.9,16,620.2,57960.76527777778
17,39.0,4.92,16,620.2,57960.76597222222
17,26.0,4.9,16,620.2,57960.76666666667
19,43.0,4.84,15,620.2,57960.76736111111
17,33.0,4.78,15,620.2,57960.768055555556
20,26.0,4.72,15,620.2,57960.76875
19,42.0,4.7,15,620.3,57960.76944444444
20,29.0,4.65,15,620.3,57960.77013888889
20,41.0,4.61,16,620.3,57960.770833333336
20,28.0,4.58,16,620.3,57960.771527777775
20,30.0,4.56,15,620.3,57960.77222222222
20,33.0,4.59,15,620.3,57960.77291666667
20,35.0,4.64,15,620.3,57960.77361111111
16,26.0,4.69,14,620.3,57960.774305555555
20,39.0,4.75,15,620.3,57960.775
15,30.0,4.8,16,620.4,57960.77569444444
16,37.0,4.79,18,620.4,57960.77638888889
17,24.0,4.77,17,620.4,57960.777083333334
18,29.0,4.76,15,620.4,57960.77777777778
19,33.0,4.81,15,620.4,57960.77847222222
20,23.0,4.91,15,620.4,57960.77916666667
22,42.0,5.07,14,620.4,57960.779861111114
19,50.0,5.22,14,620.4,57960.78055555555
17,24.0,5.3,16,620.4,57960.78125
20,45.0,5.33,15,620.4,57960.78194444445
18,38.0,5.37,15,620.4,57960.782638888886
19,32.0,5.4,15,620.4,57960.78333333333
19,33.0,5.44,14,620.3,57960.78402777778
19,22.0,5.48,14,620.3,57960.78472222222
22,39.0,5.52,15,620.3,57960.785416666666
21,39.0,5.56,14,620.3,57960.78611111111
21,26.0,5.65,14,620.4,57960.78680555556
20,32.0,5.73,13,620.4,57960.7875
15,24.0,5.75,14,620.4,57960.788194444445
20,28.0,5.75,14,620.4,57960.78888888889
18,22.0,5.75,13,620.4,57960.78958333333
18,27.0,5.8,14,620.4,57960.79027777778
19,31.0,5.87,14,620.4,57960.790972222225
19,29.0,5.94,14,620.4,57960.791666666664
23,23.0,6.01,14,620.4,57960.79236111111
22,30.0,6.11,14,620.4,57960.79305555556
21,28.0,6.23,15,620.4,57960.79375
15,13.0,6.28,15,620.4,57960.794444444444
15,30.0,6.26,16,620.4,57960.79513888889
18,39.0,6.19,17,620.4,57960.79583333333
19,37.0,6.13,16,620.4,57960.79652777778
18,36.0,6.1,16,620.4,57960.79722222222
20,20.0,6.07,16,620.4,57960.79791666667
17,30.0,6.06,17,620.4,57960.79861111111
15,27.0,6.03,18,620.4,57960.799305555556
21,30.0,6.01,16,620.4,57960.8
18,26.0,6.07,15,620.4,57960.80069444444
17,57.0,6.1,17,620.4,57960.80138888889
19,29.0,6.19,18,620.4,57960.802083333336
19,31.0,6.3,17,620.4,57960.802777777775
19,29.0,6.43,15,620.4,57960.80347222222
20,7.0,6.56,15,620.4,57960.80416666667
17,23.0,6.73,15,620.4,57960.80486111111
19,17.0,6.88,14,620.4,57960.805555555555
20,24.0,6.97,14,620.4,57960.80625
18,18.0,7.0,14,620.4,57960.80694444444
13,16.0,6.95,14,620.4,57960.80763888889
16,27.0,6.84,15,620.4,57960.808333333334
16,34.0,6.76,16,620.5,57960.80902777778
15,28.0,6.69,17,620.5,57960.80972222222
14,15.0,6.58,18,620.5,57960.81041666667
14,18.0,6.47,17,620.5,57960.811111111114
15,24.0,6.4,17,620.4,57960.81180555555
18,25.0,6.39,16,620.5,57960.8125
15,30.0,6.36,16,620.4,57960.81319444445
17,22.0,6.33,15,620.5,57960.813888888886
15,40.0,6.33,14,620.5,57960.81458333333
15,30.0,6.31,16,620.4,57960.81527777778
17,16.0,6.3,16,620.5,57960.81597222222
17,14.0,6.3,15,620.5,57960.816666666666
18,22.0,6.34,16,620.5,57960.81736111111
17,30.0,6.41,17,620.5,57960.81805555556
16,23.0,6.49,17,620.5,57960.81875
17,25.0,6.56,16,620.5,57960.819444444445
14,9.0,6.6,16,620.6,57960.82013888889
11,35.0,6.54,17,620.6,57960.82083333333
16,34.0,6.45,18,620.5,57960.82152777778
17,19.0,6.46,17,620.5,57960.822222222225
15,31.0,6.54,18,620.5,57960.822916666664
17,46.0,6.62,17,620.6,57960.82361111111
16,27.0,6.72,17,620.5,57960.82430555556
16,15.0,6.81,16,620.6,57960.825
15,20.0,6.85,15,620.5,57960.825694444444
16,37.0,6.87,15,620.5,57960.82638888889
15,7.0,6.81,16,620.5,57960.82708333333
16,18.0,6.74,17,620.5,57960.82777777778
15,43.0,6.73,17,620.5,57960.82847222222
16,21.0,6.68,17,620.5,57960.82916666667
19,26.0,6.64,18,620.5,57960.82986111111
18,51.0,6.63,19,620.5,57960.830555555556
18,14.0,6.65,19,620.5,57960.83125
16,36.0,6.7,18,620.5,57960.83194444444
17,42.0,6.73,19,620.5,57960.83263888889
18,30.0,6.77,19,620.5,57960.833333333336
17,27.0,6.79,20,620.5,57960.834027777775
16,43.0,6.76,19,620.5,57960.83472222222
20,26.0,6.7,20,620.5,57960.83541666667
19,24.0,6.71,18,620.4,57960.83611111111
18,46.0,6.76,18,620.5,57960.836805555555
18,37.0,6.82,19,620.5,57960.8375
22,34.0,6.9,18,620.4,57960.83819444444
21,55.0,7.01,17,620.5,57960.83888888889
18,37.0,7.08,17,620.5,57960.839583333334
17,28.0,7.05,17,620.5,57960.84027777778
16,44.0,7.0,16,620.5,57960.84097222222
16,20.0,6.97,16,620.5,57960.84166666667
19,36.0,6.97,16,620.5,57960.842361111114
21,35.0,7.01,17,620.4,57960.84305555555
22,46.0,7.08,18,620.4,57960.84375
22,32.0,7.13,18,620.4,57960.84444444445
21,22.0,7.11,18,620.4,57960.845138888886
15,47.0,7.05,17,620.5,57960.84583333333
16,30.0,6.97,18,620.4,57960.84652777778
20,19.0,6.96,18,620.4,57960.84722222222
20,36.0,7.03,18,620.4,57960.847916666666
19,21.0,7.11,18,620.4,57960.84861111111
20,19.0,7.2,19,620.4,57960.84930555556
20,37.0,7.31,18,620.4,57960.85
18,42.0,7.38,18,620.5,57960.850694444445
18,40.0,7.39,18,620.5,57960.85138888889
17,40.0,7.33,18,620.5,57960.85208333333
20,24.0,7.27,19,620.5,57960.85277777778
21,24.0,7.25,20,620.5,57960.853472222225
18,35.0,7.26,20,620.5,57960.854166666664
18,50.0,7.23,21,620.5,57960.85486111111
13,34.0,7.18,20,620.5,57960.85555555556
18,42.0,7.13,20,620.5,57960.85625
18,40.0,7.12,20,620.5,57960.856944444444
18,36.0,7.12,19,620.5,57960.85763888889
14,36.0,7.07,20,620.6,57960.85833333333
13,45.0,6.98,22,620.6,57960.85902777778
16,33.0,6.85,21,620.6,57960.85972222222
16,41.0,6.77,20,620.6,57960.86041666667
16,47.0,6.73,20,620.6,57960.86111111111
14,45.0,6.69,19,620.6,57960.861805555556
12,25.0,6.65,20,620.6,57960.8625
20,44.0,6.67,21,620.6,57960.86319444444
16,46.0,6.75,20,620.6,57960.86388888889
16,15.0,6.79,21,620.6,57960.864583333336
19,13.0,6.88,23,620.6,57960.865277777775
16,69.0,6.99,22,620.6,57960.86597222222
14,4.0,7.12,20,620.6,57960.86666666667
14,59.0,7.24,20,620.6,57960.86736111111
19,38.0,7.4,19,620.6,57960.868055555555
15,45.0,7.52,18,620.6,57960.86875
15,30.0,7.56,17,620.6,57960.86944444444
14,45.0,7.52,17,620.6,57960.87013888889
12,31.0,7.4,17,620.6,57960.870833333334
17,28.0,7.27,19,620.6,57960.87152777778
20,48.0,7.24,20,620.6,57960.87222222222
15,30.0,7.24,20,620.6,57960.87291666667
14,23.0,7.24,19,620.5,57960.873611111114
14,34.0,7.24,18,620.5,57960.87430555555
18,44.0,7.26,19,620.5,57960.875
18,42.0,7.33,18,620.5,57960.87569444445
15,50.0,7.39,18,620.5,57960.876388888886
14,41.0,7.38,18,620.5,57960.87708333333
15,30.0,7.4,18,620.5,57960.87777777778
17,28.0,7.46,18,620.5,57960.87847222222
17,46.0,7.57,18,620.5,57960.879166666666
11,55.0,7.63,17,620.6,57960.87986111111
16,40.0,7.61,17,620.5,57960.88055555556
15,32.0,7.58,16,620.6,57960.88125
15,31.0,7.51,16,620.6,57960.881944444445
12,0.0,7.43,16,620.6,57960.88263888889
19,32.0,7.39,18,620.5,57960.88333333333
15,22.0,7.43,17,620.6,57960.88402777778
13,41.0,7.45,17,620.6,57960.884722222225
13,40.0,7.45,19,620.6,57960.885416666664
12,47.0,7.37,19,620.6,57960.88611111111
17,16.0,7.25,19,620.6,57960.88680555556
16,49.0,7.19,19,620.6,57960.8875
16,43.0,7.12,18,620.6,57960.888194444444
11,41.0,7.02,18,620.6,57960.88888888889
15,20.0,6.92,19,620.5,57960.88958333333
15,35.0,6.93,19,620.5,57960.89027777778
14,32.0,6.94,19,620.5,57960.89097222222
12,56.0,6.92,18,620.5,57960.89166666667
13,57.0,6.89,18,620.5,57960.89236111111
12,32.0,6.88,18,620.5,57960.893055555556
16,62.0,6.95,19,620.5,57960.89375
14,51.0,7.1,19,620.5,57960.89444444444
12,40.0,7.23,18,620.5,57960.89513888889
13,72.0,7.31,18,620.5,57960.895833333336
14,39.0,7.31,18,620.5,57960.896527777775
17,8.0,7.3,17,620.6,57960.89722222222
10,55.0,7.26,16,620.6,57960.89791666667
13,33.0,7.22,17,620.6,57960.89861111111
14,53.0,7.18,18,620.6,57960.899305555555
11,36.0,7.12,18,620.6,57960.9
13,35.0,7.04,18,620.6,57960.90069444444
13,40.0,6.97,19,620.6,57960.90138888889
17,37.0,6.94,20,620.6,57960.902083333334
14,3.0,7.03,20,620.6,57960.90277777778
8,37.0,7.15,20,620.6,57960.90347222222
11,56.0,7.28,20,620.6,57960.90416666667
9,59.0,7.43,20,620.6,57960.904861111114
13,17.0,7.57,20,620.6,57960.90555555555
15,11.0,7.65,18,620.6,57960.90625
17,19.0,7.75,18,620.6,57960.90694444445
13,38.0,7.84,18,620.6,57960.907638888886
14,25.0,7.83,18,620.6,57960.90833333333
10,22.0,7.79,17,620.6,57960.90902777778
7,30.0,7.66,18,620.6,57960.90972222222
15,49.0,7.5,18,620.5,57960.910416666666
18,36.0,7.44,18,620.5,57960.91111111111
16,30.0,7.46,18,620.5,57960.91180555556
14,23.0,7.53,18,620.5,57960.9125
14,6.0,7.59,18,620.5,57960.913194444445
8,324.0,7.63,17,620.5,57960.91388888889
9,24.0,7.66,18,620.5,57960.91458333333
18,7.0,7.71,18,620.5,57960.91527777778
20,39.0,7.86,18,620.4,57960.915972222225
19,42.0,8.05,17,620.5,57960.916666666664
14,16.0,8.16,16,620.5,57960.91736111111
10,0.0,8.15,16,620.5,57960.91805555556
12,34.0,8.09,16,620.5,57960.91875
15,15.0,8.07,17,620.5,57960.919444444444
11,348.0,8.08,17,620.5,57960.92013888889
14,30.0,8.03,17,620.5,57960.92083333333
18,24.0,8.05,17,620.4,57960.92152777778
14,43.0,8.09,17,620.5,57960.92222222222
10,33.0,8.06,16,620.5,57960.92291666667
16,29.0,8.06,17,620.5,57960.92361111111
14,21.0,8.1,17,620.5,57960.924305555556
15,33.0,8.15,16,620.5,57960.925
9,55.0,8.15,16,620.5,57960.92569444444
12,20.0,8.09,16,620.5,57960.92638888889
16,46.0,8.09,16,620.5,57960.927083333336
15,26.0,8.08,16,620.5,57960.927777777775
22,9.0,8.11,17,620.4,57960.92847222222
19,29.0,8.29,16,620.4,57960.92916666667
15,24.0,8.52,16,620.5,57960.92986111111
11,25.0,8.67,15,620.5,57960.930555555555
13,37.0,8.73,15,620.5,57960.93125
15,23.0,8.75,16,620.5,57960.93194444444
18,45.0,8.79,16,620.4,57960.93263888889
17,35.0,8.79,16,620.4,57960.933333333334
14,45.0,8.71,16,620.4,57960.93402777778
10,104.0,8.53,16,620.5,57960.93472222222
7,39.0,8.32,17,620.4,57960.93541666667
14,12.0,8.16,18,620.4,57960.936111111114
16,18.0,8.11,18,620.4,57960.93680555555
19,27.0,8.19,18,620.4,57960.9375
14,33.0,8.32,18,620.4,57960.93819444445
5,61.0,8.36,18,620.5,57960.938888888886
9,19.0,8.31,18,620.4,57960.93958333333
20,39.0,8.31,19,620.4,57960.94027777778
17,36.0,8.38,19,620.4,57960.94097222222
15,9.0,8.48,19,620.4,57960.941666666666
16,18.0,8.53,18,620.4,57960.94236111111
18,39.0,8.61,18,620.3,57960.94305555556
16,21.0,8.69,18,620.3,57960.94375
11,347.0,8.7,17,620.3,57960.944444444445
17,34.0,8.68,18,620.3,57960.94513888889
19,42.0,8.68,19,620.3,57960.94583333333
13,52.0,8.63,19,620.4,57960.94652777778
18,22.0,8.61,20,620.3,57960.947222222225
16,32.0,8.7,19,620.3,57960.947916666664
14,44.0,8.81,18,620.4,57960.94861111111
16,34.0,8.91,19,620.3,57960.94930555556
18,30.0,9.08,19,620.3,57960.95
17,33.0,9.28,19,620.3,57960.950694444444
16,28.0,9.42,18,620.3,57960.95138888889
11,37.0,9.45,18,620.3,57960.95208333333
8,20.0,9.38,17,620.3,57960.95277777778
11,38.0,9.28,18,620.3,57960.95347222222
13,17.0,9.27,18,620.3,57960.95416666667
10,1.0,9.34,18,620.3,57960.95486111111
14,29.0,9.35,18,620.2,57960.955555555556
20,31.0,9.35,18,620.2,57960.95625
15,32.0,9.35,18,620.2,57960.95694444444
11,35.0,9.32,18,620.2,57960.95763888889
8,326.0,9.25,17,620.3,57960.958333333336
4,189.0,9.22,17,620.3,57960.959027777775
4,70.0,9.25,18,620.3,57960.95972222222
6,20.0,9.34,19,620.2,57960.96041666667
15,31.0,9.43,19,620.2,57960.96111111111
15,34.0,9.52,20,620.2,57960.961805555555
13,46.0,9.59,19,620.2,57960.9625
11,26.0,9.59,19,620.2,57960.96319444444
16,15.0,9.51,19,620.2,57960.96388888889
18,26.0,9.46,19,620.2,57960.964583333334
17,18.0,9.39,18,620.2,57960.96527777778
14,35.0,9.29,17,620.2,57960.96597222222
7,11.0,9.17,16,620.2,57960.96666666667
13,25.0,9.08,17,620.2,57960.967361111114
14,31.0,9.05,18,620.2,57960.96805555555
13,59.0,9.07,17,620.2,57960.96875
9,20.0,9.22,16,620.2,57960.96944444445
9,58.0,9.44,16,620.2,57960.970138888886
8,53.0,9.64,16,620.2,57960.97083333333
8,291.0,9.73,17,620.1,57960.97152777778
4,5.0,9.71,17,620.2,57960.97222222222
11,30.0,9.59,18,620.1,57960.972916666666
21,33.0,9.5,19,620.1,57960.97361111111
15,30.0,9.41,19,620.1,57960.97430555556
18,43.0,9.32,20,620.1,57960.975
16,341.0,9.34,20,620.1,57960.975694444445
10,12.0,9.43,19,620.1,57960.97638888889
14,28.0,9.43,18,620.1,57960.97708333333
14,24.0,9.36,17,620.1,57960.97777777778
12,92.0,9.37,17,620.1,57960.978472222225
19,41.0,9.49,17,620.0,57960.979166666664
20,23.0,9.7,17,620.0,57960.97986111111
18,18.0,9.84,17,620.0,57960.98055555556
21,9.0,9.92,17,620.0,57960.98125
18,37.0,9.96,16,620.0,57960.981944444444
14,21.0,9.93,17,620.0,57960.98263888889
14,18.0,9.86,18,620.0,57960.98333333333
8,74.0,9.82,17,620.0,57960.98402777778
8,47.0,9.78,17,620.0,57960.98472222222
15,33.0,9.76,18,620.0,57960.98541666667
13,347.0,9.79,17,620.0,57960.98611111111
8,33.0,9.82,16,620.0,57960.986805555556
10,301.0,9.82,17,620.0,57960.9875
10,12.0,9.79,16,620.0,57960.98819444444
15,29.0,9.74,16,620.0,57960.98888888889
10,330.0,9.76,15,620.0,57960.989583333336
7,21.0,9.76,15,620.0,57960.990277777775
6,246.0,9.65,15,620.0,57960.99097222222
3,13.0,9.48,16,620.0,57960.99166666667
9,18.0,9.28,16,620.0,57960.99236111111
21,22.0,9.12,17,619.9,57960.993055555555
19,4.0,9.06,17,620.0,57960.99375
17,32.0,9.08,17,619.9,57960.99444444444
17,214.0,9.16,16,619.9,57960.99513888889
11,183.0,9.24,16,620.0,57960.995833333334
13,275.0,9.37,16,620.0,57960.99652777778
11,4.0,9.46,15,620.0,57960.99722222222
6,195.0,9.45,15,620.0,57960.99791666667
7,286.0,9.37,15,619.9,57960.998611111114
5,345.0,9.34,16,619.9,57960.99930555555
11,343.0,9.35,16,619.9,57961.0
11,16.0,9.33,16,620.0,57961.00069444445
14,31.0,9.29,15,619.9,57961.001388888886
13,254.0,9.27,14,619.9,57961.00208333333
9,68.0,9.27,14,619.9,57961.00277777778
13,17.0,9.33,15,619.9,57961.00347222222
11,30.0,9.42,15,619.9,57961.004166666666
10,15.0,9.51,15,619.9,57961.00486111111
20,28.0,9.6,15,619.8,57961.00555555556
18,30.0,9.67,14,619.9,57961.00625
18,8.0,9.69,15,619.9,57961.006944444445
14,8.0,9.67,15,619.9,57961.00763888889
10,32.0,9.53,15,619.9,57961.00833333333
12,11.0,9.34,15,619.8,57961.00902777778
11,341.0,9.24,15,619.8,57961.009722222225
8,288.0,9.19,15,619.9,57961.010416666664
6,294.0,9.12,15,619.9,57961.01111111111
4,22.0,9.02,15,619.9,57961.01180555556
9,7.0,8.88,15,619.9,57961.0125
13,7.0,8.75,16,619.8,57961.013194444444
17,33.0,8.7,16,619.8,57961.01388888889
14,28.0,8.72,15,619.9,57961.01458333333
13,47.0,8.7,14,619.9,57961.01527777778
13,310.0,8.61,14,619.8,57961.01597222222
9,224.0,8.58,15,619.8,57961.01666666667
10,349.0,8.6,15,619.8,57961.01736111111
10,80.0,8.68,15,619.7,57961.018055555556
14,41.0,8.83,16,619.8,57961.01875
16,326.0,9.01,16,619.7,57961.01944444444
8,37.0,9.11,16,620.1,57961.02013888889
13,44.0,9.16,16,619.8,57961.020833333336
22,31.0,9.2,16,619.7,57961.021527777775
18,46.0,9.19,15,619.7,57961.02222222222
9,297.0,9.12,15,619.7,57961.02291666667
5,90.0,9.11,15,619.8,57961.02361111111
1,64.0,9.11,15,619.8,57961.024305555555
7,14.0,9.08,16,619.7,57961.025
10,176.0,9.07,15,619.7,57961.02569444444
7,345.0,9.02,15,619.7,57961.02638888889
4,28.0,8.91,16,619.7,57961.027083333334
12,23.0,8.76,15,619.7,57961.02777777778
19,37.0,8.64,15,619.7,57961.02847222222
18,15.0,8.58,15,619.7,57961.02916666667
13,20.0,8.59,15,619.7,57961.029861111114
8,38.0,8.63,16,619.7,57961.03055555555
11,32.0,8.77,16,619.7,57961.03125
16,16.0,8.92,17,619.7,57961.03194444445
18,37.0,9.02,16,619.6,57961.032638888886
20,24.0,9.04,15,619.7,57961.03333333333
14,336.0,8.98,15,619.7,57961.03402777778
8,276.0,8.85,14,619.7,57961.03472222222
5,30.0,8.66,14,619.7,57961.035416666666
15,22.0,8.47,15,619.7,57961.03611111111
20,26.0,8.36,16,619.6,57961.03680555556
15,25.0,8.26,15,619.6,57961.0375
15,345.0,8.17,15,619.7,57961.038194444445
23,30.0,8.11,15,619.6,57961.03888888889
19,61.0,8.1,15,619.6,57961.03958333333
9,23.0,8.07,16,619.7,57961.04027777778
12,36.0,8.04,16,619.6,57961.040972222225
18,26.0,8.09,17,619.6,57961.041666666664
21,34.0,8.25,16,619.6,57961.04236111111
17,0.0,8.39,16,619.6,57961.04305555556
20,25.0,8.51,15,619.6,57961.04375
20,34.0,8.6,14,619.6,57961.044444444444
17,15.0,8.61,14,619.6,57961.04513888889
16,36.0,8.58,14,619.6,57961.04583333333
19,30.0,8.5,15,619.6,57961.04652777778
17,31.0,8.5,15,619.6,57961.04722222222
18,32.0,8.56,15,619.6,57961.04791666667
14,36.0,8.61,16,619.5,57961.04861111111
21,21.0,8.61,16,619.5,57961.049305555556
19,21.0,8.62,16,619.5,57961.05
16,32.0,8.59,16,619.6,57961.05069444444
20,34.0,8.54,17,619.5,57961.05138888889
23,23.0,8.55,17,619.5,57961.052083333336
21,33.0,8.55,16,619.5,57961.052777777775
19,10.0,8.49,16,619.6,57961.05347222222
19,11.0,8.44,17,619.6,57961.05416666667
13,26.0,8.39,16,619.6,57961.05486111111
16,5.0,8.31,16,619.6,57961.055555555555
20,30.0,8.27,15,619.6,57961.05625
17,25.0,8.23,15,619.6,57961.05694444444
21,27.0,8.16,15,619.6,57961.05763888889
21,33.0,8.12,15,619.6,57961.058333333334
15,23.0,8.06,18,619.5,57961.05902777778
18,21.0,7.98,19,619.6,57961.05972222222
19,27.0,7.94,18,619.5,57961.06041666667
18,39.0,7.92,18,619.5,57961.061111111114
16,5.0,7.87,18,619.5,57961.06180555555
14,34.0,7.81,17,619.5,57961.0625
16,26.0,7.71,17,619.5,57961.06319444445
20,20.0,7.67,17,619.5,57961.063888888886
21,24.0,7.69,17,619.5,57961.06458333333
20,33.0,7.75,17,619.5,57961.06527777778
16,34.0,7.78,16,619.5,57961.06597222222
22,0.0,7.76,16,619.5,57961.066666666666
21,22.0,7.78,17,619.5,57961.06736111111
18,37.0,7.82,17,619.5,57961.06805555556
15,34.0,7.8,16,619.5,57961.06875
19,24.0,7.73,16,619.4,57961.069444444445
23,25.0,7.74,15,619.5,57961.07013888889
19,27.0,7.78,15,619.4,57961.07083333333
18,26.0,7.79,16,619.4,57961.07152777778
24,24.0,7.74,16,619.4,57961.072222222225
19,23.0,7.68,16,619.4,57961.072916666664
20,34.0,7.63,17,619.4,57961.07361111111
19,16.0,7.55,17,619.3,57961.07430555556
19,19.0,7.47,17,619.4,57961.075
18,27.0,7.37,17,619.3,57961.075694444444
24,26.0,7.28,17,619.4,57961.07638888889
19,8.0,7.24,17,619.3,57961.07708333333
21,22.0,7.18,17,619.3,57961.07777777778
21,6.0,7.13,16,619.4,57961.07847222222
19,19.0,7.06,15,619.3,57961.07916666667
18,36.0,6.97,15,619.4,57961.07986111111
20,16.0,6.93,16,619.3,57961.080555555556
23,27.0,6.94,16,619.2,57961.08125
18,28.0,6.94,16,619.3,57961.08194444444
20,34.0,6.93,15,619.3,57961.08263888889
21,24.0,6.88,16,619.2,57961.083333333336
20,11.0,6.83,16,619.3,57961.084027777775
19,37.0,6.79,16,619.3,57961.08472222222
18,28.0,6.77,16,619.3,57961.08541666667
19,30.0,6.76,15,619.2,57961.08611111111
17,34.0,6.73,15,619.2,57961.086805555555
19,24.0,6.68,15,619.2,57961.0875
16,11.0,6.65,16,619.2,57961.08819444444
18,24.0,6.58,17,619.2,57961.08888888889
19,32.0,6.52,17,619.1,57961.089583333334
18,13.0,6.51,16,619.2,57961.09027777778
17,24.0,6.54,17,619.2,57961.09097222222
20,30.0,6.57,17,619.2,57961.09166666667
21,21.0,6.61,16,619.2,57961.092361111114
17,28.0,6.63,15,619.2,57961.09305555555
17,25.0,6.62,15,619.1,57961.09375
17,10.0,6.59,15,619.2,57961.09444444445
16,28.0,6.54,15,619.1,57961.095138888886
17,14.0,6.48,16,619.1,57961.09583333333
14,152.0,6.38,16,619.1,57961.09652777778
19,341.0,6.27,16,619.1,57961.09722222222
17,3.0,6.2,16,619.1,57961.097916666666
15,12.0,6.15,16,619.1,57961.09861111111
15,36.0,6.14,16,619.1,57961.09930555556
19,9.0,6.14,16,619.1,57961.1
20,18.0,6.16,16,619.0,57961.100694444445
18,21.0,6.16,16,619.1,57961.10138888889
16,354.0,6.14,16,619.1,57961.10208333333
16,18.0,6.12,17,619.1,57961.10277777778
16,21.0,6.09,16,619.1,57961.103472222225
15,15.0,6.08,16,619.1,57961.104166666664
18,22.0,6.1,16,619.1,57961.10486111111
17,31.0,6.1,16,619.0,57961.10555555556
22,34.0,6.08,16,619.0,57961.10625
19,28.0,6.04,16,619.0,57961.106944444444
22,16.0,5.96,16,619.0,57961.10763888889
17,28.0,5.91,16,619.0,57961.10833333333
19,10.0,5.85,16,619.0,57961.10902777778
18,20.0,5.84,16,619.0,57961.10972222222
19,25.0,5.86,16,619.0,57961.11041666667
21,23.0,5.87,16,618.9,57961.11111111111
20,25.0,5.87,17,619.0,57961.111805555556
22,16.0,5.86,18,619.0,57961.1125
19,20.0,5.83,18,619.0,57961.11319444444
21,35.0,5.79,18,619.0,57961.11388888889
19,11.0,5.76,17,619.0,57961.114583333336
19,26.0,5.72,18,619.0,57961.115277777775
18,21.0,5.67,19,619.0,57961.11597222222
15,27.0,5.63,19,619.0,57961.11666666667
17,21.0,5.64,18,619.0,57961.11736111111
20,27.0,5.66,17,619.0,57961.118055555555
17,350.0,5.68,17,619.0,57961.11875
16,30.0,5.69,18,619.0,57961.11944444444
17,15.0,5.68,18,619.0,57961.12013888889
17,20.0,5.65,18,619.0,57961.120833333334
19,24.0,5.61,18,619.0,57961.12152777778
19,21.0,5.56,18,619.0,57961.12222222222
17,20.0,5.51,17,619.1,57961.12291666667
19,25.0,5.47,16,619.0,57961.123611111114
18,26.0,5.44,16,619.0,57961.12430555555
19,28.0,5.4,17,619.0,57961.125
16,44.0,5.35,17,619.0,57961.12569444445
19,30.0,5.3,17,619.0,57961.126388888886
20,15.0,5.29,18,619.0,57961.12708333333
18,22.0,5.29,19,619.0,57961.12777777778
18,29.0,5.29,19,619.0,57961.12847222222
19,10.0,5.3,19,619.0,57961.129166666666
21,23.0,5.3,19,619.0,57961.12986111111
24,11.0,5.32,19,619.0,57961.13055555556
23,23.0,5.35,19,619.0,57961.13125
22,18.0,5.35,19,619.0,57961.131944444445
21,30.0,5.33,19,618.9,57961.13263888889
20,18.0,5.3,19,618.9,57961.13333333333
20,20.0,5.27,18,618.9,57961.13402777778
21,17.0,5.26,18,618.9,57961.134722222225
22,15.0,5.23,18,618.9,57961.135416666664
22,19.0,5.17,18,618.9,57961.13611111111
24,347.0,5.11,19,618.9,57961.13680555556
23,21.0,5.08,19,618.8,57961.1375
27,19.0,5.07,19,618.8,57961.138194444444
24,30.0,5.04,19,618.8,57961.13888888889
26,27.0,5.02,19,618.8,57961.13958333333
27,33.0,5.01,19,618.8,57961.14027777778
26,23.0,5.01,19,618.8,57961.14097222222
25,20.0,4.98,18,618.8,57961.14166666667
25,25.0,4.94,19,618.8,57961.14236111111
26,26.0,4.89,19,618.8,57961.143055555556
25,15.0,4.83,19,618.8,57961.14375
26,22.0,4.76,19,618.8,57961.14444444444
25,18.0,4.7,19,618.8,57961.14513888889
26,27.0,4.64,20,618.8,57961.145833333336
26,20.0,4.6,20,618.8,57961.146527777775
27,25.0,4.57,21,618.8,57961.14722222222
24,21.0,4.56,20,618.9,57961.14791666667
29,22.0,4.55,20,618.8,57961.14861111111
29,23.0,4.53,20,618.9,57961.149305555555
29,23.0,4.52,20,618.9,57961.15
25,12.0,4.5,21,618.9,57961.15069444444
26,27.0,4.47,22,618.9,57961.15138888889
30,19.0,4.44,22,618.9,57961.152083333334
28,24.0,4.41,22,618.9,57961.15277777778
27,35.0,4.37,22,618.9,57961.15347222222
29,35.0,4.32,22,618.8,57961.15416666667
28,34.0,4.27,22,618.8,57961.154861111114
28,31.0,4.2,22,618.9,57961.15555555555
27,28.0,4.13,20,618.9,57961.15625
25,18.0,4.08,21,618.9,57961.15694444445
25,22.0,4.04,21,618.9,57961.157638888886
26,27.0,4.01,21,618.9,57961.15833333333
27,28.0,3.98,22,618.9,57961.15902777778
25,21.0,3.93,23,618.9,57961.15972222222
28,26.0,3.88,22,618.9,57961.160416666666
25,39.0,3.83,21,618.9,57961.16111111111
27,31.0,3.77,21,618.9,57961.16180555556
28,16.0,3.71,22,618.9,57961.1625
29,24.0,3.66,22,618.8,57961.163194444445
31,28.0,3.61,22,618.8,57961.16388888889
27,26.0,3.57,22,618.9,57961.16458333333
28,22.0,3.53,21,618.9,57961.16527777778
28,22.0,3.49,21,618.9,57961.165972222225
31,28.0,3.46,21,618.9,57961.166666666664
30,26.0,3.43,22,618.9,57961.16736111111
29,28.0,3.42,21,618.9,57961.16805555556
29,26.0,3.4,21,618.9,57961.16875
29,26.0,3.37,22,618.9,57961.169444444444
28,31.0,3.34,21,618.9,57961.17013888889
29,27.0,3.3,21,618.9,57961.17083333333
30,29.0,3.26,21,618.9,57961.17152777778
29,31.0,3.23,22,618.9,57961.17222222222
27,32.0,3.2,22,618.9,57961.17291666667
27,28.0,3.17,22,619.0,57961.17361111111
27,25.0,3.13,23,619.0,57961.174305555556
26,26.0,3.08,23,619.0,57961.175
26,26.0,3.04,23,619.0,57961.17569444444
27,27.0,2.99,23,619.1,57961.17638888889
27,25.0,2.94,23,619.1,57961.177083333336
27,28.0,2.89,23,619.1,57961.177777777775
27,30.0,2.85,23,619.1,57961.17847222222
25,27.0,2.81,23,619.1,57961.17916666667
25,28.0,2.77,23,619.1,57961.17986111111
25,33.0,2.75,23,619.1,57961.180555555555
25,34.0,2.71,23,619.1,57961.18125
26,32.0,2.68,23,619.1,57961.18194444444
26,29.0,2.65,24,619.1,57961.18263888889
26,30.0,2.62,24,619.1,57961.183333333334
26,27.0,2.6,25,619.1,57961.18402777778
26,25.0,2.59,24,619.1,57961.18472222222
24,28.0,2.57,21,619.1,57961.18541666667
23,34.0,2.57,23,619.2,57961.186111111114
25,28.0,2.54,23,619.2,57961.18680555555
24,29.0,2.51,22,619.2,57961.1875
25,27.0,2.48,23,619.2,57961.18819444445
26,27.0,2.46,23,619.2,57961.188888888886
25,27.0,2.43,23,619.2,57961.18958333333
25,27.0,2.41,23,619.2,57961.19027777778
25,25.0,2.39,23,619.2,57961.19097222222
25,28.0,2.36,23,619.1,57961.191666666666
26,28.0,2.33,22,619.1,57961.19236111111
24,29.0,2.32,23,619.2,57961.19305555556
25,30.0,2.29,23,619.2,57961.19375
24,32.0,2.27,23,619.2,57961.194444444445
20,28.0,2.25,24,619.2,57961.19513888889
21,34.0,2.24,25,619.2,57961.19583333333
22,33.0,2.22,24,619.2,57961.19652777778
21,30.0,2.2,24,619.2,57961.197222222225
20,20.0,2.18,24,619.3,57961.197916666664
21,36.0,2.17,24,619.3,57961.19861111111
22,31.0,2.14,23,619.3,57961.19930555556
22,28.0,2.11,23,619.3,57961.2
23,29.0,2.09,23,619.3,57961.200694444444
23,31.0,2.06,22,619.4,57961.20138888889
20,36.0,2.04,22,619.3,57961.20208333333
21,33.0,2.03,24,619.3,57961.20277777778
21,37.0,2.02,23,619.3,57961.20347222222
22,30.0,2.02,23,619.3,57961.20416666667
23,32.0,2.02,23,619.3,57961.20486111111
24,32.0,1.99,23,619.3,57961.205555555556
25,31.0,1.95,23,619.3,57961.20625
25,32.0,1.91,21,619.3,57961.20694444444
24,32.0,1.88,21,619.3,57961.20763888889
25,31.0,1.86,21,619.3,57961.208333333336
25,36.0,1.86,20,619.4,57961.209027777775
24,36.0,1.87,20,619.4,57961.20972222222
23,36.0,1.9,20,619.4,57961.21041666667
23,38.0,1.93,20,619.4,57961.21111111111
23,31.0,1.96,20,619.4,57961.211805555555
24,32.0,1.99,19,619.4,57961.2125
25,32.0,2.0,18,619.4,57961.21319444444
26,28.0,2.02,17,619.4,57961.21388888889
25,37.0,2.02,17,619.4,57961.214583333334
25,30.0,2.02,17,619.4,57961.21527777778
25,29.0,2.02,17,619.4,57961.21597222222
27,34.0,2.02,18,619.4,57961.21666666667
27,31.0,1.99,17,619.4,57961.217361111114
28,27.0,1.98,19,619.4,57961.21805555555
28,35.0,1.96,18,619.4,57961.21875
28,28.0,1.93,17,619.4,57961.21944444445
27,26.0,1.93,17,619.4,57961.220138888886
26,32.0,1.93,17,619.4,57961.22083333333
27,26.0,1.93,16,619.4,57961.22152777778
27,30.0,1.94,16,619.4,57961.22222222222
27,33.0,1.97,15,619.4,57961.222916666666
28,29.0,2.0,15,619.4,57961.22361111111
28,23.0,2.05,15,619.5,57961.22430555556
26,21.0,2.09,15,619.5,57961.225
27,41.0,2.13,15,619.5,57961.225694444445
26,33.0,2.16,15,619.5,57961.22638888889
29,26.0,2.19,15,619.5,57961.22708333333
29,37.0,2.21,16,619.4,57961.22777777778
28,29.0,2.21,15,619.4,57961.228472222225
28,30.0,2.21,16,619.4,57961.229166666664
28,34.0,2.2,16,619.5,57961.22986111111
28,35.0,2.18,16,619.5,57961.23055555556
27,33.0,2.17,16,619.5,57961.23125
28,30.0,2.15,16,619.5,57961.231944444444
27,35.0,2.15,16,619.5,57961.23263888889
27,23.0,2.15,16,619.5,57961.23333333333
27,29.0,2.15,15,619.5,57961.23402777778
27,32.0,2.16,15,619.5,57961.23472222222
28,31.0,2.17,15,619.5,57961.23541666667
26,28.0,2.18,15,619.5,57961.23611111111
26,29.0,2.18,16,619.6,57961.236805555556
27,31.0,2.16,15,619.6,57961.2375
27,31.0,2.14,15,619.6,57961.23819444444
27,31.0,2.12,15,619.6,57961.23888888889
30,30.0,2.11,16,619.6,57961.239583333336
27,25.0,2.11,15,619.6,57961.240277777775
27,28.0,2.11,16,619.6,57961.24097222222
27,28.0,2.1,16,619.6,57961.24166666667
30,26.0,2.09,15,619.6,57961.24236111111
30,37.0,2.09,15,619.5,57961.243055555555
30,34.0,2.11,15,619.5,57961.24375
29,42.0,2.14,14,619.5,57961.24444444444
30,35.0,2.17,14,619.6,57961.24513888889
29,42.0,2.2,15,619.6,57961.245833333334
28,31.0,2.22,15,619.6,57961.24652777778
29,28.0,2.24,16,619.6,57961.24722222222
30,34.0,2.22,16,619.6,57961.24791666667
30,31.0,2.21,15,619.6,57961.248611111114
29,37.0,2.19,15,619.6,57961.24930555555
28,35.0,2.18,15,619.6,57961.25
29,35.0,2.15,15,619.6,57961.25069444445
31,36.0,2.14,15,619.6,57961.251388888886
29,34.0,2.14,15,619.6,57961.25208333333
31,35.0,2.13,14,619.6,57961.25277777778
29,37.0,2.13,14,619.6,57961.25347222222
30,37.0,2.14,14,619.6,57961.254166666666
30,36.0,2.15,14,619.6,57961.25486111111
29,34.0,2.17,14,619.7,57961.25555555556
29,29.0,2.19,14,619.7,57961.25625
28,39.0,2.21,14,619.7,57961.256944444445
29,27.0,2.24,14,619.6,57961.25763888889
28,36.0,2.26,14,619.7,57961.25833333333
28,41.0,2.29,14,619.7,57961.25902777778
26,37.0,2.32,14,619.7,57961.259722222225
27,35.0,2.33,14,619.7,57961.260416666664
27,39.0,2.36,14,619.7,57961.26111111111
28,40.0,2.36,14,619.7,57961.26180555556
28,38.0,2.34,14,619.8,57961.2625
27,38.0,2.33,15,619.7,57961.263194444444
27,47.0,2.3,15,619.7,57961.26388888889
28,34.0,2.29,15,619.7,57961.26458333333
28,39.0,2.27,15,619.7,57961.26527777778
28,41.0,2.26,15,619.6,57961.26597222222
29,37.0,2.24,15,619.7,57961.26666666667
30,34.0,2.23,15,619.6,57961.26736111111
31,38.0,2.22,15,619.7,57961.268055555556
30,42.0,2.22,15,619.7,57961.26875
31,38.0,2.23,15,619.7,57961.26944444444
30,38.0,2.24,15,619.7,57961.27013888889
30,35.0,2.24,15,619.7,57961.270833333336
29,43.0,2.24,15,619.7,57961.271527777775
29,48.0,2.24,15,619.7,57961.27222222222
29,42.0,2.24,15,619.7,57961.27291666667
28,43.0,2.24,15,619.7,57961.27361111111
29,35.0,2.23,15,619.7,57961.274305555555
28,36.0,2.23,15,619.7,57961.275
29,41.0,2.22,15,619.7,57961.27569444444
28,40.0,2.22,15,619.7,57961.27638888889
28,40.0,2.21,15,619.7,57961.277083333334
29,38.0,2.21,15,619.7,57961.27777777778
29,44.0,2.19,15,619.7,57961.27847222222
30,39.0,2.18,15,619.6,57961.27916666667
30,41.0,2.18,15,619.7,57961.279861111114
27,41.0,2.18,15,619.7,57961.28055555555
28,41.0,2.17,15,619.7,57961.28125
29,38.0,2.18,15,619.7,57961.28194444445
29,42.0,2.17,15,619.7,57961.282638888886
29,37.0,2.17,15,619.7,57961.28333333333
27,36.0,2.17,15,619.7,57961.28402777778
27,44.0,2.15,16,619.7,57961.28472222222
27,39.0,2.14,16,619.7,57961.285416666666
28,44.0,2.12,16,619.7,57961.28611111111
28,41.0,2.09,15,619.7,57961.28680555556
28,37.0,2.07,15,619.7,57961.2875
29,43.0,2.05,15,619.6,57961.288194444445
29,37.0,2.04,15,619.6,57961.28888888889
29,54.0,2.03,15,619.6,57961.28958333333
26,45.0,2.02,16,619.6,57961.29027777778
29,41.0,2.02,16,619.6,57961.290972222225
29,37.0,2.02,16,619.6,57961.291666666664
30,42.0,2.02,16,619.7,57961.29236111111
29,36.0,2.02,16,619.7,57961.29305555556
29,46.0,2.02,16,619.7,57961.29375
27,35.0,2.03,16,619.7,57961.294444444444
28,40.0,2.03,16,619.7,57961.29513888889
26,42.0,2.03,16,619.7,57961.29583333333
27,42.0,2.02,16,619.7,57961.29652777778
27,44.0,2.02,16,619.7,57961.29722222222
27,47.0,2.01,16,619.7,57961.29791666667
27,46.0,2.01,15,619.7,57961.29861111111
26,35.0,2.02,15,619.7,57961.299305555556
27,54.0,2.03,15,619.7,57961.3
28,27.0,2.04,15,619.7,57961.30069444444
28,43.0,2.05,15,619.7,57961.30138888889
28,46.0,2.06,15,619.7,57961.302083333336
28,45.0,2.06,15,619.7,57961.302777777775
27,40.0,2.08,16,619.7,57961.30347222222
27,39.0,2.08,16,619.7,57961.30416666667
25,28.0,2.08,16,619.7,57961.30486111111
28,48.0,2.09,16,619.7,57961.305555555555
26,55.0,2.09,16,619.7,57961.30625
25,46.0,2.11,16,619.7,57961.30694444444
25,60.0,2.12,16,619.7,57961.30763888889
24,87.0,2.15,16,619.7,57961.308333333334
24,44.0,2.17,16,619.7,57961.30902777778
25,53.0,2.18,15,619.7,57961.30972222222
27,38.0,2.21,15,619.7,57961.31041666667
26,46.0,2.24,15,619.7,57961.311111111114
27,49.0,2.27,15,619.7,57961.31180555555
25,42.0,2.3,15,619.8,57961.3125
24,75.0,2.33,15,619.8,57961.31319444445
24,43.0,2.36,15,619.8,57961.313888888886
23,49.0,2.38,15,619.8,57961.31458333333
24,45.0,2.39,15,619.8,57961.31527777778
24,46.0,2.42,15,619.8,57961.31597222222
24,33.0,2.44,15,619.8,57961.316666666666
26,49.0,2.46,15,619.8,57961.31736111111
25,56.0,2.48,15,619.8,57961.31805555556
25,40.0,2.48,15,619.8,57961.31875
24,62.0,2.49,15,619.8,57961.319444444445
23,51.0,2.49,15,619.8,57961.32013888889
24,58.0,2.48,15,619.8,57961.32083333333
24,40.0,2.48,16,619.7,57961.32152777778
22,58.0,2.49,16,619.8,57961.322222222225
22,59.0,2.48,16,619.8,57961.322916666664
26,66.0,2.48,16,619.8,57961.32361111111
25,43.0,2.48,17,619.7,57961.32430555556
24,57.0,2.48,17,619.7,57961.325
24,59.0,2.5,16,619.8,57961.325694444444
23,55.0,2.52,16,619.7,57961.32638888889
23,42.0,2.54,16,619.7,57961.32708333333
23,54.0,2.54,16,619.7,57961.32777777778
22,57.0,2.54,16,619.8,57961.32847222222
24,60.0,2.52,16,619.7,57961.32916666667
24,64.0,2.51,16,619.8,57961.32986111111
22,58.0,2.51,16,619.7,57961.330555555556
23,39.0,2.52,16,619.7,57961.33125
22,52.0,2.52,16,619.7,57961.33194444444
24,57.0,2.51,16,619.7,57961.33263888889
24,47.0,2.51,16,619.7,57961.333333333336
24,59.0,2.5,15,619.7,57961.334027777775
22,58.0,2.51,15,619.8,57961.33472222222
22,59.0,2.51,15,619.7,57961.33541666667
25,62.0,2.52,16,619.7,57961.33611111111
25,45.0,2.52,16,619.7,57961.336805555555
24,60.0,2.52,15,619.7,57961.3375
24,33.0,2.52,15,619.7,57961.33819444444
23,50.0,2.52,15,619.7,57961.33888888889
23,44.0,2.52,15,619.7,57961.339583333334
23,46.0,2.51,15,619.7,57961.34027777778
26,78.0,2.5,15,619.6,57961.34097222222
25,48.0,2.49,15,619.7,57961.34166666667
25,58.0,2.48,15,619.6,57961.342361111114
24,59.0,2.5,15,619.6,57961.34305555555
25,63.0,2.51,16,619.7,57961.34375
26,60.0,2.53,16,619.7,57961.34444444445
25,49.0,2.54,16,619.7,57961.345138888886
25,56.0,2.57,16,619.7,57961.34583333333
27,59.0,2.57,16,619.7,57961.34652777778
26,61.0,2.59,16,619.7,57961.34722222222
25,65.0,2.59,16,619.7,57961.347916666666
25,55.0,2.58,15,619.7,57961.34861111111
26,67.0,2.57,16,619.7,57961.34930555556
25,61.0,2.54,16,619.8,57961.35
24,60.0,2.52,16,619.8,57961.350694444445
24,62.0,2.49,16,619.7,57961.35138888889
25,62.0,2.46,15,619.7,57961.35208333333
25,63.0,2.45,15,619.7,57961.35277777778
24,66.0,2.43,15,619.8,57961.353472222225
22,67.0,2.43,15,619.7,57961.354166666664
23,65.0,2.43,15,619.8,57961.35486111111
21,62.0,2.43,15,619.8,57961.35555555556
20,59.0,2.42,15,619.8,57961.35625
20,75.0,2.42,15,619.8,57961.356944444444
22,66.0,2.42,15,619.8,57961.35763888889
22,56.0,2.42,15,619.8,57961.35833333333
23,63.0,2.42,15,619.8,57961.35902777778
24,59.0,2.44,15,619.7,57961.35972222222
23,62.0,2.45,15,619.8,57961.36041666667
22,59.0,2.45,15,619.7,57961.36111111111
23,60.0,2.45,15,619.7,57961.361805555556
25,55.0,2.43,15,619.7,57961.3625
25,26.0,2.41,15,619.7,57961.36319444444
23,52.0,2.39,16,619.6,57961.36388888889
25,52.0,2.38,16,619.7,57961.364583333336
25,50.0,2.35,16,619.6,57961.365277777775
26,47.0,2.31,16,619.6,57961.36597222222
27,48.0,2.28,16,619.6,57961.36666666667
27,30.0,2.26,16,619.6,57961.36736111111
26,46.0,2.24,16,619.6,57961.368055555555
26,49.0,2.21,16,619.6,57961.36875
25,53.0,2.18,16,619.6,57961.36944444444
27,55.0,2.15,16,619.6,57961.37013888889
26,55.0,2.15,17,619.6,57961.370833333334
26,42.0,2.12,16,619.6,57961.37152777778
27,32.0,2.12,16,619.6,57961.37222222222
27,63.0,2.13,16,619.6,57961.37291666667
26,43.0,2.14,17,619.6,57961.373611111114
26,46.0,2.15,16,619.6,57961.37430555555
26,70.0,2.15,16,619.6,57961.375
25,45.0,2.16,16,619.5,57961.37569444445
26,56.0,2.17,16,619.5,57961.376388888886
26,60.0,2.19,16,619.5,57961.37708333333
26,48.0,2.21,16,619.5,57961.37777777778
25,45.0,2.23,16,619.6,57961.37847222222
26,43.0,2.24,16,619.5,57961.379166666666
25,47.0,2.24,16,619.5,57961.37986111111
24,52.0,2.25,16,619.5,57961.38055555556
24,59.0,2.25,16,619.5,57961.38125
23,72.0,2.24,16,619.5,57961.381944444445
23,66.0,2.24,16,619.5,57961.38263888889
24,46.0,2.22,16,619.5,57961.38333333333
24,66.0,2.21,16,619.5,57961.38402777778
23,57.0,2.21,16,619.5,57961.384722222225
25,52.0,2.21,16,619.5,57961.385416666664
25,59.0,2.21,16,619.5,57961.38611111111
25,51.0,2.21,16,619.4,57961.38680555556
24,57.0,2.23,16,619.4,57961.3875
25,56.0,2.24,16,619.4,57961.388194444444
25,65.0,2.24,16,619.4,57961.38888888889
25,57.0,2.26,16,619.4,57961.38958333333
23,46.0,2.28,16,619.4,57961.39027777778
25,54.0,2.3,17,619.4,57961.39097222222
25,51.0,2.3,17,619.4,57961.39166666667
25,49.0,2.32,16,619.3,57961.39236111111
24,51.0,2.33,16,619.4,57961.393055555556
25,64.0,2.33,16,619.3,57961.39375
25,51.0,2.33,16,619.4,57961.39444444444
26,57.0,2.33,16,619.4,57961.39513888889
25,65.0,2.33,16,619.3,57961.395833333336
24,61.0,2.33,16,619.3,57961.396527777775
26,40.0,2.33,16,619.3,57961.39722222222
26,51.0,2.33,16,619.3,57961.39791666667
27,38.0,2.32,16,619.4,57961.39861111111
26,53.0,2.31,15,619.4,57961.399305555555
26,35.0,2.3,16,619.3,57961.4
26,49.0,2.3,16,619.3,57961.40069444444
26,51.0,2.3,16,619.3,57961.40138888889
25,36.0,2.3,15,619.3,57961.402083333334
25,62.0,2.3,15,619.4,57961.40277777778
25,46.0,2.3,15,619.3,57961.40347222222
24,56.0,2.32,16,619.3,57961.40416666667
25,66.0,2.33,16,619.3,57961.404861111114
25,42.0,2.33,16,619.3,57961.40555555555
26,48.0,2.33,16,619.2,57961.40625
29,43.0,2.31,16,619.3,57961.40694444445
29,41.0,2.3,16,619.3,57961.407638888886
28,43.0,2.3,16,619.2,57961.40833333333
30,46.0,2.3,16,619.2,57961.40902777778
29,36.0,2.3,16,619.2,57961.40972222222
29,37.0,2.3,16,619.1,57961.410416666666
30,30.0,2.29,17,619.1,57961.41111111111
30,50.0,2.29,18,619.1,57961.41180555556
29,38.0,2.29,18,619.1,57961.4125
29,49.0,2.3,19,619.1,57961.413194444445
28,44.0,2.3,19,619.1,57961.41388888889
29,45.0,2.33,20,619.1,57961.41458333333
29,45.0,2.36,19,619.1,57961.41527777778
30,43.0,2.38,17,619.1,57961.415972222225
