wind_speed,wind_direction,temperature,relative_humidity,pressure,mjd
26,118.0,4.07,12,621.7,56842.416666666664
23,120.0,4.07,12,621.7,56842.41736111111
23,112.0,4.07,12,621.7,56842.41805555556
23,116.0,4.06,12,621.7,56842.41875
24,122.0,4.04,12,621.8,56842.419444444444
26,112.0,4.03,12,621.7,56842.42013888889
25,117.0,4.03,12,621.7,56842.42083333333
26,122.0,4.04,12,621.7,56842.42152777778
24,118.0,4.04,12,621.6,56842.42222222222
25,115.0,4.04,12,621.6,56842.42291666667
26,115.0,4.04,12,621.6,56842.42361111111
27,110.0,4.04,11,621.6,56842.424305555556
25,115.0,4.06,11,621.5,56842.425
24,109.0,4.08,11,621.6,56842.42569444444
26,112.0,4.1,11,621.6,56842.42638888889
26,118.0,4.1,11,621.6,56842.427083333336
25,116.0,4.11,11,621.6,56842.427777777775
25,120.0,4.13,11,621.5,56842.42847222222
24,116.0,4.13,11,621.6,56842.42916666667
24,117.0,4.13,11,621.6,56842.42986111111
25,119.0,4.12,11,621.5,56842.430555555555
25,120.0,4.1,11,621.5,56842.43125
26,120.0,4.09,11,621.5,56842.43194444444
23,128.0,4.09,11,621.5,56842.43263888889
25,118.0,4.08,11,621.6,56842.433333333334
23,119.0,4.09,11,621.6,56842.43402777778
24,105.0,4.08,12,621.5,56842.43472222222
26,122.0,4.07,11,621.5,56842.43541666667
26,121.0,4.06,11,621.5,56842.436111111114
27,108.0,4.05,11,621.5,56842.43680555555
23,117.0,4.04,11,621.6,56842.4375
24,101.0,4.04,11,621.5,56842.43819444445
24,117.0,4.05,11,621.5,56842.438888888886
23,107.0,4.05,11,621.5,56842.43958333333
25,113.0,4.06,11,621.5,56842.44027777778
23,122.0,4.06,11,621.5,56842.44097222222
25,119.0,4.06,11,621.5,56842.441666666666
24,125.0,4.04,11,621.5,56842.44236111111
24,94.0,4.04,11,621.5,56842.44305555556
27,113.0,4.04,11,621.5,56842.44375
23,116.0,4.05,11,621.5,56842.444444444445
23,110.0,4.07,11,621.5,56842.44513888889
22,125.0,4.09,11,621.5,56842.44583333333
23,125.0,4.1,11,621.5,56842.44652777778
23,120.0,4.09,11,621.5,56842.447222222225
24,101.0,4.06,11,621.5,56842.447916666664
22,109.0,4.04,11,621.5,56842.44861111111
22,118.0,4.04,11,621.5,56842.44930555556
24,116.0,4.02,11,621.5,56842.45
24,118.0,4.02,11,621.4,56842.450694444444
25,109.0,4.03,11,621.4,56842.45138888889
24,101.0,4.04,11,621.4,56842.45208333333
22,117.0,4.05,11,621.4,56842.45277777778
25,108.0,4.06,11,621.4,56842.45347222222
26,118.0,4.06,11,621.4,56842.45416666667
26,119.0,4.06,11,621.3,56842.45486111111
24,121.0,4.07,10,621.4,56842.455555555556
27,114.0,4.07,10,621.3,56842.45625
27,120.0,4.1,10,621.3,56842.45694444444
25,121.0,4.12,11,621.3,56842.45763888889
27,111.0,4.13,11,621.3,56842.458333333336
25,113.0,4.14,11,621.3,56842.459027777775
27,108.0,4.14,10,621.3,56842.45972222222
26,119.0,4.16,10,621.3,56842.46041666667
26,104.0,4.16,10,621.3,56842.46111111111
23,119.0,4.17,10,621.2,56842.461805555555
25,122.0,4.19,11,621.3,56842.4625
26,113.0,4.19,10,621.3,56842.46319444444
28,125.0,4.19,10,621.2,56842.46388888889
23,113.0,4.21,10,621.3,56842.464583333334
26,111.0,4.22,10,621.3,56842.46527777778
23,104.0,4.24,10,621.3,56842.46597222222
21,119.0,4.24,11,621.3,56842.46666666667
22,119.0,4.22,11,621.3,56842.467361111114
21,123.0,4.19,11,621.2,56842.46805555555
25,111.0,4.15,11,621.2,56842.46875
24,131.0,4.11,10,621.2,56842.46944444445
22,113.0,4.1,10,621.3,56842.470138888886
22,112.0,4.1,11,621.2,56842.47083333333
23,119.0,4.1,10,621.2,56842.47152777778
25,124.0,4.1,10,621.2,56842.47222222222
26,114.0,4.1,11,621.1,56842.472916666666
26,106.0,4.1,10,621.1,56842.47361111111
24,99.0,4.1,10,621.2,56842.47430555556
25,118.0,4.11,11,621.1,56842.475
24,117.0,4.12,10,621.2,56842.475694444445
22,99.0,4.12,11,621.2,56842.47638888889
24,103.0,4.1,10,621.2,56842.47708333333
22,98.0,4.1,10,621.2,56842.47777777778
23,115.0,4.12,10,621.2,56842.478472222225
23,121.0,4.13,10,621.2,56842.479166666664
21,123.0,4.13,10,621.2,56842.47986111111
21,119.0,4.13,11,621.2,56842.48055555556
23,87.0,4.13,10,621.2,56842.48125
26,115.0,4.11,10,621.1,56842.481944444444
21,126.0,4.12,10,621.2,56842.48263888889
20,104.0,4.12,11,621.2,56842.48333333333
22,101.0,4.1,11,621.2,56842.48402777778
26,114.0,4.07,10,621.2,56842.48472222222
23,116.0,4.04,10,621.1,56842.48541666667
21,123.0,4.04,10,621.2,56842.48611111111
21,121.0,4.05,10,621.2,56842.486805555556
23,120.0,4.07,11,621.1,56842.4875
24,124.0,4.07,10,621.1,56842.48819444444
23,118.0,4.07,10,621.2,56842.48888888889
23,119.0,4.07,11,621.1,56842.489583333336
27,110.0,4.07,10,621.1,56842.490277777775
24,118.0,4.07,10,621.1,56842.49097222222
24,120.0,4.08,11,621.0,56842.49166666667
24,118.0,4.08,11,621.0,56842.49236111111
24,109.0,4.07,11,621.1,56842.493055555555
23,113.0,4.07,10,621.1,56842.49375
25,111.0,4.07,10,621.0,56842.49444444444
22,125.0,4.07,11,621.1,56842.49513888889
23,102.0,4.07,11,621.1,56842.495833333334
23,108.0,4.06,11,621.1,56842.49652777778
23,111.0,4.04,11,621.0,56842.49722222222
22,128.0,4.03,11,621.1,56842.49791666667
22,122.0,4.01,10,621.1,56842.498611111114
23,122.0,4.0,10,621.1,56842.49930555555
25,104.0,4.0,10,621.1,56842.5
21,118.0,4.01,10,621.1,56842.50069444445
20,121.0,4.02,11,621.1,56842.501388888886
24,108.0,4.03,11,621.0,56842.50208333333
24,115.0,4.03,11,621.0,56842.50277777778
25,116.0,4.03,11,621.0,56842.50347222222
23,127.0,4.04,11,621.0,56842.504166666666
22,117.0,4.05,11,621.0,56842.50486111111
22,118.0,4.07,11,621.0,56842.50555555556
21,121.0,4.07,11,621.0,56842.50625
19,106.0,4.07,11,621.0,56842.506944444445
22,120.0,4.06,11,621.0,56842.50763888889
23,111.0,4.03,11,621.0,56842.50833333333
22,125.0,4.01,11,621.0,56842.50902777778
24,121.0,3.99,11,620.9,56842.509722222225
23,105.0,3.98,11,620.9,56842.510416666664
23,130.0,3.96,11,621.0,56842.51111111111
20,121.0,3.95,12,621.0,56842.51180555556
19,125.0,3.93,12,621.0,56842.5125
19,121.0,3.91,12,621.0,56842.513194444444
21,129.0,3.89,12,621.0,56842.51388888889
22,114.0,3.86,12,621.0,56842.51458333333
23,112.0,3.83,12,621.0,56842.51527777778
20,128.0,3.82,12,621.0,56842.51597222222
22,117.0,3.82,12,620.9,56842.51666666667
25,121.0,3.81,12,621.0,56842.51736111111
22,122.0,3.82,12,621.0,56842.518055555556
19,116.0,3.82,12,621.0,56842.51875
19,125.0,3.82,12,621.0,56842.51944444444
22,110.0,3.82,12,620.9,56842.52013888889
22,119.0,3.82,12,620.9,56842.520833333336
21,116.0,3.8,12,621.0,56842.521527777775
22,111.0,3.8,12,621.0,56842.52222222222
22,117.0,3.78,12,621.0,56842.52291666667
23,118.0,3.77,12,621.0,56842.52361111111
18,118.0,3.77,12,621.0,56842.524305555555
18,125.0,3.77,12,620.9,56842.525
22,95.0,3.76,12,620.9,56842.52569444444
21,128.0,3.76,12,620.9,56842.52638888889
19,131.0,3.75,12,621.0,56842.527083333334
20,123.0,3.74,12,620.9,56842.52777777778
22,123.0,3.73,12,620.9,56842.52847222222
22,114.0,3.72,12,620.9,56842.52916666667
21,124.0,3.73,12,621.0,56842.529861111114
20,127.0,3.72,12,621.0,56842.53055555555
19,116.0,3.73,12,621.0,56842.53125
21,125.0,3.73,12,621.0,56842.53194444445
20,124.0,3.71,12,621.0,56842.532638888886
21,118.0,3.71,12,621.0,56842.53333333333
19,134.0,3.73,12,621.0,56842.53402777778
18,119.0,3.74,12,621.0,56842.53472222222
20,112.0,3.74,12,620.9,56842.535416666666
22,128.0,3.73,12,621.0,56842.53611111111
21,124.0,3.73,12,621.0,56842.53680555556
20,114.0,3.73,12,621.0,56842.5375
21,126.0,3.71,12,620.9,56842.538194444445
20,126.0,3.7,12,620.9,56842.53888888889
20,121.0,3.69,12,621.0,56842.53958333333
22,113.0,3.65,12,620.9,56842.54027777778
23,98.0,3.62,12,620.9,56842.540972222225
23,125.0,3.61,11,620.9,56842.541666666664
21,97.0,3.62,12,620.9,56842.54236111111
19,115.0,3.64,11,620.9,56842.54305555556
17,121.0,3.67,11,620.9,56842.54375
21,116.0,3.68,12,620.9,56842.544444444444
21,125.0,3.69,11,620.9,56842.54513888889
18,122.0,3.7,12,620.9,56842.54583333333
19,118.0,3.7,12,620.8,56842.54652777778
21,121.0,3.69,11,620.9,56842.54722222222
19,122.0,3.69,12,620.9,56842.54791666667
19,122.0,3.7,12,620.8,56842.54861111111
18,125.0,3.7,12,620.8,56842.549305555556
18,122.0,3.69,12,620.8,56842.55
19,128.0,3.68,11,620.8,56842.55069444444
19,121.0,3.67,12,620.8,56842.55138888889
20,125.0,3.67,12,620.8,56842.552083333336
20,130.0,3.67,12,620.8,56842.552777777775
20,119.0,3.67,12,620.8,56842.55347222222
20,98.0,3.67,12,620.8,56842.55416666667
19,121.0,3.67,12,620.8,56842.55486111111
18,116.0,3.7,12,620.9,56842.555555555555
19,107.0,3.7,12,620.9,56842.55625
19,133.0,3.72,12,620.9,56842.55694444444
20,119.0,3.73,12,620.9,56842.55763888889
19,105.0,3.73,12,620.9,56842.558333333334
19,126.0,3.74,12,620.9,56842.55902777778
16,129.0,3.75,12,620.9,56842.55972222222
18,126.0,3.74,12,620.8,56842.56041666667
21,130.0,3.72,12,620.8,56842.561111111114
20,128.0,3.69,12,620.9,56842.56180555555
20,117.0,3.67,12,620.8,56842.5625
22,119.0,3.67,12,620.8,56842.56319444445
21,126.0,3.67,11,620.8,56842.563888888886
18,118.0,3.68,12,620.8,56842.56458333333
21,117.0,3.71,12,620.8,56842.56527777778
16,122.0,3.73,12,620.8,56842.56597222222
21,117.0,3.75,12,620.8,56842.566666666666
18,114.0,3.75,12,620.8,56842.56736111111
18,103.0,3.73,12,620.8,56842.56805555556
21,115.0,3.69,12,620.8,56842.56875
18,125.0,3.67,12,620.8,56842.569444444445
16,125.0,3.65,12,620.8,56842.57013888889
17,114.0,3.63,12,620.9,56842.57083333333
19,116.0,3.61,12,620.9,56842.57152777778
20,106.0,3.58,12,620.9,56842.572222222225
19,123.0,3.58,12,620.8,56842.572916666664
22,114.0,3.58,12,620.8,56842.57361111111
19,112.0,3.59,12,620.8,56842.57430555556
24,109.0,3.61,12,620.8,56842.575
21,114.0,3.63,12,620.8,56842.575694444444
22,124.0,3.65,12,620.8,56842.57638888889
22,120.0,3.67,12,620.8,56842.57708333333
24,115.0,3.68,12,620.8,56842.57777777778
19,127.0,3.7,12,620.8,56842.57847222222
19,117.0,3.7,12,620.8,56842.57916666667
21,118.0,3.7,12,620.7,56842.57986111111
23,114.0,3.7,12,620.7,56842.580555555556
21,107.0,3.7,12,620.7,56842.58125
21,115.0,3.7,12,620.7,56842.58194444444
22,122.0,3.69,12,620.7,56842.58263888889
22,117.0,3.67,12,620.7,56842.583333333336
20,109.0,3.67,12,620.7,56842.584027777775
21,116.0,3.66,12,620.7,56842.58472222222
23,119.0,3.63,12,620.7,56842.58541666667
22,111.0,3.61,12,620.7,56842.58611111111
21,113.0,3.6,11,620.7,56842.586805555555
19,123.0,3.59,11,620.7,56842.5875
21,112.0,3.59,11,620.7,56842.58819444444
20,114.0,3.61,11,620.7,56842.58888888889
21,123.0,3.62,11,620.7,56842.589583333334
23,120.0,3.62,11,620.6,56842.59027777778
20,115.0,3.64,11,620.6,56842.59097222222
21,111.0,3.64,11,620.7,56842.59166666667
21,100.0,3.65,11,620.7,56842.592361111114
22,85.0,3.67,11,620.7,56842.59305555555
18,119.0,3.68,11,620.7,56842.59375
19,117.0,3.71,11,620.7,56842.59444444445
21,116.0,3.7,11,620.7,56842.595138888886
22,109.0,3.69,11,620.7,56842.59583333333
20,125.0,3.68,11,620.7,56842.59652777778
19,124.0,3.69,11,620.7,56842.59722222222
22,109.0,3.69,11,620.7,56842.597916666666
21,122.0,3.68,10,620.7,56842.59861111111
22,121.0,3.68,10,620.7,56842.59930555556
19,118.0,3.7,10,620.7,56842.6
20,117.0,3.72,11,620.7,56842.600694444445
19,129.0,3.73,11,620.7,56842.60138888889
20,114.0,3.73,10,620.8,56842.60208333333
19,119.0,3.73,10,620.7,56842.60277777778
21,116.0,3.73,10,620.7,56842.603472222225
20,109.0,3.73,10,620.7,56842.604166666664
19,122.0,3.73,10,620.7,56842.60486111111
20,118.0,3.73,10,620.7,56842.60555555556
21,117.0,3.72,10,620.8,56842.60625
18,118.0,3.73,10,620.7,56842.606944444444
20,129.0,3.72,10,620.7,56842.60763888889
22,112.0,3.7,10,620.7,56842.60833333333
22,122.0,3.68,10,620.7,56842.60902777778
22,125.0,3.69,10,620.7,56842.60972222222
20,116.0,3.7,10,620.7,56842.61041666667
21,100.0,3.71,10,620.6,56842.61111111111
21,128.0,3.73,10,620.7,56842.611805555556
18,118.0,3.75,10,620.6,56842.6125
19,121.0,3.76,10,620.6,56842.61319444444
21,108.0,3.75,10,620.7,56842.61388888889
22,112.0,3.73,10,620.7,56842.614583333336
22,92.0,3.72,10,620.7,56842.615277777775
18,129.0,3.73,10,620.8,56842.61597222222
16,122.0,3.74,10,620.7,56842.61666666667
19,138.0,3.76,10,620.7,56842.61736111111
20,112.0,3.76,10,620.7,56842.618055555555
21,104.0,3.76,10,620.7,56842.61875
18,118.0,3.76,10,620.8,56842.61944444444
19,112.0,3.76,10,620.8,56842.62013888889
19,111.0,3.75,10,620.8,56842.620833333334
18,113.0,3.74,10,620.8,56842.62152777778
18,114.0,3.73,10,620.8,56842.62222222222
19,122.0,3.72,10,620.8,56842.62291666667
19,120.0,3.71,10,620.8,56842.623611111114
20,98.0,3.72,10,620.8,56842.62430555555
20,104.0,3.73,10,620.8,56842.625
20,112.0,3.76,10,620.8,56842.62569444445
17,109.0,3.79,10,620.8,56842.626388888886
18,116.0,3.79,10,620.7,56842.62708333333
20,98.0,3.79,10,620.8,56842.62777777778
20,108.0,3.79,10,620.8,56842.62847222222
22,106.0,3.79,10,620.8,56842.629166666666
23,106.0,3.79,10,620.8,56842.62986111111
21,108.0,3.79,10,620.8,56842.63055555556
20,112.0,3.8,10,620.8,56842.63125
23,115.0,3.82,10,620.7,56842.631944444445
22,112.0,3.84,10,620.8,56842.63263888889
21,107.0,3.85,10,620.8,56842.63333333333
20,103.0,3.86,10,620.8,56842.63402777778
21,106.0,3.85,10,620.8,56842.634722222225
19,115.0,3.84,10,620.8,56842.635416666664
20,116.0,3.82,10,620.8,56842.63611111111
21,113.0,3.81,10,620.8,56842.63680555556
20,104.0,3.8,10,620.8,56842.6375
18,102.0,3.8,10,620.9,56842.638194444444
19,113.0,3.81,10,620.9,56842.63888888889
18,101.0,3.81,10,620.9,56842.63958333333
18,110.0,3.81,10,620.9,56842.64027777778
18,110.0,3.8,10,620.9,56842.64097222222
19,103.0,3.79,10,620.9,56842.64166666667
18,105.0,3.79,10,621.0,56842.64236111111
17,100.0,3.79,10,621.0,56842.643055555556
18,121.0,3.8,10,621.0,56842.64375
19,112.0,3.8,10,621.0,56842.64444444444
19,123.0,3.8,10,621.0,56842.64513888889
18,111.0,3.81,10,621.0,56842.645833333336
21,98.0,3.82,10,621.0,56842.646527777775
20,98.0,3.82,10,621.0,56842.64722222222
20,106.0,3.82,10,621.0,56842.64791666667
18,111.0,3.84,10,621.0,56842.64861111111
16,113.0,3.85,10,621.0,56842.649305555555
18,97.0,3.85,10,621.0,56842.65
19,106.0,3.85,10,621.0,56842.65069444444
21,109.0,3.84,10,621.0,56842.65138888889
17,117.0,3.83,10,621.1,56842.652083333334
20,103.0,3.85,10,621.0,56842.65277777778
20,99.0,3.85,10,621.1,56842.65347222222
19,100.0,3.86,10,621.1,56842.65416666667
19,99.0,3.86,10,621.1,56842.654861111114
20,115.0,3.88,10,621.1,56842.65555555555
17,105.0,3.89,10,621.1,56842.65625
19,111.0,3.92,10,621.1,56842.65694444445
19,103.0,3.94,10,621.2,56842.657638888886
19,104.0,3.96,10,621.2,56842.65833333333
19,97.0,3.98,10,621.2,56842.65902777778
19,92.0,4.02,10,621.1,56842.65972222222
19,110.0,4.04,10,621.1,56842.660416666666
20,107.0,4.06,10,621.1,56842.66111111111
21,124.0,4.07,10,621.1,56842.66180555556
19,105.0,4.08,10,621.1,56842.6625
20,105.0,4.09,10,621.1,56842.663194444445
20,115.0,4.1,10,621.1,56842.66388888889
20,97.0,4.1,10,621.1,56842.66458333333
20,100.0,4.1,10,621.2,56842.66527777778
20,108.0,4.1,10,621.2,56842.665972222225
19,100.0,4.1,10,621.2,56842.666666666664
19,100.0,4.1,10,621.2,56842.66736111111
21,106.0,4.1,10,621.2,56842.66805555556
20,103.0,4.1,11,621.2,56842.66875
21,116.0,4.1,11,621.2,56842.669444444444
20,113.0,4.12,11,621.2,56842.67013888889
19,94.0,4.12,11,621.2,56842.67083333333
20,102.0,4.13,11,621.2,56842.67152777778
21,101.0,4.13,11,621.2,56842.67222222222
20,101.0,4.13,11,621.2,56842.67291666667
19,105.0,4.13,11,621.3,56842.67361111111
20,110.0,4.13,11,621.3,56842.674305555556
19,101.0,4.13,10,621.2,56842.675
19,101.0,4.13,11,621.3,56842.67569444444
20,103.0,4.13,11,621.3,56842.67638888889
21,102.0,4.13,11,621.3,56842.677083333336
20,102.0,4.12,11,621.3,56842.677777777775
20,104.0,4.1,11,621.3,56842.67847222222
21,103.0,4.09,11,621.2,56842.67916666667
23,110.0,4.06,11,621.3,56842.67986111111
19,93.0,4.04,11,621.2,56842.680555555555
21,103.0,4.03,11,621.3,56842.68125
22,101.0,4.02,11,621.2,56842.68194444444
20,106.0,4.01,11,621.3,56842.68263888889
19,94.0,4.01,11,621.3,56842.683333333334
22,98.0,4.01,11,621.3,56842.68402777778
22,100.0,4.01,11,621.3,56842.68472222222
18,103.0,4.01,11,621.3,56842.68541666667
18,102.0,4.01,11,621.3,56842.686111111114
19,107.0,4.0,11,621.3,56842.68680555555
20,102.0,3.99,11,621.4,56842.6875
21,94.0,3.98,11,621.4,56842.68819444445
20,104.0,3.98,11,621.4,56842.688888888886
20,106.0,3.97,11,621.4,56842.68958333333
22,103.0,3.98,11,621.4,56842.69027777778
22,102.0,3.98,11,621.4,56842.69097222222
21,102.0,4.0,11,621.4,56842.691666666666
22,95.0,4.03,11,621.4,56842.69236111111
21,98.0,4.05,11,621.4,56842.69305555556
22,105.0,4.08,11,621.4,56842.69375
19,109.0,4.11,11,621.4,56842.694444444445
22,104.0,4.14,11,621.4,56842.69513888889
21,104.0,4.17,11,621.4,56842.69583333333
24,98.0,4.2,11,621.4,56842.69652777778
21,101.0,4.23,11,621.5,56842.697222222225
23,93.0,4.26,11,621.5,56842.697916666664
23,102.0,4.29,11,621.4,56842.69861111111
21,103.0,4.31,11,621.4,56842.69930555556
22,103.0,4.33,11,621.4,56842.7
21,100.0,4.34,11,621.5,56842.700694444444
22,97.0,4.34,11,621.5,56842.70138888889
20,106.0,4.34,11,621.5,56842.70208333333
20,101.0,4.34,11,621.5,56842.70277777778
22,101.0,4.34,11,621.5,56842.70347222222
21,102.0,4.36,11,621.6,56842.70416666667
19,107.0,4.37,11,621.5,56842.70486111111
18,98.0,4.4,11,621.5,56842.705555555556
21,104.0,4.41,11,621.6,56842.70625
21,98.0,4.44,11,621.6,56842.70694444444
21,101.0,4.47,11,621.6,56842.70763888889
21,101.0,4.51,11,621.6,56842.708333333336
17,101.0,4.55,11,621.6,56842.709027777775
20,97.0,4.6,11,621.6,56842.70972222222
20,102.0,4.63,11,621.6,56842.71041666667
21,103.0,4.68,11,621.6,56842.71111111111
22,101.0,4.72,11,621.6,56842.711805555555
22,100.0,4.77,11,621.6,56842.7125
21,95.0,4.82,11,621.6,56842.71319444444
22,115.0,4.88,11,621.6,56842.71388888889
22,104.0,4.95,11,621.5,56842.714583333334
22,101.0,5.02,11,621.5,56842.71527777778
23,100.0,5.1,11,621.5,56842.71597222222
24,96.0,5.16,11,621.5,56842.71666666667
24,103.0,5.23,11,621.5,56842.717361111114
25,99.0,5.31,11,621.5,56842.71805555555
23,100.0,5.4,11,621.6,56842.71875
23,97.0,5.48,11,621.5,56842.71944444445
24,101.0,5.55,10,621.5,56842.720138888886
23,106.0,5.63,10,621.6,56842.72083333333
23,105.0,5.68,10,621.6,56842.72152777778
24,100.0,5.76,10,621.6,56842.72222222222
23,104.0,5.82,10,621.6,56842.722916666666
24,105.0,5.87,10,621.6,56842.72361111111
21,103.0,5.92,10,621.6,56842.72430555556
24,101.0,5.97,10,621.6,56842.725
25,100.0,6.0,10,621.6,56842.725694444445
27,99.0,6.04,10,621.6,56842.72638888889
23,107.0,6.05,10,621.6,56842.72708333333
24,102.0,6.05,10,621.6,56842.72777777778
24,99.0,6.02,10,621.6,56842.728472222225
23,104.0,5.99,10,621.6,56842.729166666664
23,106.0,5.96,10,621.6,56842.72986111111
23,100.0,5.94,10,621.6,56842.73055555556
26,104.0,5.93,10,621.6,56842.73125
26,101.0,5.93,10,621.6,56842.731944444444
26,98.0,5.95,10,621.6,56842.73263888889
25,118.0,5.97,10,621.6,56842.73333333333
19,107.0,5.98,10,621.6,56842.73402777778
22,106.0,5.96,10,621.6,56842.73472222222
24,100.0,5.93,10,621.6,56842.73541666667
25,101.0,5.92,10,621.7,56842.73611111111
28,102.0,5.92,10,621.7,56842.736805555556
19,122.0,5.93,10,621.8,56842.7375
18,102.0,5.93,10,621.7,56842.73819444444
20,102.0,5.93,10,621.7,56842.73888888889
25,98.0,5.93,10,621.7,56842.739583333336
25,104.0,5.96,10,621.7,56842.740277777775
22,98.0,5.96,10,621.7,56842.74097222222
20,97.0,5.96,10,621.7,56842.74166666667
22,104.0,5.93,10,621.7,56842.74236111111
24,100.0,5.93,10,621.7,56842.743055555555
25,108.0,5.94,10,621.6,56842.74375
27,100.0,5.96,10,621.6,56842.74444444444
22,113.0,6.0,10,621.6,56842.74513888889
25,103.0,6.02,10,621.7,56842.745833333334
28,102.0,6.02,10,621.6,56842.74652777778
23,100.0,6.03,10,621.7,56842.74722222222
22,103.0,6.01,10,621.7,56842.74791666667
23,105.0,5.97,10,621.7,56842.748611111114
27,103.0,5.95,10,621.7,56842.74930555555
26,101.0,5.95,10,621.7,56842.75
28,102.0,5.96,10,621.7,56842.75069444445
27,99.0,5.99,10,621.7,56842.751388888886
25,102.0,6.04,10,621.7,56842.75208333333
25,101.0,6.08,10,621.6,56842.75277777778
22,99.0,6.12,10,621.6,56842.75347222222
24,114.0,6.15,10,621.7,56842.754166666666
26,103.0,6.2,10,621.6,56842.75486111111
31,101.0,6.27,10,621.6,56842.75555555556
26,104.0,6.37,10,621.6,56842.75625
24,94.0,6.48,10,621.6,56842.756944444445
23,101.0,6.58,10,621.7,56842.75763888889
27,101.0,6.66,10,621.6,56842.75833333333
28,106.0,6.74,10,621.7,56842.75902777778
31,106.0,6.81,10,621.6,56842.759722222225
26,97.0,6.89,10,621.7,56842.760416666664
28,102.0,6.97,10,621.7,56842.76111111111
22,98.0,7.02,10,621.7,56842.76180555556
22,107.0,7.01,10,621.7,56842.7625
26,103.0,6.98,10,621.7,56842.763194444444
28,98.0,6.99,10,621.7,56842.76388888889
22,100.0,6.98,10,621.7,56842.76458333333
26,101.0,6.97,10,621.7,56842.76527777778
26,100.0,6.97,10,621.7,56842.76597222222
29,100.0,6.98,10,621.7,56842.76666666667
28,100.0,7.04,10,621.7,56842.76736111111
28,92.0,7.12,10,621.7,56842.768055555556
28,102.0,7.2,10,621.7,56842.76875
31,101.0,7.3,10,621.7,56842.76944444444
24,92.0,7.38,10,621.7,56842.77013888889
21,101.0,7.4,10,621.7,56842.770833333336
26,99.0,7.41,10,621.7,56842.771527777775
28,95.0,7.48,10,621.7,56842.77222222222
29,97.0,7.56,10,621.6,56842.77291666667
29,95.0,7.64,10,621.7,56842.77361111111
27,103.0,7.72,10,621.7,56842.774305555555
20,107.0,7.77,9,621.7,56842.775
18,101.0,7.76,10,621.7,56842.77569444444
23,99.0,7.73,10,621.7,56842.77638888889
25,90.0,7.7,10,621.7,56842.777083333334
25,99.0,7.73,10,621.7,56842.77777777778
29,100.0,7.79,10,621.6,56842.77847222222
29,101.0,7.86,9,621.7,56842.77916666667
22,112.0,7.91,10,621.7,56842.779861111114
24,97.0,7.89,10,621.7,56842.78055555555
28,107.0,7.87,10,621.6,56842.78125
26,107.0,7.88,10,621.7,56842.78194444445
27,106.0,7.89,10,621.6,56842.782638888886
24,91.0,7.89,10,621.6,56842.78333333333
30,98.0,7.89,10,621.6,56842.78402777778
28,96.0,7.91,10,621.7,56842.78472222222
29,117.0,7.93,10,621.6,56842.785416666666
26,102.0,7.98,10,621.7,56842.78611111111
22,114.0,7.99,10,621.7,56842.78680555556
24,117.0,7.95,9,621.7,56842.7875
22,98.0,7.92,10,621.7,56842.788194444445
23,104.0,7.93,10,621.7,56842.78888888889
23,114.0,7.98,10,621.7,56842.78958333333
24,113.0,8.01,10,621.7,56842.79027777778
19,116.0,8.01,9,621.7,56842.790972222225
24,118.0,8.0,10,621.7,56842.791666666664
25,103.0,8.0,10,621.7,56842.79236111111
28,100.0,8.0,9,621.7,56842.79305555556
29,107.0,8.01,10,621.6,56842.79375
27,99.0,8.03,10,621.7,56842.794444444444
28,106.0,8.04,10,621.7,56842.79513888889
26,104.0,8.06,9,621.7,56842.79583333333
24,106.0,8.06,9,621.7,56842.79652777778
25,105.0,8.03,9,621.8,56842.79722222222
28,98.0,7.98,9,621.8,56842.79791666667
29,101.0,7.97,9,621.7,56842.79861111111
25,107.0,7.98,9,621.7,56842.799305555556
25,99.0,7.97,9,621.7,56842.8
25,103.0,7.95,9,621.7,56842.80069444444
26,108.0,7.93,9,621.7,56842.80138888889
24,97.0,7.94,9,621.7,56842.802083333336
23,103.0,7.94,9,621.8,56842.802777777775
22,109.0,7.9,10,621.8,56842.80347222222
26,106.0,7.89,10,621.7,56842.80416666667
23,105.0,7.88,9,621.8,56842.80486111111
24,100.0,7.86,10,621.8,56842.805555555555
24,93.0,7.85,10,621.7,56842.80625
28,100.0,7.87,10,621.7,56842.80694444444
29,104.0,7.93,9,621.7,56842.80763888889
25,103.0,7.99,9,621.8,56842.808333333334
23,102.0,8.01,9,621.8,56842.80902777778
26,100.0,8.03,9,621.8,56842.80972222222
26,107.0,8.08,9,621.8,56842.81041666667
24,111.0,8.14,9,621.8,56842.811111111114
28,101.0,8.18,9,621.8,56842.81180555555
27,99.0,8.21,9,621.8,56842.8125
24,114.0,8.24,9,621.8,56842.81319444445
24,103.0,8.27,9,621.8,56842.813888888886
28,114.0,8.3,9,621.7,56842.81458333333
25,112.0,8.33,9,621.8,56842.81527777778
22,100.0,8.32,9,621.8,56842.81597222222
24,118.0,8.3,9,621.8,56842.816666666666
24,125.0,8.25,9,621.8,56842.81736111111
23,106.0,8.2,9,621.8,56842.81805555556
26,109.0,8.21,10,621.8,56842.81875
25,101.0,8.25,9,621.8,56842.819444444445
24,111.0,8.3,9,621.8,56842.82013888889
27,108.0,8.35,10,621.8,56842.82083333333
23,98.0,8.39,10,621.8,56842.82152777778
22,90.0,8.38,10,621.8,56842.822222222225
26,96.0,8.38,10,621.8,56842.822916666664
26,107.0,8.46,9,621.7,56842.82361111111
24,101.0,8.53,9,621.7,56842.82430555556
29,100.0,8.57,9,621.7,56842.825
26,105.0,8.59,9,621.7,56842.825694444444
23,109.0,8.58,9,621.7,56842.82638888889
28,102.0,8.58,9,621.7,56842.82708333333
26,96.0,8.6,9,621.7,56842.82777777778
27,98.0,8.61,9,621.7,56842.82847222222
26,106.0,8.59,9,621.7,56842.82916666667
24,99.0,8.57,9,621.7,56842.82986111111
28,96.0,8.57,9,621.7,56842.830555555556
24,112.0,8.62,9,621.7,56842.83125
23,101.0,8.64,9,621.7,56842.83194444444
24,125.0,8.65,9,621.7,56842.83263888889
26,93.0,8.68,9,621.7,56842.833333333336
25,110.0,8.71,9,621.7,56842.834027777775
28,102.0,8.73,9,621.7,56842.83472222222
25,98.0,8.74,9,621.7,56842.83541666667
24,101.0,8.75,9,621.7,56842.83611111111
26,103.0,8.74,9,621.7,56842.836805555555
22,97.0,8.73,9,621.7,56842.8375
23,104.0,8.7,9,621.7,56842.83819444444
21,105.0,8.68,9,621.8,56842.83888888889
21,113.0,8.65,9,621.7,56842.839583333334
22,112.0,8.62,9,621.7,56842.84027777778
23,106.0,8.62,9,621.7,56842.84097222222
23,99.0,8.6,10,621.6,56842.84166666667
27,107.0,8.58,10,621.6,56842.842361111114
22,94.0,8.59,9,621.6,56842.84305555555
28,101.0,8.61,9,621.6,56842.84375
26,96.0,8.63,9,621.6,56842.84444444445
22,105.0,8.64,9,621.6,56842.845138888886
25,95.0,8.64,9,621.6,56842.84583333333
26,110.0,8.68,9,621.6,56842.84652777778
28,122.0,8.74,9,621.6,56842.84722222222
27,100.0,8.8,9,621.7,56842.847916666666
27,102.0,8.89,9,621.7,56842.84861111111
23,108.0,8.95,9,621.7,56842.84930555556
27,96.0,8.98,9,621.7,56842.85
25,113.0,9.01,9,621.7,56842.850694444445
25,103.0,9.03,9,621.7,56842.85138888889
25,116.0,9.05,9,621.7,56842.85208333333
25,97.0,9.06,9,621.7,56842.85277777778
21,95.0,9.02,9,621.8,56842.853472222225
26,114.0,8.96,10,621.7,56842.854166666664
27,102.0,8.93,9,621.7,56842.85486111111
27,91.0,8.92,9,621.7,56842.85555555556
26,110.0,8.93,9,621.7,56842.85625
25,110.0,8.93,9,621.7,56842.856944444444
24,96.0,8.94,9,621.7,56842.85763888889
27,103.0,8.94,9,621.7,56842.85833333333
24,107.0,8.95,9,621.7,56842.85902777778
26,114.0,8.97,9,621.7,56842.85972222222
24,96.0,8.98,9,621.7,56842.86041666667
25,106.0,9.01,9,621.8,56842.86111111111
24,100.0,9.01,9,621.8,56842.861805555556
24,102.0,8.99,9,621.8,56842.8625
24,102.0,8.94,9,621.8,56842.86319444444
26,113.0,8.94,9,621.8,56842.86388888889
24,99.0,8.98,9,621.8,56842.864583333336
25,104.0,9.08,9,621.8,56842.865277777775
24,107.0,9.17,9,621.8,56842.86597222222
25,106.0,9.26,9,621.8,56842.86666666667
31,98.0,9.39,9,621.7,56842.86736111111
25,141.0,9.54,9,621.8,56842.868055555555
24,94.0,9.63,9,621.7,56842.86875
30,98.0,9.68,9,621.7,56842.86944444444
26,87.0,9.71,9,621.7,56842.87013888889
27,94.0,9.72,9,621.7,56842.870833333334
25,103.0,9.7,9,621.7,56842.87152777778
27,96.0,9.64,9,621.7,56842.87222222222
27,97.0,9.62,9,621.7,56842.87291666667
26,99.0,9.6,9,621.7,56842.873611111114
30,103.0,9.61,9,621.6,56842.87430555555
29,100.0,9.63,9,621.6,56842.875
28,98.0,9.64,9,621.6,56842.87569444445
28,115.0,9.68,9,621.6,56842.876388888886
28,104.0,9.7,9,621.6,56842.87708333333
28,91.0,9.69,9,621.7,56842.87777777778
28,107.0,9.68,9,621.7,56842.87847222222
24,93.0,9.65,9,621.6,56842.879166666666
26,90.0,9.65,9,621.6,56842.87986111111
30,112.0,9.74,9,621.6,56842.88055555556
26,123.0,9.85,9,621.6,56842.88125
31,97.0,9.94,9,621.6,56842.881944444445
29,112.0,9.99,9,621.6,56842.88263888889
29,100.0,10.01,9,621.6,56842.88333333333
24,96.0,9.99,9,621.6,56842.88402777778
31,103.0,9.93,9,621.6,56842.884722222225
27,104.0,9.86,9,621.6,56842.885416666664
26,99.0,9.77,9,621.6,56842.88611111111
23,103.0,9.69,9,621.6,56842.88680555556
24,124.0,9.64,9,621.6,56842.8875
28,104.0,9.58,9,621.6,56842.888194444444
30,93.0,9.54,9,621.6,56842.88888888889
27,92.0,9.5,9,621.7,56842.88958333333
27,104.0,9.5,9,621.7,56842.89027777778
22,139.0,9.5,9,621.7,56842.89097222222
21,106.0,9.45,9,621.7,56842.89166666667
24,120.0,9.42,9,621.7,56842.89236111111
25,100.0,9.44,9,621.7,56842.893055555556
24,103.0,9.49,9,621.7,56842.89375
28,100.0,9.55,9,621.7,56842.89444444444
26,93.0,9.61,9,621.7,56842.89513888889
25,102.0,9.69,10,621.7,56842.895833333336
18,101.0,9.72,9,621.8,56842.896527777775
26,95.0,9.74,9,621.7,56842.89722222222
24,94.0,9.79,9,621.7,56842.89791666667
25,103.0,9.86,9,621.7,56842.89861111111
24,99.0,9.93,9,621.7,56842.899305555555
26,97.0,9.98,9,621.8,56842.9
25,102.0,9.99,9,621.8,56842.90069444444
22,106.0,9.95,9,621.8,56842.90138888889
17,119.0,9.9,9,621.8,56842.902083333334
20,107.0,9.84,9,621.8,56842.90277777778
25,106.0,9.81,9,621.7,56842.90347222222
28,93.0,9.79,9,621.7,56842.90416666667
24,104.0,9.8,9,621.7,56842.904861111114
23,112.0,9.78,9,621.7,56842.90555555555
19,90.0,9.74,9,621.8,56842.90625
27,104.0,9.75,9,621.7,56842.90694444445
25,100.0,9.8,9,621.7,56842.907638888886
22,107.0,9.85,9,621.7,56842.90833333333
26,110.0,9.9,9,621.7,56842.90902777778
29,104.0,9.95,9,621.6,56842.90972222222
22,100.0,9.96,9,621.7,56842.910416666666
24,102.0,9.93,9,621.7,56842.91111111111
24,121.0,9.9,9,621.7,56842.91180555556
26,100.0,9.86,9,621.7,56842.9125
23,108.0,9.86,9,621.8,56842.913194444445
20,107.0,9.83,9,621.8,56842.91388888889
20,113.0,9.79,9,621.8,56842.91458333333
20,109.0,9.72,9,621.8,56842.91527777778
20,131.0,9.66,9,621.8,56842.915972222225
20,107.0,9.61,9,621.7,56842.916666666664
24,100.0,9.55,9,621.7,56842.91736111111
17,108.0,9.52,9,621.8,56842.91805555556
21,118.0,9.47,9,621.8,56842.91875
24,103.0,9.47,10,621.8,56842.919444444444
22,97.0,9.53,9,621.8,56842.92013888889
20,124.0,9.56,9,621.8,56842.92083333333
19,93.0,9.55,9,621.8,56842.92152777778
22,107.0,9.54,9,621.8,56842.92222222222
25,110.0,9.56,9,621.7,56842.92291666667
21,116.0,9.56,9,621.7,56842.92361111111
21,95.0,9.53,9,621.7,56842.924305555556
20,106.0,9.53,9,621.7,56842.925
23,105.0,9.57,9,621.6,56842.92569444444
21,102.0,9.6,9,621.6,56842.92638888889
24,121.0,9.63,9,621.6,56842.927083333336
20,89.0,9.64,9,621.6,56842.927777777775
22,118.0,9.62,9,621.6,56842.92847222222
24,101.0,9.62,9,621.6,56842.92916666667
23,103.0,9.65,9,621.6,56842.92986111111
23,108.0,9.67,9,621.6,56842.930555555555
23,82.0,9.71,9,621.7,56842.93125
23,101.0,9.72,9,621.6,56842.93194444444
27,112.0,9.75,9,621.7,56842.93263888889
18,112.0,9.73,9,621.7,56842.933333333334
16,108.0,9.67,9,621.7,56842.93402777778
21,100.0,9.66,9,621.7,56842.93472222222
18,118.0,9.72,9,621.7,56842.93541666667
14,95.0,9.76,9,621.7,56842.936111111114
21,93.0,9.78,9,621.7,56842.93680555555
26,107.0,9.85,9,621.6,56842.9375
22,99.0,9.95,9,621.6,56842.93819444445
19,107.0,10.0,9,621.7,56842.938888888886
16,105.0,10.03,9,621.7,56842.93958333333
24,99.0,10.07,9,621.6,56842.94027777778
18,89.0,10.11,9,621.7,56842.94097222222
21,97.0,10.11,9,621.6,56842.941666666666
21,116.0,10.08,9,621.6,56842.94236111111
19,100.0,10.03,9,621.6,56842.94305555556
25,105.0,9.96,9,621.6,56842.94375
21,109.0,9.91,9,621.6,56842.944444444445
16,124.0,9.85,9,621.6,56842.94513888889
21,122.0,9.8,9,621.6,56842.94583333333
20,118.0,9.75,9,621.6,56842.94652777778
22,97.0,9.71,9,621.6,56842.947222222225
22,99.0,9.71,10,621.6,56842.947916666664
18,106.0,9.72,10,621.6,56842.94861111111
20,102.0,9.71,10,621.6,56842.94930555556
20,103.0,9.71,9,621.6,56842.95
15,87.0,9.7,9,621.6,56842.950694444444
22,94.0,9.72,9,621.6,56842.95138888889
24,125.0,9.79,9,621.6,56842.95208333333
19,86.0,9.86,9,621.6,56842.95277777778
18,121.0,9.92,9,621.6,56842.95347222222
24,110.0,9.98,9,621.6,56842.95416666667
23,118.0,10.07,9,621.6,56842.95486111111
18,112.0,10.13,9,621.7,56842.955555555556
18,105.0,10.13,9,621.7,56842.95625
16,110.0,10.1,9,621.7,56842.95694444444
19,117.0,10.04,9,621.7,56842.95763888889
18,84.0,10.0,9,621.7,56842.958333333336
17,120.0,9.97,9,621.7,56842.959027777775
19,107.0,9.93,10,621.7,56842.95972222222
25,106.0,9.95,10,621.7,56842.96041666667
20,107.0,9.96,10,621.7,56842.96111111111
16,116.0,9.91,9,621.7,56842.961805555555
17,95.0,9.83,9,621.7,56842.9625
25,99.0,9.78,9,621.6,56842.96319444444
20,98.0,9.78,9,621.6,56842.96388888889
20,107.0,9.8,9,621.5,56842.964583333334
26,128.0,9.86,10,621.5,56842.96527777778
22,109.0,9.92,10,621.5,56842.96597222222
22,101.0,9.92,9,621.5,56842.96666666667
19,111.0,9.9,9,621.5,56842.967361111114
23,108.0,9.89,9,621.5,56842.96805555555
21,106.0,9.9,9,621.6,56842.96875
20,111.0,9.89,9,621.6,56842.96944444445
17,120.0,9.86,9,621.6,56842.970138888886
18,87.0,9.87,9,621.6,56842.97083333333
21,119.0,9.9,9,621.6,56842.97152777778
22,113.0,9.94,9,621.6,56842.97222222222
20,99.0,9.98,9,621.6,56842.972916666666
19,103.0,10.02,9,621.6,56842.97361111111
18,109.0,10.05,9,621.6,56842.97430555556
17,135.0,10.05,9,621.6,56842.975
21,110.0,10.04,9,621.5,56842.975694444445
18,126.0,10.01,9,621.5,56842.97638888889
22,120.0,9.96,9,621.5,56842.97708333333
25,105.0,9.96,10,621.5,56842.97777777778
24,104.0,9.99,9,621.5,56842.978472222225
15,106.0,9.96,9,621.5,56842.979166666664
24,104.0,9.88,9,621.5,56842.97986111111
25,107.0,9.84,9,621.5,56842.98055555556
22,107.0,9.81,10,621.5,56842.98125
21,133.0,9.79,10,621.5,56842.981944444444
21,116.0,9.75,10,621.5,56842.98263888889
21,107.0,9.69,10,621.5,56842.98333333333
23,116.0,9.61,10,621.5,56842.98402777778
18,130.0,9.52,10,621.5,56842.98472222222
14,126.0,9.44,10,621.5,56842.98541666667
18,110.0,9.39,10,621.5,56842.98611111111
23,105.0,9.38,10,621.4,56842.986805555556
23,127.0,9.41,11,621.4,56842.9875
21,111.0,9.46,11,621.4,56842.98819444444
19,80.0,9.49,11,621.4,56842.98888888889
21,127.0,9.51,10,621.4,56842.989583333336
22,103.0,9.56,10,621.3,56842.990277777775
22,105.0,9.66,10,621.4,56842.99097222222
23,86.0,9.76,10,621.4,56842.99166666667
18,103.0,9.86,10,621.4,56842.99236111111
19,112.0,9.96,9,621.4,56842.993055555555
19,100.0,10.03,9,621.5,56842.99375
14,123.0,10.04,9,621.5,56842.99444444444
20,114.0,10.0,9,621.5,56842.99513888889
17,115.0,9.98,9,621.5,56842.995833333334
18,100.0,9.94,9,621.4,56842.99652777778
21,123.0,9.93,9,621.4,56842.99722222222
17,122.0,9.93,9,621.5,56842.99791666667
16,89.0,9.88,9,621.4,56842.998611111114
22,119.0,9.85,9,621.4,56842.99930555555
18,112.0,9.87,9,621.4,56843.0
16,113.0,9.86,9,621.4,56843.00069444445
22,124.0,9.82,9,621.4,56843.001388888886
18,102.0,9.8,9,621.4,56843.00208333333
13,94.0,9.73,9,621.4,56843.00277777778
21,128.0,9.64,9,621.3,56843.00347222222
18,100.0,9.55,9,621.3,56843.004166666666
18,105.0,9.48,9,621.3,56843.00486111111
22,117.0,9.39,10,621.3,56843.00555555556
20,111.0,9.32,9,621.3,56843.00625
19,121.0,9.29,10,621.3,56843.006944444445
18,103.0,9.29,10,621.3,56843.00763888889
18,106.0,9.3,10,621.3,56843.00833333333
19,105.0,9.3,11,621.3,56843.00902777778
19,112.0,9.32,11,621.2,56843.009722222225
19,99.0,9.32,11,621.3,56843.010416666664
21,98.0,9.32,10,621.2,56843.01111111111
21,101.0,9.37,11,621.2,56843.01180555556
24,98.0,9.43,10,621.2,56843.0125
17,101.0,9.49,10,621.3,56843.013194444444
21,103.0,9.52,10,621.3,56843.01388888889
20,116.0,9.52,10,621.3,56843.01458333333
16,105.0,9.49,10,621.3,56843.01527777778
18,90.0,9.44,10,621.3,56843.01597222222
15,112.0,9.42,9,621.4,56843.01666666667
20,115.0,9.41,9,621.3,56843.01736111111
17,108.0,9.39,9,621.3,56843.018055555556
17,104.0,9.36,9,621.3,56843.01875
18,100.0,9.34,10,621.3,56843.01944444444
19,87.0,9.34,9,621.3,56843.02013888889
21,88.0,9.38,10,621.2,56843.020833333336
18,131.0,9.43,10,621.3,56843.021527777775
16,126.0,9.43,10,621.3,56843.02222222222
13,97.0,9.38,10,621.2,56843.02291666667
18,92.0,9.35,10,621.2,56843.02361111111
19,105.0,9.37,10,621.2,56843.024305555555
15,111.0,9.38,10,621.2,56843.025
17,108.0,9.38,10,621.2,56843.02569444444
19,105.0,9.37,10,621.2,56843.02638888889
14,63.0,9.33,10,621.2,56843.027083333334
16,116.0,9.28,10,621.1,56843.02777777778
20,103.0,9.31,9,621.1,56843.02847222222
14,96.0,9.35,9,621.1,56843.02916666667
18,94.0,9.35,9,621.2,56843.029861111114
19,106.0,9.37,9,621.1,56843.03055555555
22,108.0,9.42,10,621.1,56843.03125
18,114.0,9.46,10,621.2,56843.03194444445
15,117.0,9.46,10,621.2,56843.032638888886
15,90.0,9.43,10,621.2,56843.03333333333
13,101.0,9.41,10,621.2,56843.03402777778
18,96.0,9.41,10,621.1,56843.03472222222
21,103.0,9.43,10,621.1,56843.035416666666
18,121.0,9.51,10,621.1,56843.03611111111
15,100.0,9.53,10,621.2,56843.03680555556
11,111.0,9.52,9,621.2,56843.0375
16,96.0,9.48,10,621.1,56843.038194444445
17,100.0,9.47,10,621.1,56843.03888888889
16,101.0,9.47,9,621.1,56843.03958333333
18,90.0,9.46,9,621.1,56843.04027777778
18,110.0,9.48,9,621.1,56843.040972222225
12,117.0,9.52,9,621.1,56843.041666666664
14,103.0,9.51,9,621.1,56843.04236111111
17,115.0,9.49,10,621.1,56843.04305555556
14,119.0,9.44,10,621.1,56843.04375
15,94.0,9.39,10,621.1,56843.044444444444
20,104.0,9.35,10,621.0,56843.04513888889
20,101.0,9.34,10,621.0,56843.04583333333
19,103.0,9.32,10,621.0,56843.04652777778
21,99.0,9.32,10,621.0,56843.04722222222
13,100.0,9.29,10,621.0,56843.04791666667
12,115.0,9.22,10,621.0,56843.04861111111
14,119.0,9.14,10,621.0,56843.049305555556
14,99.0,9.09,10,621.1,56843.05
16,115.0,9.05,10,621.0,56843.05069444444
16,112.0,9.05,10,621.0,56843.05138888889
17,103.0,9.07,10,621.1,56843.052083333336
13,110.0,9.1,10,621.1,56843.052777777775
17,113.0,9.12,10,621.0,56843.05347222222
18,97.0,9.13,10,621.0,56843.05416666667
17,99.0,9.12,10,621.0,56843.05486111111
19,110.0,9.11,10,621.0,56843.055555555555
16,123.0,9.09,10,621.0,56843.05625
12,112.0,9.06,10,621.0,56843.05694444444
12,94.0,9.05,10,621.0,56843.05763888889
18,103.0,9.1,10,621.0,56843.058333333334
18,128.0,9.19,10,621.0,56843.05902777778
15,123.0,9.25,11,621.0,56843.05972222222
19,101.0,9.26,10,620.9,56843.06041666667
14,107.0,9.25,10,620.9,56843.061111111114
17,97.0,9.21,10,620.9,56843.06180555555
19,98.0,9.19,10,620.9,56843.0625
21,102.0,9.2,10,620.9,56843.06319444445
19,115.0,9.21,10,620.9,56843.063888888886
13,107.0,9.18,10,620.9,56843.06458333333
20,107.0,9.12,10,620.9,56843.06527777778
19,104.0,9.08,10,620.9,56843.06597222222
18,98.0,9.04,9,620.9,56843.066666666666
16,99.0,9.01,9,621.0,56843.06736111111
14,96.0,8.97,10,621.0,56843.06805555556
17,79.0,8.93,10,620.9,56843.06875
19,112.0,8.89,10,620.9,56843.069444444445
17,115.0,8.87,10,620.9,56843.07013888889
10,110.0,8.83,10,621.0,56843.07083333333
19,91.0,8.78,10,620.9,56843.07152777778
20,100.0,8.8,10,620.9,56843.072222222225
17,103.0,8.86,11,620.9,56843.072916666664
21,118.0,8.93,11,620.9,56843.07361111111
17,113.0,8.93,11,620.9,56843.07430555556
19,101.0,8.89,11,620.9,56843.075
19,101.0,8.86,11,620.9,56843.075694444444
17,104.0,8.82,10,620.9,56843.07638888889
14,97.0,8.75,10,620.9,56843.07708333333
16,106.0,8.68,10,620.9,56843.07777777778
15,100.0,8.62,11,620.9,56843.07847222222
18,99.0,8.54,11,620.9,56843.07916666667
16,100.0,8.46,11,620.9,56843.07986111111
13,102.0,8.37,10,620.9,56843.080555555556
15,87.0,8.29,10,620.9,56843.08125
16,107.0,8.25,10,620.9,56843.08194444444
20,110.0,8.22,11,620.8,56843.08263888889
20,108.0,8.22,11,620.8,56843.083333333336
21,101.0,8.22,11,620.8,56843.084027777775
18,92.0,8.22,11,620.8,56843.08472222222
16,100.0,8.21,11,620.8,56843.08541666667
14,90.0,8.17,11,620.8,56843.08611111111
17,105.0,8.14,11,620.8,56843.086805555555
16,101.0,8.1,11,620.8,56843.0875
13,84.0,8.07,10,620.8,56843.08819444444
17,98.0,8.07,10,620.8,56843.08888888889
19,88.0,8.11,11,620.8,56843.089583333334
18,85.0,8.17,11,620.8,56843.09027777778
18,93.0,8.21,10,620.8,56843.09097222222
16,104.0,8.25,11,620.8,56843.09166666667
22,102.0,8.28,11,620.8,56843.092361111114
17,77.0,8.27,11,620.8,56843.09305555555
15,93.0,8.24,10,620.8,56843.09375
17,102.0,8.2,10,620.8,56843.09444444445
17,89.0,8.14,10,620.8,56843.095138888886
15,103.0,8.08,10,620.9,56843.09583333333
20,95.0,8.05,10,620.8,56843.09652777778
17,90.0,8.08,10,620.8,56843.09722222222
13,96.0,8.12,10,620.8,56843.097916666666
17,103.0,8.13,10,620.8,56843.09861111111
15,105.0,8.12,10,620.8,56843.09930555556
16,120.0,8.09,11,620.8,56843.1
15,84.0,8.03,11,620.8,56843.100694444445
15,102.0,7.99,11,620.8,56843.10138888889
20,101.0,7.98,11,620.8,56843.10208333333
14,103.0,7.98,11,620.8,56843.10277777778
11,112.0,7.96,11,620.8,56843.103472222225
15,81.0,7.93,11,620.8,56843.104166666664
14,103.0,7.91,11,620.8,56843.10486111111
17,115.0,7.92,11,620.8,56843.10555555556
19,98.0,7.94,10,620.7,56843.10625
17,113.0,7.94,10,620.7,56843.106944444444
19,97.0,7.94,10,620.7,56843.10763888889
14,102.0,7.9,10,620.7,56843.10833333333
19,104.0,7.85,11,620.7,56843.10902777778
19,103.0,7.79,11,620.7,56843.10972222222
19,104.0,7.74,11,620.7,56843.11041666667
21,84.0,7.7,11,620.7,56843.11111111111
17,97.0,7.7,11,620.7,56843.111805555556
21,101.0,7.7,11,620.7,56843.1125
20,103.0,7.69,11,620.7,56843.11319444444
19,92.0,7.66,11,620.7,56843.11388888889
20,95.0,7.64,11,620.7,56843.114583333336
16,106.0,7.61,11,620.7,56843.115277777775
14,96.0,7.57,11,620.7,56843.11597222222
19,83.0,7.52,11,620.6,56843.11666666667
20,99.0,7.51,11,620.6,56843.11736111111
20,90.0,7.5,11,620.6,56843.118055555555
18,103.0,7.49,11,620.6,56843.11875
17,101.0,7.47,11,620.6,56843.11944444444
19,104.0,7.46,11,620.6,56843.12013888889
17,104.0,7.46,11,620.6,56843.120833333334
19,100.0,7.44,11,620.7,56843.12152777778
16,99.0,7.42,11,620.7,56843.12222222222
16,84.0,7.4,11,620.7,56843.12291666667
14,105.0,7.42,11,620.8,56843.123611111114
14,101.0,7.45,11,620.7,56843.12430555555
18,109.0,7.46,11,620.7,56843.125
14,116.0,7.47,11,620.8,56843.12569444445
11,94.0,7.44,11,620.8,56843.126388888886
14,91.0,7.4,11,620.8,56843.12708333333
15,100.0,7.37,11,620.8,56843.12777777778
14,102.0,7.34,11,620.8,56843.12847222222
14,99.0,7.3,11,620.8,56843.129166666666
16,83.0,7.27,11,620.8,56843.12986111111
15,95.0,7.25,11,620.8,56843.13055555556
16,77.0,7.25,11,620.8,56843.13125
16,81.0,7.28,11,620.8,56843.131944444445
16,71.0,7.32,11,620.8,56843.13263888889
14,81.0,7.37,11,620.8,56843.13333333333
15,58.0,7.4,11,620.7,56843.13402777778
14,75.0,7.4,11,620.7,56843.134722222225
16,98.0,7.42,11,620.7,56843.135416666664
18,89.0,7.44,11,620.7,56843.13611111111
18,101.0,7.47,11,620.7,56843.13680555556
15,93.0,7.49,11,620.8,56843.1375
15,83.0,7.5,10,620.8,56843.138194444444
14,96.0,7.49,10,620.8,56843.13888888889
18,84.0,7.49,10,620.7,56843.13958333333
14,88.0,7.47,10,620.7,56843.14027777778
13,89.0,7.43,10,620.7,56843.14097222222
17,90.0,7.36,10,620.7,56843.14166666667
14,91.0,7.3,10,620.7,56843.14236111111
13,90.0,7.23,11,620.7,56843.143055555556
15,83.0,7.16,11,620.7,56843.14375
14,84.0,7.08,11,620.8,56843.14444444444
14,74.0,7.01,10,620.8,56843.14513888889
13,92.0,6.95,11,620.8,56843.145833333336
13,96.0,6.89,11,620.8,56843.146527777775
13,91.0,6.85,11,620.8,56843.14722222222
13,84.0,6.82,11,620.8,56843.14791666667
11,98.0,6.79,11,620.8,56843.14861111111
14,92.0,6.79,11,620.8,56843.149305555555
13,85.0,6.78,11,620.8,56843.15
13,86.0,6.77,10,620.8,56843.15069444444
10,96.0,6.76,10,620.8,56843.15138888889
15,98.0,6.75,11,620.8,56843.152083333334
14,86.0,6.75,11,620.8,56843.15277777778
14,83.0,6.74,11,620.8,56843.15347222222
12,91.0,6.74,11,620.8,56843.15416666667
13,89.0,6.74,11,620.8,56843.154861111114
14,85.0,6.73,11,620.8,56843.15555555555
13,75.0,6.73,11,620.8,56843.15625
11,99.0,6.73,11,620.8,56843.15694444445
12,77.0,6.72,11,620.8,56843.157638888886
12,85.0,6.71,11,620.8,56843.15833333333
14,90.0,6.69,11,620.8,56843.15902777778
13,90.0,6.69,11,620.8,56843.15972222222
9,94.0,6.66,11,620.8,56843.160416666666
11,96.0,6.62,11,620.8,56843.16111111111
13,90.0,6.58,11,620.8,56843.16180555556
13,86.0,6.56,11,620.8,56843.1625
12,95.0,6.54,11,620.9,56843.163194444445
12,80.0,6.52,11,620.9,56843.16388888889
12,82.0,6.5,11,620.9,56843.16458333333
13,98.0,6.5,11,620.8,56843.16527777778
14,82.0,6.49,11,620.8,56843.165972222225
13,94.0,6.48,11,620.8,56843.166666666664
14,96.0,6.46,11,620.8,56843.16736111111
14,90.0,6.43,11,620.8,56843.16805555556
13,91.0,6.4,11,620.8,56843.16875
13,90.0,6.36,11,620.8,56843.169444444444
15,88.0,6.33,11,620.8,56843.17013888889
14,90.0,6.31,11,620.8,56843.17083333333
14,82.0,6.28,11,620.8,56843.17152777778
14,99.0,6.25,11,620.8,56843.17222222222
11,91.0,6.21,11,620.8,56843.17291666667
15,92.0,6.18,11,620.8,56843.17361111111
14,91.0,6.14,11,620.8,56843.174305555556
12,90.0,6.1,11,620.9,56843.175
14,95.0,6.07,11,620.9,56843.17569444444
13,86.0,6.03,11,620.9,56843.17638888889
11,96.0,6.0,11,620.9,56843.177083333336
12,84.0,5.96,11,620.9,56843.177777777775
11,86.0,5.92,11,620.9,56843.17847222222
12,75.0,5.88,12,620.9,56843.17916666667
12,86.0,5.84,12,620.9,56843.17986111111
12,86.0,5.81,12,620.9,56843.180555555555
11,73.0,5.78,11,620.9,56843.18125
10,92.0,5.74,12,620.9,56843.18194444444
10,84.0,5.71,12,620.9,56843.18263888889
11,92.0,5.68,12,620.9,56843.183333333334
10,92.0,5.66,12,620.9,56843.18402777778
11,83.0,5.63,12,620.9,56843.18472222222
11,92.0,5.63,12,620.9,56843.18541666667
10,81.0,5.6,11,620.9,56843.186111111114
10,97.0,5.58,12,620.9,56843.18680555555
9,90.0,5.55,12,620.9,56843.1875
9,90.0,5.52,12,620.9,56843.18819444445
10,88.0,5.49,12,620.9,56843.188888888886
10,95.0,5.46,12,620.9,56843.18958333333
10,91.0,5.43,12,620.9,56843.19027777778
9,95.0,5.41,12,620.9,56843.19097222222
11,89.0,5.38,12,620.9,56843.191666666666
10,100.0,5.36,12,620.9,56843.19236111111
10,95.0,5.34,12,621.0,56843.19305555556
12,88.0,5.31,12,621.0,56843.19375
10,95.0,5.28,12,621.0,56843.194444444445
10,94.0,5.25,12,621.0,56843.19513888889
11,87.0,5.22,12,621.0,56843.19583333333
9,94.0,5.19,12,621.0,56843.19652777778
8,92.0,5.16,12,621.0,56843.197222222225
10,89.0,5.13,12,621.0,56843.197916666664
10,90.0,5.1,12,621.0,56843.19861111111
9,90.0,5.08,12,621.0,56843.19930555556
10,88.0,5.05,12,621.0,56843.2
9,87.0,5.02,12,621.0,56843.200694444444
10,86.0,4.99,12,621.0,56843.20138888889
10,87.0,4.97,12,621.0,56843.20208333333
8,92.0,4.94,12,621.0,56843.20277777778
9,85.0,4.92,12,621.0,56843.20347222222
8,91.0,4.91,12,621.0,56843.20416666667
9,95.0,4.9,12,620.9,56843.20486111111
9,91.0,4.89,12,620.9,56843.205555555556
9,93.0,4.87,12,620.9,56843.20625
9,92.0,4.86,12,620.9,56843.20694444444
11,91.0,4.84,12,620.9,56843.20763888889
10,93.0,4.82,11,620.9,56843.208333333336
10,93.0,4.8,12,620.9,56843.209027777775
11,95.0,4.8,12,620.9,56843.20972222222
11,86.0,4.78,12,620.9,56843.21041666667
11,87.0,4.76,12,620.9,56843.21111111111
11,89.0,4.73,12,620.9,56843.211805555555
10,89.0,4.71,12,620.9,56843.2125
10,94.0,4.68,12,620.9,56843.21319444444
9,89.0,4.67,12,620.9,56843.21388888889
8,90.0,4.65,12,621.0,56843.214583333334
10,88.0,4.65,12,621.0,56843.21527777778
12,88.0,4.62,12,621.0,56843.21597222222
8,92.0,4.61,12,621.0,56843.21666666667
8,91.0,4.59,12,621.0,56843.217361111114
9,90.0,4.59,12,621.0,56843.21805555555
8,89.0,4.58,12,621.0,56843.21875
9,90.0,4.58,12,621.0,56843.21944444445
8,86.0,4.56,12,621.0,56843.220138888886
9,85.0,4.56,12,621.0,56843.22083333333
8,88.0,4.54,12,621.0,56843.22152777778
8,85.0,4.53,12,621.0,56843.22222222222
8,85.0,4.52,12,621.0,56843.222916666666
8,89.0,4.5,12,621.0,56843.22361111111
9,85.0,4.49,12,621.0,56843.22430555556
9,89.0,4.47,12,621.0,56843.225
8,89.0,4.45,12,621.0,56843.225694444445
8,88.0,4.44,12,621.0,56843.22638888889
7,88.0,4.43,12,621.0,56843.22708333333
7,88.0,4.43,12,621.0,56843.22777777778
7,85.0,4.43,12,621.0,56843.228472222225
7,85.0,4.42,12,621.0,56843.229166666664
7,85.0,4.4,12,621.0,56843.22986111111
6,85.0,4.4,12,621.0,56843.23055555556
7,85.0,4.38,12,621.1,56843.23125
6,85.0,4.37,12,621.1,56843.231944444444
7,85.0,4.37,12,621.1,56843.23263888889
6,85.0,4.35,11,621.1,56843.23333333333
6,85.0,4.35,11,621.1,56843.23402777778
6,85.0,4.36,11,621.1,56843.23472222222
6,85.0,4.37,11,621.1,56843.23541666667
5,85.0,4.39,12,621.1,56843.23611111111
4,85.0,4.41,11,621.2,56843.236805555556
4,85.0,4.43,11,621.2,56843.2375
3,85.0,4.45,11,621.2,56843.23819444444
3,85.0,4.47,11,621.2,56843.23888888889
2,85.0,4.5,11,621.2,56843.239583333336
2,85.0,4.53,11,621.2,56843.240277777775
2,85.0,4.57,11,621.2,56843.24097222222
1,85.0,4.62,11,621.2,56843.24166666667
0,85.0,4.67,11,621.2,56843.24236111111
0,85.0,4.72,11,621.2,56843.243055555555
0,85.0,4.75,11,621.2,56843.24375
0,85.0,4.79,11,621.2,56843.24444444444
0,85.0,4.84,10,621.2,56843.24513888889
0,85.0,4.91,10,621.2,56843.245833333334
0,85.0,4.97,10,621.2,56843.24652777778
0,85.0,5.03,10,621.2,56843.24722222222
0,85.0,5.08,10,621.3,56843.24791666667
0,85.0,5.11,10,621.3,56843.248611111114
0,85.0,5.14,10,621.3,56843.24930555555
0,85.0,5.17,10,621.2,56843.25
0,85.0,5.2,10,621.2,56843.25069444445
0,85.0,5.23,10,621.2,56843.251388888886
0,85.0,5.25,10,621.2,56843.25208333333
0,85.0,5.26,10,621.2,56843.25277777778
0,85.0,5.28,10,621.2,56843.25347222222
0,85.0,5.29,10,621.2,56843.254166666666
0,85.0,5.29,10,621.2,56843.25486111111
0,85.0,5.28,10,621.2,56843.25555555556
0,85.0,5.26,10,621.3,56843.25625
0,85.0,5.25,10,621.3,56843.256944444445
0,85.0,5.25,10,621.3,56843.25763888889
0,85.0,5.25,10,621.3,56843.25833333333
0,85.0,5.26,10,621.3,56843.25902777778
0,85.0,5.27,10,621.3,56843.259722222225
0,85.0,5.29,10,621.3,56843.260416666664
0,85.0,5.3,10,621.3,56843.26111111111
0,85.0,5.32,10,621.3,56843.26180555556
0,85.0,5.32,10,621.3,56843.2625
0,85.0,5.33,10,621.3,56843.263194444444
0,85.0,5.34,10,621.3,56843.26388888889
0,85.0,5.35,10,621.3,56843.26458333333
0,85.0,5.35,10,621.3,56843.26527777778
0,85.0,5.36,10,621.3,56843.26597222222
0,85.0,5.38,10,621.3,56843.26666666667
0,85.0,5.38,10,621.3,56843.26736111111
0,85.0,5.4,10,621.3,56843.268055555556
0,85.0,5.41,10,621.3,56843.26875
0,85.0,5.42,10,621.4,56843.26944444444
0,85.0,5.44,10,621.4,56843.27013888889
0,85.0,5.44,10,621.4,56843.270833333336
0,85.0,5.44,10,621.4,56843.271527777775
0,85.0,5.44,10,621.4,56843.27222222222
0,85.0,5.45,10,621.4,56843.27291666667
0,85.0,5.45,10,621.4,56843.27361111111
0,85.0,5.45,10,621.3,56843.274305555555
0,85.0,5.43,10,621.3,56843.275
2,85.0,5.41,10,621.3,56843.27569444444
5,85.0,5.39,10,621.3,56843.27638888889
5,85.0,5.36,10,621.3,56843.277083333334
4,85.0,5.31,10,621.3,56843.27777777778
4,85.0,5.26,10,621.3,56843.27847222222
4,85.0,5.2,10,621.3,56843.27916666667
3,85.0,5.14,10,621.3,56843.279861111114
2,85.0,5.09,10,621.3,56843.28055555555
2,85.0,5.05,10,621.3,56843.28125
2,85.0,5.02,10,621.3,56843.28194444445
2,85.0,5.0,10,621.3,56843.282638888886
1,85.0,4.99,10,621.3,56843.28333333333
1,85.0,4.99,10,621.3,56843.28402777778
0,85.0,4.98,10,621.3,56843.28472222222
0,85.0,4.99,10,621.3,56843.285416666666
0,85.0,5.01,10,621.3,56843.28611111111
0,85.0,5.03,10,621.3,56843.28680555556
0,85.0,5.07,10,621.4,56843.2875
0,85.0,5.11,10,621.4,56843.288194444445
0,85.0,5.16,10,621.4,56843.28888888889
0,85.0,5.21,10,621.4,56843.28958333333
0,85.0,5.26,10,621.4,56843.29027777778
0,85.0,5.31,10,621.4,56843.290972222225
0,85.0,5.35,10,621.4,56843.291666666664
0,85.0,5.39,10,621.4,56843.29236111111
0,85.0,5.41,10,621.4,56843.29305555556
0,85.0,5.44,10,621.4,56843.29375
0,85.0,5.44,10,621.4,56843.294444444444
0,85.0,5.46,10,621.4,56843.29513888889
0,85.0,5.47,10,621.4,56843.29583333333
0,85.0,5.47,10,621.4,56843.29652777778
0,85.0,5.47,10,621.4,56843.29722222222
0,85.0,5.48,10,621.4,56843.29791666667
0,85.0,5.48,10,621.4,56843.29861111111
0,85.0,5.48,10,621.4,56843.299305555556
0,85.0,5.47,10,621.4,56843.3
0,85.0,5.47,10,621.4,56843.30069444444
0,85.0,5.47,10,621.4,56843.30138888889
0,85.0,5.45,10,621.4,56843.302083333336
0,85.0,5.44,10,621.4,56843.302777777775
0,85.0,5.44,10,621.4,56843.30347222222
0,85.0,5.44,10,621.4,56843.30416666667
0,85.0,5.44,10,621.4,56843.30486111111
0,85.0,5.44,10,621.4,56843.305555555555
0,85.0,5.44,10,621.4,56843.30625
0,85.0,5.44,10,621.4,56843.30694444444
0,85.0,5.43,10,621.4,56843.30763888889
0,85.0,5.42,10,621.4,56843.308333333334
0,85.0,5.41,10,621.4,56843.30902777778
0,85.0,5.41,10,621.4,56843.30972222222
0,85.0,5.39,10,621.4,56843.31041666667
0,85.0,5.39,10,621.4,56843.311111111114
0,88.0,5.38,10,621.4,56843.31180555555
0,89.0,5.38,10,621.4,56843.3125
0,89.0,5.38,10,621.4,56843.31319444445
0,89.0,5.37,10,621.4,56843.313888888886
0,89.0,5.35,10,621.4,56843.31458333333
0,88.0,5.35,10,621.4,56843.31527777778
0,82.0,5.35,10,621.4,56843.31597222222
0,82.0,5.33,10,621.4,56843.316666666666
0,82.0,5.33,10,621.4,56843.31736111111
0,82.0,5.32,10,621.4,56843.31805555556
0,89.0,5.33,10,621.4,56843.31875
1,85.0,5.33,10,621.4,56843.319444444445
1,85.0,5.33,10,621.4,56843.32013888889
0,84.0,5.34,10,621.4,56843.32083333333
0,84.0,5.34,10,621.4,56843.32152777778
0,84.0,5.34,10,621.4,56843.322222222225
0,84.0,5.33,10,621.4,56843.322916666664
0,84.0,5.32,10,621.4,56843.32361111111
0,84.0,5.32,10,621.5,56843.32430555556
0,84.0,5.32,10,621.5,56843.325
0,84.0,5.31,10,621.5,56843.325694444444
0,84.0,5.3,10,621.5,56843.32638888889
0,84.0,5.29,10,621.4,56843.32708333333
0,84.0,5.29,10,621.4,56843.32777777778
0,84.0,5.29,10,621.4,56843.32847222222
0,84.0,5.28,10,621.4,56843.32916666667
0,84.0,5.26,10,621.4,56843.32986111111
1,84.0,5.23,10,621.4,56843.330555555556
4,84.0,5.19,10,621.3,56843.33125
6,84.0,5.15,10,621.3,56843.33194444444
7,84.0,5.11,10,621.3,56843.33263888889
7,84.0,5.08,10,621.3,56843.333333333336
6,89.0,5.06,10,621.3,56843.334027777775
5,89.0,5.04,10,621.3,56843.33472222222
4,89.0,5.03,10,621.3,56843.33541666667
3,89.0,5.02,10,621.3,56843.33611111111
2,89.0,5.01,10,621.4,56843.336805555555
0,89.0,4.99,10,621.4,56843.3375
0,89.0,4.98,10,621.4,56843.33819444444
0,89.0,4.98,10,621.4,56843.33888888889
0,89.0,4.98,10,621.4,56843.339583333334
0,89.0,4.98,10,621.5,56843.34027777778
0,89.0,4.98,10,621.5,56843.34097222222
0,89.0,4.98,10,621.5,56843.34166666667
0,89.0,4.99,10,621.5,56843.342361111114
0,89.0,5.01,10,621.5,56843.34305555555
0,89.0,5.01,10,621.5,56843.34375
0,89.0,5.01,10,621.5,56843.34444444445
0,89.0,5.01,10,621.5,56843.345138888886
0,89.0,5.01,10,621.4,56843.34583333333
0,89.0,5.02,10,621.4,56843.34652777778
0,89.0,5.04,10,621.4,56843.34722222222
0,88.0,5.05,10,621.4,56843.347916666666
0,86.0,5.05,10,621.4,56843.34861111111
0,84.0,5.05,10,621.3,56843.34930555556
1,84.0,5.05,10,621.3,56843.35
0,84.0,5.04,10,621.3,56843.350694444445
0,84.0,5.01,10,621.3,56843.35138888889
0,84.0,4.97,10,621.3,56843.35208333333
0,84.0,4.91,10,621.3,56843.35277777778
1,84.0,4.85,10,621.3,56843.353472222225
3,84.0,4.78,10,621.3,56843.354166666664
3,84.0,4.71,10,621.3,56843.35486111111
3,84.0,4.65,10,621.3,56843.35555555556
1,84.0,4.6,10,621.3,56843.35625
0,84.0,4.57,10,621.3,56843.356944444444
0,84.0,4.56,10,621.3,56843.35763888889
0,84.0,4.56,10,621.3,56843.35833333333
0,84.0,4.59,10,621.3,56843.35902777778
0,84.0,4.62,10,621.3,56843.35972222222
0,84.0,4.65,10,621.3,56843.36041666667
0,84.0,4.68,10,621.3,56843.36111111111
0,90.0,4.71,10,621.3,56843.361805555556
0,90.0,4.74,10,621.3,56843.3625
0,53.0,4.78,10,621.3,56843.36319444444
0,56.0,4.82,10,621.3,56843.36388888889
0,56.0,4.85,10,621.3,56843.364583333336
0,56.0,4.89,10,621.3,56843.365277777775
0,56.0,4.92,10,621.3,56843.36597222222
0,56.0,4.94,10,621.3,56843.36666666667
0,56.0,4.95,10,621.3,56843.36736111111
0,56.0,4.96,10,621.3,56843.368055555555
0,65.0,4.97,10,621.3,56843.36875
0,64.0,4.98,10,621.3,56843.36944444444
0,65.0,4.98,10,621.3,56843.37013888889
0,65.0,4.98,10,621.3,56843.370833333334
0,58.0,4.98,10,621.3,56843.37152777778
0,70.0,4.98,10,621.3,56843.37222222222
0,97.0,4.99,10,621.3,56843.37291666667
0,97.0,4.99,10,621.2,56843.373611111114
0,97.0,4.99,10,621.2,56843.37430555555
0,97.0,4.98,10,621.2,56843.375
0,97.0,4.98,10,621.2,56843.37569444445
0,96.0,4.97,10,621.2,56843.376388888886
0,93.0,4.96,10,621.2,56843.37708333333
0,89.0,4.95,10,621.2,56843.37777777778
0,81.0,4.95,10,621.2,56843.37847222222
0,82.0,4.95,10,621.2,56843.379166666666
0,82.0,4.94,10,621.2,56843.37986111111
0,89.0,4.93,10,621.2,56843.38055555556
0,85.0,4.92,10,621.2,56843.38125
0,85.0,4.93,10,621.2,56843.381944444445
0,85.0,4.93,10,621.2,56843.38263888889
0,85.0,4.93,10,621.2,56843.38333333333
0,85.0,4.93,10,621.2,56843.38402777778
0,86.0,4.93,10,621.2,56843.384722222225
0,89.0,4.93,10,621.2,56843.385416666664
0,90.0,4.93,10,621.2,56843.38611111111
0,90.0,4.94,10,621.2,56843.38680555556
0,90.0,4.95,10,621.2,56843.3875
0,90.0,4.96,10,621.2,56843.388194444444
0,90.0,4.97,10,621.2,56843.38888888889
0,90.0,4.98,10,621.2,56843.38958333333
0,88.0,5.0,10,621.2,56843.39027777778
0,88.0,5.02,10,621.2,56843.39097222222
0,88.0,5.04,10,621.2,56843.39166666667
0,88.0,5.05,10,621.1,56843.39236111111
0,96.0,5.05,10,621.1,56843.393055555556
0,96.0,5.05,10,621.1,56843.39375
0,96.0,5.05,10,621.1,56843.39444444444
0,96.0,5.05,10,621.1,56843.39513888889
0,99.0,5.04,10,621.0,56843.395833333336
0,147.0,5.04,10,621.0,56843.396527777775
0,147.0,5.03,10,621.1,56843.39722222222
0,147.0,5.02,10,621.1,56843.39791666667
0,147.0,5.01,10,621.1,56843.39861111111
0,147.0,5.01,10,621.1,56843.399305555555
0,147.0,5.01,10,621.2,56843.4
0,147.0,5.02,10,621.1,56843.40069444444
0,147.0,5.02,10,621.1,56843.40138888889
0,147.0,5.02,10,621.1,56843.402083333334
0,147.0,5.02,10,621.1,56843.40277777778
0,147.0,5.02,10,621.1,56843.40347222222
0,146.0,5.04,9,621.0,56843.40416666667
0,146.0,5.06,9,621.0,56843.404861111114
0,146.0,5.08,9,621.0,56843.40555555555
0,146.0,5.09,9,621.0,56843.40625
0,146.0,5.09,10,621.0,56843.40694444445
0,146.0,5.08,10,621.0,56843.407638888886
0,146.0,5.06,10,621.0,56843.40833333333
0,146.0,5.04,10,621.0,56843.40902777778
0,146.0,5.02,10,621.0,56843.40972222222
0,149.0,5.02,10,621.0,56843.410416666666
0,149.0,5.01,10,621.0,56843.41111111111
0,149.0,5.01,10,621.0,56843.41180555556
0,149.0,5.01,10,621.0,56843.4125
0,149.0,5.01,10,621.0,56843.413194444445
0,149.0,5.0,10,621.0,56843.41388888889
0,149.0,5.0,10,621.0,56843.41458333333
0,149.0,5.0,10,621.0,56843.41527777778
0,149.0,5.0,10,621.0,56843.415972222225
