wind_speed,wind_direction,temperature,relative_humidity,pressure,mjd
11,187.0,5.02,5,618.1,56796.416666666664
10,176.0,5.04,5,618.1,56796.41736111111
11,181.0,5.05,5,618.1,56796.41805555556
9,174.0,5.05,5,618.1,56796.41875
9,178.0,5.07,5,618.1,56796.419444444444
9,205.0,5.09,5,618.1,56796.42013888889
9,271.0,5.11,5,618.1,56796.42083333333
8,200.0,5.15,5,618.1,56796.42152777778
9,177.0,5.19,5,618.1,56796.42222222222
8,166.0,5.21,5,618.1,56796.42291666667
10,199.0,5.23,5,618.1,56796.42361111111
10,180.0,5.25,5,618.1,56796.424305555556
9,194.0,5.26,5,618.1,56796.425
9,185.0,5.26,5,618.1,56796.42569444444
10,184.0,5.26,5,618.1,56796.42638888889
9,171.0,5.27,5,618.1,56796.427083333336
10,184.0,5.27,5,618.1,56796.427777777775
9,193.0,5.28,5,618.1,56796.42847222222
8,177.0,5.29,5,618.1,56796.42916666667
8,291.0,5.29,5,618.1,56796.42986111111
8,180.0,5.31,5,618.1,56796.430555555555
8,174.0,5.32,6,618.1,56796.43125
10,224.0,5.34,6,618.1,56796.43194444444
10,240.0,5.35,6,618.0,56796.43263888889
10,214.0,5.37,6,618.0,56796.433333333334
11,189.0,5.38,6,618.1,56796.43402777778
10,196.0,5.41,6,618.0,56796.43472222222
9,189.0,5.43,6,618.0,56796.43541666667
8,154.0,5.46,7,618.1,56796.436111111114
9,186.0,5.47,7,618.0,56796.43680555555
9,205.0,5.48,7,618.0,56796.4375
9,149.0,5.5,7,618.0,56796.43819444445
9,206.0,5.51,7,618.0,56796.438888888886
8,147.0,5.51,7,618.0,56796.43958333333
9,184.0,5.53,7,618.0,56796.44027777778
8,192.0,5.53,7,618.0,56796.44097222222
8,180.0,5.55,7,618.0,56796.441666666666
8,177.0,5.56,7,618.0,56796.44236111111
8,201.0,5.56,7,618.0,56796.44305555556
9,182.0,5.54,7,618.0,56796.44375
9,181.0,5.54,7,618.0,56796.444444444445
7,174.0,5.53,7,618.0,56796.44513888889
8,194.0,5.53,7,618.0,56796.44583333333
8,168.0,5.53,7,618.0,56796.44652777778
8,209.0,5.53,7,618.0,56796.447222222225
8,169.0,5.53,7,618.0,56796.447916666664
8,149.0,5.53,6,618.0,56796.44861111111
8,179.0,5.51,6,617.9,56796.44930555556
7,180.0,5.5,6,617.9,56796.45
9,216.0,5.5,6,617.9,56796.450694444444
6,166.0,5.5,6,617.9,56796.45138888889
8,220.0,5.5,7,617.9,56796.45208333333
6,148.0,5.5,6,617.9,56796.45277777778
7,198.0,5.5,6,617.9,56796.45347222222
6,186.0,5.5,6,617.9,56796.45416666667
7,190.0,5.5,6,617.9,56796.45486111111
7,188.0,5.5,6,617.9,56796.455555555556
7,176.0,5.5,6,617.9,56796.45625
8,220.0,5.5,6,617.9,56796.45694444444
7,178.0,5.5,6,617.9,56796.45763888889
7,159.0,5.5,6,617.9,56796.458333333336
9,161.0,5.48,6,617.8,56796.459027777775
9,211.0,5.45,6,617.8,56796.45972222222
9,175.0,5.41,6,617.8,56796.46041666667
10,186.0,5.36,6,617.8,56796.46111111111
9,163.0,5.34,6,617.8,56796.461805555555
9,191.0,5.32,6,617.7,56796.4625
8,172.0,5.31,6,617.7,56796.46319444444
10,204.0,5.3,6,617.7,56796.46388888889
8,196.0,5.3,6,617.7,56796.464583333334
8,190.0,5.29,6,617.7,56796.46527777778
9,166.0,5.27,6,617.7,56796.46597222222
9,172.0,5.24,6,617.7,56796.46666666667
9,187.0,5.2,6,617.7,56796.467361111114
9,188.0,5.17,5,617.7,56796.46805555555
10,169.0,5.14,5,617.7,56796.46875
9,165.0,5.12,5,617.7,56796.46944444445
9,180.0,5.1,5,617.7,56796.470138888886
9,182.0,5.08,5,617.7,56796.47083333333
9,183.0,5.08,5,617.6,56796.47152777778
8,173.0,5.08,5,617.6,56796.47222222222
9,177.0,5.08,5,617.6,56796.472916666666
6,159.0,5.1,5,617.6,56796.47361111111
7,181.0,5.11,5,617.6,56796.47430555556
6,150.0,5.1,5,617.6,56796.475
7,173.0,5.08,5,617.5,56796.475694444445
7,168.0,5.07,5,617.5,56796.47638888889
8,236.0,5.05,5,617.5,56796.47708333333
7,180.0,5.06,5,617.5,56796.47777777778
6,173.0,5.07,5,617.5,56796.478472222225
7,190.0,5.08,5,617.5,56796.479166666664
7,178.0,5.09,5,617.5,56796.47986111111
8,166.0,5.08,5,617.5,56796.48055555556
6,208.0,5.08,5,617.5,56796.48125
6,189.0,5.08,5,617.5,56796.481944444444
8,218.0,5.08,5,617.5,56796.48263888889
7,208.0,5.08,5,617.5,56796.48333333333
7,188.0,5.07,5,617.5,56796.48402777778
7,173.0,5.07,5,617.5,56796.48472222222
6,175.0,5.05,5,617.5,56796.48541666667
6,174.0,5.03,5,617.5,56796.48611111111
7,185.0,5.01,5,617.5,56796.486805555556
6,192.0,4.98,5,617.5,56796.4875
6,189.0,4.97,5,617.5,56796.48819444444
6,206.0,4.95,5,617.5,56796.48888888889
5,186.0,4.94,5,617.5,56796.489583333336
5,225.0,4.93,5,617.5,56796.490277777775
4,192.0,4.94,5,617.5,56796.49097222222
5,216.0,4.93,5,617.5,56796.49166666667
6,191.0,4.93,5,617.4,56796.49236111111
6,177.0,4.93,5,617.4,56796.493055555555
7,178.0,4.93,5,617.4,56796.49375
7,187.0,4.94,5,617.4,56796.49444444444
7,199.0,4.95,5,617.4,56796.49513888889
7,165.0,4.95,5,617.4,56796.495833333334
8,185.0,4.93,5,617.4,56796.49652777778
8,172.0,4.91,5,617.4,56796.49722222222
7,200.0,4.87,5,617.4,56796.49791666667
6,182.0,4.83,5,617.4,56796.498611111114
7,192.0,4.79,5,617.3,56796.49930555555
7,182.0,4.75,5,617.3,56796.5
8,168.0,4.71,5,617.3,56796.50069444445
7,198.0,4.69,5,617.3,56796.501388888886
8,219.0,4.67,5,617.3,56796.50208333333
7,194.0,4.67,5,617.3,56796.50277777778
8,170.0,4.68,5,617.3,56796.50347222222
7,193.0,4.68,5,617.3,56796.504166666666
8,196.0,4.7,5,617.3,56796.50486111111
7,181.0,4.72,5,617.3,56796.50555555556
7,182.0,4.74,5,617.3,56796.50625
7,185.0,4.77,5,617.3,56796.506944444445
8,174.0,4.77,5,617.3,56796.50763888889
7,179.0,4.77,5,617.3,56796.50833333333
7,179.0,4.76,5,617.2,56796.50902777778
6,170.0,4.74,5,617.2,56796.509722222225
7,180.0,4.71,5,617.2,56796.510416666664
6,223.0,4.7,5,617.2,56796.51111111111
7,240.0,4.69,5,617.2,56796.51180555556
7,220.0,4.69,5,617.2,56796.5125
7,163.0,4.71,5,617.2,56796.513194444444
7,197.0,4.72,5,617.2,56796.51388888889
7,199.0,4.76,5,617.2,56796.51458333333
7,190.0,4.8,5,617.2,56796.51527777778
7,246.0,4.83,5,617.2,56796.51597222222
6,221.0,4.86,5,617.2,56796.51666666667
7,198.0,4.87,5,617.2,56796.51736111111
7,213.0,4.89,5,617.2,56796.518055555556
6,196.0,4.9,5,617.2,56796.51875
7,185.0,4.92,5,617.2,56796.51944444444
7,229.0,4.93,5,617.1,56796.52013888889
5,202.0,4.94,5,617.1,56796.520833333336
3,205.0,4.95,5,617.1,56796.521527777775
5,212.0,4.94,5,617.1,56796.52222222222
7,208.0,4.92,5,617.1,56796.52291666667
7,219.0,4.92,5,617.1,56796.52361111111
6,227.0,4.9,5,617.1,56796.524305555555
4,202.0,4.89,5,617.1,56796.525
6,189.0,4.86,5,617.1,56796.52569444444
7,175.0,4.84,5,617.1,56796.52638888889
7,197.0,4.83,5,617.1,56796.527083333334
7,190.0,4.83,5,617.1,56796.52777777778
7,175.0,4.83,5,617.0,56796.52847222222
6,192.0,4.82,5,617.0,56796.52916666667
6,160.0,4.82,5,617.0,56796.529861111114
7,197.0,4.83,5,617.0,56796.53055555555
7,184.0,4.83,5,617.0,56796.53125
7,229.0,4.83,5,617.0,56796.53194444445
6,212.0,4.83,5,617.0,56796.532638888886
6,188.0,4.77,5,617.0,56796.53333333333
7,189.0,4.71,5,617.0,56796.53402777778
6,213.0,4.62,5,617.0,56796.53472222222
7,213.0,4.54,5,617.0,56796.535416666666
7,183.0,4.46,5,617.0,56796.53611111111
7,183.0,4.39,5,617.0,56796.53680555556
7,181.0,4.33,5,617.0,56796.5375
6,190.0,4.28,5,617.0,56796.538194444445
6,227.0,4.24,5,617.0,56796.53888888889
6,196.0,4.21,5,617.0,56796.53958333333
7,214.0,4.18,5,617.0,56796.54027777778
5,207.0,4.16,5,617.0,56796.540972222225
5,170.0,4.13,5,617.0,56796.541666666664
4,195.0,4.13,5,617.0,56796.54236111111
4,243.0,4.1,5,617.0,56796.54305555556
4,201.0,4.1,5,617.0,56796.54375
6,173.0,4.09,5,617.0,56796.544444444444
7,185.0,4.06,5,617.0,56796.54513888889
6,184.0,4.02,5,617.0,56796.54583333333
6,188.0,3.97,5,617.0,56796.54652777778
5,175.0,3.94,5,617.0,56796.54722222222
6,187.0,3.92,5,617.0,56796.54791666667
5,205.0,3.92,5,617.0,56796.54861111111
4,219.0,3.93,5,617.0,56796.549305555556
4,195.0,3.94,5,617.0,56796.55
4,202.0,3.95,5,617.0,56796.55069444444
5,192.0,3.95,5,617.0,56796.55138888889
4,177.0,3.96,5,617.0,56796.552083333336
6,199.0,3.95,5,617.0,56796.552777777775
6,179.0,3.93,5,617.0,56796.55347222222
6,170.0,3.91,5,616.9,56796.55416666667
6,184.0,3.88,5,616.9,56796.55486111111
6,172.0,3.84,5,616.9,56796.555555555555
5,196.0,3.81,5,616.9,56796.55625
4,175.0,3.78,5,616.9,56796.55694444444
6,188.0,3.76,5,616.9,56796.55763888889
6,210.0,3.73,5,616.9,56796.558333333334
5,205.0,3.71,5,616.9,56796.55902777778
5,171.0,3.69,5,616.9,56796.55972222222
3,204.0,3.69,5,616.9,56796.56041666667
3,175.0,3.7,5,617.0,56796.561111111114
5,196.0,3.7,5,617.0,56796.56180555555
5,208.0,3.7,5,617.0,56796.5625
5,213.0,3.72,5,617.0,56796.56319444445
6,182.0,3.73,5,617.0,56796.563888888886
6,177.0,3.74,5,617.0,56796.56458333333
6,192.0,3.73,5,617.0,56796.56527777778
6,183.0,3.71,5,617.0,56796.56597222222
6,175.0,3.68,5,617.0,56796.566666666666
7,190.0,3.66,5,617.0,56796.56736111111
7,181.0,3.62,5,617.0,56796.56805555556
6,192.0,3.59,5,617.0,56796.56875
7,177.0,3.56,5,617.0,56796.569444444445
6,191.0,3.54,5,617.0,56796.57013888889
5,179.0,3.52,5,617.0,56796.57083333333
6,186.0,3.5,5,617.0,56796.57152777778
6,205.0,3.48,5,617.0,56796.572222222225
5,171.0,3.48,5,617.0,56796.572916666664
4,194.0,3.49,5,617.0,56796.57361111111
4,170.0,3.5,5,617.0,56796.57430555556
6,181.0,3.52,5,617.0,56796.575
6,184.0,3.52,5,617.0,56796.575694444444
6,187.0,3.53,5,617.0,56796.57638888889
4,189.0,3.54,5,617.0,56796.57708333333
4,198.0,3.56,5,617.0,56796.57777777778
5,195.0,3.59,5,617.0,56796.57847222222
4,194.0,3.63,5,617.0,56796.57916666667
3,199.0,3.68,5,617.0,56796.57986111111
6,192.0,3.73,5,617.0,56796.580555555556
7,193.0,3.8,5,617.0,56796.58125
6,224.0,3.87,5,617.0,56796.58194444444
5,178.0,3.95,5,617.0,56796.58263888889
7,195.0,4.02,5,617.0,56796.583333333336
7,168.0,4.09,5,617.0,56796.584027777775
6,198.0,4.15,4,617.0,56796.58472222222
5,200.0,4.2,4,617.1,56796.58541666667
6,236.0,4.24,4,617.0,56796.58611111111
7,196.0,4.27,4,617.0,56796.586805555555
6,258.0,4.29,4,617.0,56796.5875
6,212.0,4.31,4,617.0,56796.58819444444
6,200.0,4.31,4,617.0,56796.58888888889
6,199.0,4.31,4,617.0,56796.589583333334
6,193.0,4.31,4,617.0,56796.59027777778
7,179.0,4.32,4,617.0,56796.59097222222
6,168.0,4.33,4,617.0,56796.59166666667
5,206.0,4.34,4,617.0,56796.592361111114
5,183.0,4.36,4,617.0,56796.59305555555
6,187.0,4.37,4,617.0,56796.59375
6,231.0,4.38,4,617.0,56796.59444444445
5,193.0,4.4,4,617.0,56796.595138888886
6,205.0,4.42,4,617.0,56796.59583333333
6,208.0,4.44,4,617.0,56796.59652777778
5,212.0,4.46,4,617.1,56796.59722222222
2,209.0,4.47,4,617.1,56796.597916666666
4,189.0,4.48,4,617.1,56796.59861111111
4,200.0,4.49,4,617.1,56796.59930555556
7,196.0,4.5,4,617.1,56796.6
6,166.0,4.51,4,617.1,56796.600694444445
5,211.0,4.52,4,617.1,56796.60138888889
3,211.0,4.53,4,617.0,56796.60208333333
4,172.0,4.55,4,617.1,56796.60277777778
4,164.0,4.57,5,617.1,56796.603472222225
3,205.0,4.59,5,617.1,56796.604166666664
5,276.0,4.59,5,617.1,56796.60486111111
3,208.0,4.59,5,617.0,56796.60555555556
5,211.0,4.59,5,617.0,56796.60625
5,240.0,4.59,5,617.0,56796.606944444444
4,203.0,4.61,5,617.0,56796.60763888889
2,187.0,4.62,5,617.0,56796.60833333333
3,221.0,4.62,5,617.1,56796.60902777778
2,209.0,4.64,5,617.1,56796.60972222222
3,209.0,4.65,5,617.1,56796.61041666667
3,176.0,4.65,5,617.1,56796.61111111111
3,173.0,4.65,5,617.1,56796.611805555556
4,196.0,4.64,5,617.1,56796.6125
3,187.0,4.62,5,617.1,56796.61319444444
6,203.0,4.61,5,617.1,56796.61388888889
4,192.0,4.6,5,617.0,56796.614583333336
4,196.0,4.59,5,617.0,56796.615277777775
3,199.0,4.6,5,617.0,56796.61597222222
3,237.0,4.62,5,617.1,56796.61666666667
2,206.0,4.62,5,617.1,56796.61736111111
2,239.0,4.63,5,617.1,56796.618055555555
2,248.0,4.62,5,617.1,56796.61875
3,213.0,4.62,5,617.1,56796.61944444444
2,217.0,4.62,5,617.0,56796.62013888889
2,242.0,4.62,5,617.0,56796.620833333334
2,201.0,4.62,5,617.0,56796.62152777778
5,195.0,4.62,5,617.0,56796.62222222222
6,207.0,4.62,5,617.0,56796.62291666667
6,218.0,4.63,5,617.1,56796.623611111114
6,213.0,4.65,5,617.1,56796.62430555555
6,199.0,4.65,5,617.1,56796.625
5,195.0,4.66,5,617.1,56796.62569444445
6,189.0,4.68,5,617.1,56796.626388888886
7,180.0,4.68,5,617.1,56796.62708333333
7,208.0,4.69,5,617.1,56796.62777777778
7,191.0,4.7,4,617.1,56796.62847222222
6,190.0,4.71,4,617.1,56796.629166666666
7,186.0,4.71,4,617.1,56796.62986111111
6,193.0,4.71,4,617.1,56796.63055555556
7,196.0,4.71,4,617.1,56796.63125
7,198.0,4.71,4,617.1,56796.631944444445
8,188.0,4.71,4,617.2,56796.63263888889
6,193.0,4.71,4,617.1,56796.63333333333
7,187.0,4.69,4,617.1,56796.63402777778
8,177.0,4.68,4,617.1,56796.634722222225
8,180.0,4.68,4,617.2,56796.635416666664
5,193.0,4.66,4,617.2,56796.63611111111
5,208.0,4.64,4,617.1,56796.63680555556
5,180.0,4.62,4,617.2,56796.6375
7,190.0,4.6,4,617.2,56796.638194444444
6,191.0,4.59,4,617.2,56796.63888888889
7,228.0,4.57,4,617.2,56796.63958333333
5,205.0,4.55,4,617.2,56796.64027777778
6,191.0,4.53,4,617.2,56796.64097222222
6,206.0,4.51,4,617.2,56796.64166666667
6,212.0,4.5,4,617.2,56796.64236111111
5,201.0,4.47,4,617.2,56796.643055555556
6,168.0,4.45,4,617.2,56796.64375
7,196.0,4.43,4,617.2,56796.64444444444
7,189.0,4.42,4,617.2,56796.64513888889
6,200.0,4.4,4,617.2,56796.645833333336
4,195.0,4.39,4,617.2,56796.646527777775
4,196.0,4.37,4,617.2,56796.64722222222
5,198.0,4.35,4,617.2,56796.64791666667
5,223.0,4.34,4,617.2,56796.64861111111
5,190.0,4.33,4,617.2,56796.649305555555
4,235.0,4.32,4,617.2,56796.65
3,268.0,4.31,4,617.2,56796.65069444444
3,190.0,4.31,4,617.2,56796.65138888889
3,186.0,4.3,4,617.2,56796.652083333334
5,212.0,4.29,4,617.3,56796.65277777778
3,208.0,4.28,4,617.3,56796.65347222222
4,240.0,4.26,4,617.3,56796.65416666667
3,184.0,4.25,4,617.3,56796.654861111114
3,167.0,4.25,4,617.3,56796.65555555555
3,200.0,4.25,4,617.3,56796.65625
4,305.0,4.25,4,617.3,56796.65694444445
3,191.0,4.26,4,617.3,56796.657638888886
3,198.0,4.28,4,617.3,56796.65833333333
2,196.0,4.29,4,617.3,56796.65902777778
1,203.0,4.31,4,617.3,56796.65972222222
3,196.0,4.33,4,617.3,56796.660416666666
4,196.0,4.34,4,617.3,56796.66111111111
4,189.0,4.36,4,617.3,56796.66180555556
3,222.0,4.37,4,617.3,56796.6625
2,198.0,4.37,4,617.3,56796.663194444445
3,200.0,4.37,4,617.3,56796.66388888889
2,194.0,4.36,4,617.3,56796.66458333333
4,205.0,4.35,4,617.3,56796.66527777778
3,196.0,4.34,4,617.3,56796.665972222225
3,202.0,4.34,4,617.4,56796.666666666664
4,191.0,4.34,4,617.4,56796.66736111111
5,198.0,4.33,4,617.4,56796.66805555556
4,187.0,4.31,4,617.4,56796.66875
5,214.0,4.31,4,617.4,56796.669444444444
5,212.0,4.29,4,617.4,56796.67013888889
4,202.0,4.28,4,617.4,56796.67083333333
5,194.0,4.28,4,617.4,56796.67152777778
5,203.0,4.27,4,617.4,56796.67222222222
4,198.0,4.25,4,617.4,56796.67291666667
5,199.0,4.25,4,617.4,56796.67361111111
5,200.0,4.24,4,617.4,56796.674305555556
5,201.0,4.24,4,617.4,56796.675
4,197.0,4.23,4,617.4,56796.67569444444
5,201.0,4.22,4,617.4,56796.67638888889
4,204.0,4.23,4,617.4,56796.677083333336
6,183.0,4.25,4,617.5,56796.677777777775
6,188.0,4.25,4,617.5,56796.67847222222
4,205.0,4.28,4,617.5,56796.67916666667
4,205.0,4.28,4,617.5,56796.67986111111
6,193.0,4.31,4,617.5,56796.680555555555
5,203.0,4.32,4,617.5,56796.68125
5,203.0,4.34,4,617.5,56796.68194444444
3,101.0,4.37,4,617.5,56796.68263888889
4,194.0,4.38,4,617.5,56796.683333333334
6,174.0,4.4,4,617.5,56796.68402777778
5,192.0,4.4,4,617.5,56796.68472222222
3,183.0,4.42,4,617.5,56796.68541666667
4,189.0,4.43,4,617.5,56796.686111111114
7,279.0,4.43,4,617.5,56796.68680555555
5,201.0,4.44,4,617.5,56796.6875
5,206.0,4.45,4,617.5,56796.68819444445
6,197.0,4.47,4,617.5,56796.688888888886
5,188.0,4.49,4,617.5,56796.68958333333
4,199.0,4.5,5,617.5,56796.69027777778
4,190.0,4.53,5,617.6,56796.69097222222
5,155.0,4.53,5,617.6,56796.691666666666
3,185.0,4.55,5,617.6,56796.69236111111
3,191.0,4.55,5,617.6,56796.69305555556
2,204.0,4.56,5,617.6,56796.69375
3,263.0,4.57,5,617.6,56796.694444444445
4,209.0,4.58,5,617.6,56796.69513888889
5,191.0,4.59,5,617.6,56796.69583333333
5,285.0,4.59,5,617.6,56796.69652777778
4,219.0,4.59,5,617.6,56796.697222222225
4,191.0,4.6,5,617.6,56796.697916666664
4,212.0,4.61,5,617.7,56796.69861111111
3,214.0,4.62,5,617.7,56796.69930555556
4,182.0,4.63,5,617.6,56796.7
2,183.0,4.65,5,617.6,56796.700694444444
1,197.0,4.65,5,617.7,56796.70138888889
2,169.0,4.66,5,617.7,56796.70208333333
2,206.0,4.68,5,617.7,56796.70277777778
1,202.0,4.69,5,617.7,56796.70347222222
2,191.0,4.71,5,617.7,56796.70416666667
1,71.0,4.72,5,617.7,56796.70486111111
0,177.0,4.74,5,617.7,56796.705555555556
1,227.0,4.74,5,617.7,56796.70625
1,191.0,4.74,5,617.7,56796.70694444444
2,189.0,4.76,5,617.7,56796.70763888889
1,285.0,4.77,5,617.8,56796.708333333336
2,252.0,4.77,5,617.8,56796.709027777775
1,230.0,4.78,5,617.8,56796.70972222222
0,195.0,4.77,5,617.8,56796.71041666667
0,208.0,4.77,5,617.8,56796.71111111111
2,170.0,4.79,5,617.8,56796.711805555555
1,190.0,4.81,5,617.8,56796.7125
0,189.0,4.84,5,617.8,56796.71319444444
1,193.0,4.87,5,617.8,56796.71388888889
2,55.0,4.91,5,617.8,56796.714583333334
2,197.0,4.96,5,617.8,56796.71527777778
1,187.0,5.01,5,617.8,56796.71597222222
1,185.0,5.05,5,617.9,56796.71666666667
1,186.0,5.1,5,617.9,56796.717361111114
1,204.0,5.13,5,617.9,56796.71805555555
1,201.0,5.16,5,617.9,56796.71875
1,229.0,5.17,5,617.9,56796.71944444445
1,209.0,5.17,5,617.9,56796.720138888886
1,160.0,5.17,5,617.9,56796.72083333333
1,232.0,5.16,5,617.9,56796.72152777778
2,187.0,5.16,5,617.9,56796.72222222222
1,195.0,5.17,5,617.9,56796.722916666666
1,135.0,5.2,5,617.9,56796.72361111111
1,191.0,5.23,5,617.9,56796.72430555556
3,225.0,5.26,5,617.9,56796.725
2,198.0,5.31,5,617.9,56796.725694444445
1,206.0,5.36,5,617.9,56796.72638888889
1,160.0,5.4,5,617.9,56796.72708333333
4,190.0,5.42,5,617.9,56796.72777777778
3,192.0,5.46,5,617.9,56796.728472222225
2,195.0,5.49,5,617.9,56796.729166666664
3,231.0,5.52,5,617.9,56796.72986111111
3,259.0,5.54,5,617.9,56796.73055555556
2,199.0,5.58,5,618.0,56796.73125
1,199.0,5.6,5,618.0,56796.731944444444
2,236.0,5.63,5,618.0,56796.73263888889
3,181.0,5.64,5,618.0,56796.73333333333
3,160.0,5.68,5,618.0,56796.73402777778
4,196.0,5.75,6,618.0,56796.73472222222
6,166.0,5.83,6,618.0,56796.73541666667
6,193.0,5.94,6,618.0,56796.73611111111
6,261.0,6.02,5,618.0,56796.736805555556
6,271.0,6.08,5,618.0,56796.7375
3,311.0,6.11,5,618.0,56796.73819444444
3,277.0,6.1,5,618.0,56796.73888888889
5,187.0,6.09,5,618.0,56796.739583333336
5,184.0,6.11,5,618.0,56796.740277777775
9,233.0,6.16,5,618.0,56796.74097222222
8,164.0,6.24,5,618.0,56796.74166666667
8,169.0,6.33,5,618.0,56796.74236111111
9,208.0,6.43,6,618.0,56796.743055555555
5,184.0,6.53,5,618.0,56796.74375
5,160.0,6.59,5,618.0,56796.74444444444
7,196.0,6.64,5,618.0,56796.74513888889
6,180.0,6.66,5,618.0,56796.745833333334
5,227.0,6.66,5,618.0,56796.74652777778
3,150.0,6.65,5,618.0,56796.74722222222
6,205.0,6.65,5,618.0,56796.74791666667
8,270.0,6.68,5,618.0,56796.748611111114
9,215.0,6.74,5,618.0,56796.74930555555
10,178.0,6.82,5,618.0,56796.75
9,235.0,6.9,6,618.0,56796.75069444445
6,230.0,6.99,5,618.1,56796.751388888886
6,160.0,7.05,5,618.1,56796.75208333333
6,213.0,7.1,5,618.1,56796.75277777778
5,169.0,7.12,5,618.1,56796.75347222222
5,265.0,7.09,5,618.1,56796.754166666666
5,211.0,7.06,5,618.1,56796.75486111111
6,235.0,7.07,5,618.3,56796.75555555556
8,154.0,7.08,5,618.1,56796.75625
7,17.0,7.1,5,618.1,56796.756944444445
4,339.0,7.13,5,618.1,56796.75763888889
5,211.0,7.15,5,618.1,56796.75833333333
6,225.0,7.18,5,618.1,56796.75902777778
4,203.0,7.18,5,618.1,56796.759722222225
5,201.0,7.14,5,618.1,56796.760416666664
3,304.0,7.08,5,618.1,56796.76111111111
2,178.0,7.01,5,618.1,56796.76180555556
1,237.0,6.94,5,618.1,56796.7625
4,260.0,6.87,5,618.1,56796.763194444444
5,183.0,6.8,5,618.1,56796.76388888889
3,226.0,6.74,5,618.2,56796.76458333333
9,234.0,6.7,5,618.2,56796.76527777778
5,199.0,6.65,5,618.1,56796.76597222222
2,266.0,6.61,5,618.2,56796.76666666667
2,234.0,6.57,5,618.2,56796.76736111111
5,255.0,6.54,5,618.2,56796.768055555556
5,205.0,6.51,5,618.2,56796.76875
5,228.0,6.48,5,618.2,56796.76944444444
6,230.0,6.46,5,618.2,56796.77013888889
5,143.0,6.48,5,618.2,56796.770833333336
6,259.0,6.5,5,618.2,56796.771527777775
6,165.0,6.57,5,618.2,56796.77222222222
9,229.0,6.67,5,618.2,56796.77291666667
8,274.0,6.81,5,618.2,56796.77361111111
6,275.0,6.93,5,618.2,56796.774305555555
5,251.0,7.04,5,618.2,56796.775
4,185.0,7.11,5,618.2,56796.77569444444
4,206.0,7.2,6,618.2,56796.77638888889
1,150.0,7.29,5,618.2,56796.777083333334
5,264.0,7.37,5,618.2,56796.77777777778
6,141.0,7.41,5,618.2,56796.77847222222
5,282.0,7.4,5,618.2,56796.77916666667
3,235.0,7.38,5,618.2,56796.779861111114
4,166.0,7.33,5,618.2,56796.78055555555
2,225.0,7.25,5,618.2,56796.78125
2,249.0,7.18,5,618.2,56796.78194444445
5,275.0,7.12,5,618.2,56796.782638888886
7,226.0,7.05,5,618.2,56796.78333333333
8,152.0,6.99,5,618.2,56796.78402777778
7,295.0,6.94,5,618.2,56796.78472222222
7,248.0,6.91,5,618.2,56796.785416666666
6,113.0,6.91,5,618.2,56796.78611111111
5,258.0,6.92,5,618.2,56796.78680555556
5,287.0,6.93,5,618.2,56796.7875
5,254.0,6.91,5,618.2,56796.788194444445
4,244.0,6.91,5,618.2,56796.78888888889
2,240.0,6.91,5,618.2,56796.78958333333
4,220.0,6.92,5,618.2,56796.79027777778
4,94.0,6.93,5,618.2,56796.790972222225
6,250.0,6.97,5,618.2,56796.791666666664
6,345.0,7.05,5,618.2,56796.79236111111
4,270.0,7.16,5,618.2,56796.79305555556
6,155.0,7.29,5,618.2,56796.79375
6,166.0,7.43,5,618.2,56796.794444444444
5,252.0,7.55,5,618.3,56796.79513888889
3,248.0,7.6,5,618.3,56796.79583333333
4,264.0,7.62,5,618.3,56796.79652777778
6,258.0,7.59,5,618.3,56796.79722222222
2,198.0,7.53,5,618.3,56796.79791666667
3,233.0,7.49,5,618.3,56796.79861111111
5,241.0,7.47,5,618.3,56796.799305555556
5,270.0,7.43,5,618.3,56796.8
6,238.0,7.4,5,618.3,56796.80069444444
6,235.0,7.36,5,618.3,56796.80138888889
4,237.0,7.31,5,618.3,56796.802083333336
6,249.0,7.29,5,618.3,56796.802777777775
6,239.0,7.3,5,618.3,56796.80347222222
10,245.0,7.33,5,618.3,56796.80416666667
9,263.0,7.36,5,618.3,56796.80486111111
5,191.0,7.38,5,618.3,56796.805555555555
5,250.0,7.4,5,618.3,56796.80625
5,230.0,7.41,5,618.4,56796.80694444444
6,241.0,7.44,5,618.4,56796.80763888889
7,270.0,7.47,5,618.4,56796.808333333334
6,277.0,7.5,5,618.4,56796.80902777778
7,236.0,7.55,5,618.4,56796.80972222222
9,245.0,7.6,5,618.4,56796.81041666667
11,274.0,7.64,5,618.4,56796.811111111114
9,253.0,7.64,5,618.4,56796.81180555555
7,234.0,7.65,5,618.4,56796.8125
6,238.0,7.7,5,618.4,56796.81319444445
6,245.0,7.77,5,618.4,56796.813888888886
6,254.0,7.87,5,618.4,56796.81458333333
6,249.0,7.94,5,618.5,56796.81527777778
8,240.0,7.98,5,618.4,56796.81597222222
8,244.0,7.98,5,618.4,56796.816666666666
8,271.0,7.98,5,618.4,56796.81736111111
9,249.0,7.98,5,618.4,56796.81805555556
10,256.0,7.98,5,618.4,56796.81875
8,275.0,7.98,5,618.4,56796.819444444445
7,272.0,7.94,5,618.4,56796.82013888889
6,285.0,7.91,5,618.4,56796.82083333333
4,261.0,7.95,5,618.4,56796.82152777778
7,259.0,8.02,5,618.4,56796.822222222225
11,252.0,8.13,5,618.4,56796.822916666664
10,239.0,8.23,5,618.4,56796.82361111111
10,240.0,8.31,5,618.4,56796.82430555556
12,235.0,8.36,5,618.4,56796.825
9,223.0,8.35,5,618.4,56796.825694444444
7,272.0,8.3,5,618.4,56796.82638888889
10,256.0,8.26,5,618.4,56796.82708333333
15,285.0,8.22,5,618.4,56796.82777777778
12,292.0,8.2,5,618.4,56796.82847222222
11,249.0,8.15,5,618.4,56796.82916666667
8,256.0,8.09,5,618.4,56796.82986111111
6,248.0,8.07,6,618.5,56796.830555555556
8,263.0,8.07,6,618.4,56796.83125
10,266.0,8.08,5,618.4,56796.83194444444
10,249.0,8.1,5,618.4,56796.83263888889
7,255.0,8.09,5,618.5,56796.833333333336
9,243.0,8.14,5,618.5,56796.834027777775
9,238.0,8.24,6,618.5,56796.83472222222
9,213.0,8.36,6,618.4,56796.83541666667
9,203.0,8.52,6,618.5,56796.83611111111
8,267.0,8.67,6,618.5,56796.836805555555
6,244.0,8.77,6,618.5,56796.8375
6,244.0,8.83,6,618.5,56796.83819444444
7,274.0,8.89,5,618.5,56796.83888888889
11,258.0,8.94,5,618.5,56796.839583333334
10,226.0,8.95,5,618.5,56796.84027777778
9,264.0,8.92,6,618.5,56796.84097222222
12,218.0,8.89,6,618.5,56796.84166666667
12,270.0,8.88,6,618.5,56796.842361111114
10,254.0,8.86,6,618.5,56796.84305555555
8,229.0,8.87,6,618.5,56796.84375
8,288.0,8.89,7,618.5,56796.84444444445
9,250.0,8.94,6,618.4,56796.845138888886
5,207.0,9.04,7,618.5,56796.84583333333
6,245.0,9.18,6,618.5,56796.84652777778
5,281.0,9.31,6,618.5,56796.84722222222
6,213.0,9.42,6,618.5,56796.847916666666
5,305.0,9.47,6,618.5,56796.84861111111
6,278.0,9.47,6,618.5,56796.84930555556
9,181.0,9.5,6,618.5,56796.85
3,272.0,9.49,6,618.5,56796.850694444445
5,254.0,9.5,7,618.5,56796.85138888889
9,210.0,9.55,7,618.5,56796.85208333333
4,272.0,9.55,7,618.5,56796.85277777778
5,180.0,9.51,7,618.5,56796.853472222225
6,274.0,9.49,7,618.5,56796.854166666664
7,244.0,9.51,7,618.5,56796.85486111111
8,271.0,9.52,7,618.5,56796.85555555556
10,265.0,9.48,7,618.5,56796.85625
4,205.0,9.41,7,618.5,56796.856944444444
5,240.0,9.37,7,618.5,56796.85763888889
4,306.0,9.35,7,618.5,56796.85833333333
7,268.0,9.37,7,618.5,56796.85902777778
9,262.0,9.39,6,618.5,56796.85972222222
8,258.0,9.4,7,618.5,56796.86041666667
11,236.0,9.38,7,618.5,56796.86111111111
8,267.0,9.35,7,618.5,56796.861805555556
11,251.0,9.36,7,618.4,56796.8625
7,264.0,9.33,7,618.4,56796.86319444444
9,270.0,9.27,7,618.4,56796.86388888889
9,204.0,9.23,7,618.4,56796.864583333336
6,239.0,9.2,7,618.4,56796.865277777775
9,294.0,9.24,7,618.4,56796.86597222222
9,299.0,9.26,7,618.4,56796.86666666667
10,164.0,9.29,7,618.4,56796.86736111111
7,282.0,9.37,7,618.4,56796.868055555555
9,273.0,9.54,8,618.4,56796.86875
11,227.0,9.67,7,618.4,56796.86944444444
5,262.0,9.75,6,618.4,56796.87013888889
7,272.0,9.81,6,618.4,56796.870833333334
5,270.0,9.9,7,618.4,56796.87152777778
4,261.0,9.99,8,618.4,56796.87222222222
2,213.0,10.04,8,618.4,56796.87291666667
5,242.0,10.13,8,618.4,56796.873611111114
7,200.0,10.25,8,618.4,56796.87430555555
7,270.0,10.35,8,618.4,56796.875
8,264.0,10.38,7,618.4,56796.87569444445
7,278.0,10.34,7,618.4,56796.876388888886
9,252.0,10.25,7,618.4,56796.87708333333
9,246.0,10.14,7,618.4,56796.87777777778
9,253.0,10.02,7,618.4,56796.87847222222
5,217.0,9.94,7,618.4,56796.879166666666
5,240.0,9.93,8,618.4,56796.87986111111
13,273.0,9.96,8,618.4,56796.88055555556
7,157.0,10.01,7,618.4,56796.88125
7,262.0,10.03,7,618.4,56796.881944444445
12,243.0,10.1,7,618.4,56796.88263888889
11,285.0,10.13,7,618.4,56796.88333333333
7,274.0,10.1,7,618.4,56796.88402777778
4,247.0,10.07,8,618.4,56796.884722222225
5,262.0,10.04,8,618.4,56796.885416666664
7,228.0,9.99,7,618.4,56796.88611111111
11,246.0,9.94,7,618.4,56796.88680555556
8,237.0,9.9,7,618.4,56796.8875
9,257.0,9.86,7,618.4,56796.888194444444
7,263.0,9.84,6,618.4,56796.88888888889
13,260.0,9.84,6,618.4,56796.88958333333
11,262.0,9.87,7,618.4,56796.89027777778
8,261.0,9.87,6,618.4,56796.89097222222
7,165.0,9.87,6,618.4,56796.89166666667
6,268.0,9.93,7,618.4,56796.89236111111
6,123.0,10.05,7,618.4,56796.893055555556
2,199.0,10.13,7,618.4,56796.89375
4,194.0,10.16,7,618.4,56796.89444444444
3,190.0,10.16,7,618.4,56796.89513888889
4,192.0,10.13,7,618.4,56796.895833333336
4,244.0,10.1,7,618.4,56796.896527777775
11,246.0,10.07,7,618.4,56796.89722222222
12,271.0,10.01,7,618.3,56796.89791666667
13,276.0,9.92,6,618.4,56796.89861111111
13,218.0,9.84,6,618.4,56796.899305555555
10,260.0,9.81,6,618.4,56796.9
7,275.0,9.85,7,618.4,56796.90069444444
8,291.0,9.91,7,618.4,56796.90138888889
8,300.0,9.94,7,618.4,56796.902083333334
4,216.0,9.96,7,618.4,56796.90277777778
13,240.0,9.95,7,618.3,56796.90347222222
12,263.0,9.98,7,618.3,56796.90416666667
10,301.0,10.05,7,618.4,56796.904861111114
12,230.0,10.2,7,618.3,56796.90555555555
11,237.0,10.31,6,618.3,56796.90625
6,314.0,10.35,6,618.3,56796.90694444445
5,266.0,10.34,6,618.4,56796.907638888886
10,275.0,10.37,7,618.3,56796.90833333333
12,287.0,10.43,7,618.3,56796.90902777778
13,255.0,10.49,7,618.3,56796.90972222222
8,258.0,10.51,7,618.3,56796.910416666666
9,280.0,10.51,7,618.3,56796.91111111111
9,254.0,10.54,8,618.3,56796.91180555556
7,222.0,10.57,8,618.3,56796.9125
8,158.0,10.62,8,618.3,56796.913194444445
9,236.0,10.68,8,618.3,56796.91388888889
7,264.0,10.73,9,618.3,56796.91458333333
11,285.0,10.77,9,618.3,56796.91527777778
10,258.0,10.81,9,618.3,56796.915972222225
12,258.0,10.81,8,618.3,56796.916666666664
13,241.0,10.82,7,618.3,56796.91736111111
9,284.0,10.84,8,618.3,56796.91805555556
8,263.0,10.8,8,618.3,56796.91875
11,232.0,10.7,8,618.3,56796.919444444444
8,239.0,10.58,7,618.3,56796.92013888889
4,164.0,10.47,8,618.3,56796.92083333333
7,273.0,10.38,8,618.3,56796.92152777778
9,259.0,10.29,8,618.3,56796.92222222222
13,260.0,10.25,8,618.3,56796.92291666667
9,223.0,10.23,7,618.3,56796.92361111111
8,260.0,10.21,7,618.3,56796.924305555556
10,230.0,10.21,8,618.3,56796.925
10,242.0,10.27,9,618.3,56796.92569444444
9,241.0,10.4,10,618.3,56796.92638888889
8,223.0,10.51,10,618.3,56796.927083333336
9,264.0,10.61,8,618.3,56796.927777777775
14,274.0,10.71,8,618.3,56796.92847222222
12,267.0,10.85,9,618.2,56796.92916666667
10,251.0,10.94,10,618.3,56796.92986111111
18,254.0,11.0,8,618.2,56796.930555555555
10,241.0,11.06,8,618.2,56796.93125
6,265.0,11.09,9,618.2,56796.93194444444
12,258.0,11.13,11,618.2,56796.93263888889
9,213.0,11.17,10,618.2,56796.933333333334
11,261.0,11.13,8,618.2,56796.93402777778
7,211.0,11.01,7,618.2,56796.93472222222
7,232.0,10.93,7,618.2,56796.93541666667
4,242.0,10.84,7,618.2,56796.936111111114
5,253.0,10.78,9,618.2,56796.93680555555
14,236.0,10.77,9,618.2,56796.9375
12,268.0,10.75,8,618.2,56796.93819444445
12,263.0,10.73,8,618.2,56796.938888888886
13,244.0,10.71,8,618.2,56796.93958333333
13,257.0,10.72,8,618.2,56796.94027777778
10,275.0,10.71,9,618.2,56796.94097222222
8,242.0,10.64,10,618.2,56796.941666666666
7,246.0,10.55,10,618.2,56796.94236111111
10,233.0,10.56,11,618.1,56796.94305555556
10,258.0,10.66,11,618.1,56796.94375
10,272.0,10.75,9,618.2,56796.944444444445
10,270.0,10.75,9,618.2,56796.94513888889
16,245.0,10.76,9,618.1,56796.94583333333
11,228.0,10.76,8,618.1,56796.94652777778
3,286.0,10.72,9,618.2,56796.947222222225
8,235.0,10.74,10,618.1,56796.947916666664
9,305.0,10.81,10,618.1,56796.94861111111
11,286.0,10.94,11,618.1,56796.94930555556
14,128.0,11.08,12,618.1,56796.95
14,263.0,11.19,11,618.1,56796.950694444444
10,265.0,11.2,8,618.1,56796.95138888889
13,258.0,11.13,7,618.1,56796.95208333333
10,265.0,11.06,8,618.1,56796.95277777778
15,257.0,11.02,9,618.1,56796.95347222222
12,240.0,11.03,10,618.1,56796.95416666667
9,274.0,11.0,11,618.1,56796.95486111111
16,197.0,10.93,11,618.1,56796.955555555556
7,316.0,10.86,11,618.1,56796.95625
11,251.0,10.83,11,618.0,56796.95694444444
14,270.0,10.88,10,618.0,56796.95763888889
12,253.0,10.99,11,618.1,56796.958333333336
10,281.0,11.1,11,618.0,56796.959027777775
10,299.0,11.2,11,618.1,56796.95972222222
10,266.0,11.23,11,618.1,56796.96041666667
10,248.0,11.15,12,618.1,56796.96111111111
7,258.0,11.03,14,618.1,56796.961805555555
7,261.0,10.92,12,618.0,56796.9625
7,249.0,10.83,11,618.1,56796.96319444444
11,259.0,10.8,10,618.0,56796.96388888889
10,267.0,10.76,9,618.0,56796.964583333334
8,177.0,10.68,11,618.0,56796.96527777778
5,187.0,10.61,11,618.0,56796.96597222222
4,270.0,10.62,12,618.0,56796.96666666667
7,273.0,10.66,13,618.0,56796.967361111114
11,266.0,10.72,12,618.0,56796.96805555555
12,281.0,10.78,10,618.0,56796.96875
9,274.0,10.84,9,618.0,56796.96944444445
11,225.0,10.88,9,618.0,56796.970138888886
8,294.0,11.0,11,618.0,56796.97083333333
14,266.0,11.17,13,618.0,56796.97152777778
11,252.0,11.28,12,618.0,56796.97222222222
13,277.0,11.28,10,618.0,56796.972916666666
10,269.0,11.2,8,618.0,56796.97361111111
9,173.0,11.11,10,618.0,56796.97430555556
5,339.0,11.01,13,618.0,56796.975
7,239.0,10.9,13,618.0,56796.975694444445
8,274.0,10.81,12,617.9,56796.97638888889
10,274.0,10.78,14,617.9,56796.97708333333
6,275.0,10.76,16,617.9,56796.97777777778
12,242.0,10.74,16,617.9,56796.978472222225
10,284.0,10.78,13,617.9,56796.979166666664
8,229.0,10.82,11,617.9,56796.97986111111
4,207.0,10.83,11,617.9,56796.98055555556
5,221.0,10.78,13,617.9,56796.98125
8,241.0,10.74,13,617.9,56796.981944444444
8,246.0,10.69,12,617.9,56796.98263888889
11,278.0,10.69,12,617.9,56796.98333333333
15,256.0,10.72,10,617.9,56796.98402777778
11,247.0,10.82,11,617.9,56796.98472222222
13,279.0,10.96,10,617.9,56796.98541666667
13,261.0,11.05,10,617.9,56796.98611111111
9,265.0,11.08,11,617.9,56796.986805555556
14,252.0,11.06,12,617.9,56796.9875
13,265.0,11.06,12,617.9,56796.98819444444
13,262.0,11.11,11,617.9,56796.98888888889
18,268.0,11.14,10,617.9,56796.989583333336
12,190.0,11.16,10,617.9,56796.990277777775
8,245.0,11.13,12,617.9,56796.99097222222
12,281.0,11.08,14,617.9,56796.99166666667
17,170.0,11.06,12,617.9,56796.99236111111
11,223.0,11.08,14,617.9,56796.993055555555
10,241.0,11.1,16,617.9,56796.99375
13,292.0,11.08,16,617.9,56796.99444444444
16,272.0,11.07,15,617.9,56796.99513888889
15,278.0,11.06,13,617.9,56796.995833333334
8,293.0,11.06,12,617.9,56796.99652777778
15,269.0,11.08,12,617.9,56796.99722222222
16,272.0,11.15,11,617.8,56796.99791666667
17,250.0,11.27,12,617.8,56796.998611111114
13,271.0,11.38,12,617.8,56796.99930555555
12,296.0,11.45,12,617.9,56797.0
19,263.0,11.52,11,617.8,56797.00069444445
12,222.0,11.58,11,617.9,56797.001388888886
10,243.0,11.6,10,617.8,56797.00208333333
8,269.0,11.58,9,617.9,56797.00277777778
12,288.0,11.53,10,617.8,56797.00347222222
12,284.0,11.51,11,617.9,56797.004166666666
9,268.0,11.48,10,617.8,56797.00486111111
18,272.0,11.45,13,617.8,56797.00555555556
13,337.0,11.42,11,617.9,56797.00625
4,238.0,11.38,11,617.9,56797.006944444445
8,250.0,11.31,10,617.9,56797.00763888889
11,237.0,11.27,10,617.8,56797.00833333333
11,277.0,11.23,11,617.9,56797.00902777778
8,257.0,11.18,13,617.9,56797.009722222225
12,257.0,11.11,12,617.8,56797.010416666664
7,266.0,11.04,9,617.9,56797.01111111111
7,260.0,10.98,11,617.9,56797.01180555556
6,253.0,10.92,12,617.9,56797.0125
8,302.0,10.83,12,617.9,56797.013194444444
17,209.0,10.79,11,617.8,56797.01388888889
13,294.0,10.83,10,617.8,56797.01458333333
11,270.0,10.94,10,617.8,56797.01527777778
19,266.0,11.03,11,617.8,56797.01597222222
18,274.0,11.07,9,617.8,56797.01666666667
15,250.0,11.06,8,617.8,56797.01736111111
9,292.0,10.99,8,617.8,56797.018055555556
10,302.0,10.91,12,617.8,56797.01875
13,293.0,10.81,15,617.8,56797.01944444444
16,278.0,10.71,16,617.8,56797.02013888889
18,264.0,10.66,11,617.7,56797.020833333336
14,281.0,10.64,9,617.8,56797.021527777775
16,249.0,10.64,10,617.8,56797.02222222222
15,285.0,10.62,10,617.8,56797.02291666667
12,296.0,10.61,10,617.8,56797.02361111111
14,266.0,10.66,11,617.8,56797.024305555555
8,249.0,10.72,12,617.8,56797.025
4,265.0,10.76,12,617.8,56797.02569444444
10,289.0,10.78,10,617.8,56797.02638888889
11,259.0,10.82,10,617.7,56797.027083333334
17,272.0,10.87,10,617.7,56797.02777777778
16,274.0,10.92,13,617.7,56797.02847222222
15,266.0,10.97,14,617.7,56797.02916666667
12,267.0,10.97,13,617.7,56797.029861111114
8,237.0,10.87,11,617.7,56797.03055555555
10,274.0,10.76,10,617.7,56797.03125
13,217.0,10.67,13,617.7,56797.03194444445
11,259.0,10.66,14,617.7,56797.032638888886
16,263.0,10.67,12,617.7,56797.03333333333
12,281.0,10.72,10,617.7,56797.03402777778
17,299.0,10.79,11,617.7,56797.03472222222
19,280.0,10.88,12,617.7,56797.035416666666
19,270.0,11.0,15,617.7,56797.03611111111
13,283.0,11.08,15,617.7,56797.03680555556
7,284.0,11.09,15,617.8,56797.0375
9,278.0,11.09,15,617.7,56797.038194444445
15,313.0,11.13,14,617.7,56797.03888888889
11,258.0,11.15,14,617.8,56797.03958333333
8,278.0,11.15,14,617.8,56797.04027777778
8,281.0,11.1,13,617.7,56797.040972222225
15,289.0,11.1,13,617.7,56797.041666666664
11,276.0,11.15,14,617.7,56797.04236111111
12,215.0,11.23,15,617.7,56797.04305555556
6,276.0,11.32,16,617.7,56797.04375
15,277.0,11.39,15,617.7,56797.044444444444
15,220.0,11.42,13,617.7,56797.04513888889
13,258.0,11.45,13,617.7,56797.04583333333
11,259.0,11.51,13,617.7,56797.04652777778
10,312.0,11.53,14,617.7,56797.04722222222
13,219.0,11.44,14,617.7,56797.04791666667
17,252.0,11.36,12,617.7,56797.04861111111
10,204.0,11.32,12,617.7,56797.049305555556
10,272.0,11.3,14,617.7,56797.05
11,254.0,11.3,14,617.7,56797.05069444444
10,246.0,11.32,13,617.7,56797.05138888889
12,265.0,11.37,14,617.7,56797.052083333336
17,251.0,11.39,14,617.7,56797.052777777775
18,318.0,11.39,14,617.7,56797.05347222222
16,277.0,11.42,14,617.7,56797.05416666667
15,303.0,11.47,13,617.7,56797.05486111111
12,320.0,11.47,13,617.7,56797.055555555555
12,275.0,11.41,12,617.7,56797.05625
12,280.0,11.33,13,617.7,56797.05694444444
7,262.0,11.25,14,617.7,56797.05763888889
6,257.0,11.16,14,617.7,56797.058333333334
10,271.0,11.09,13,617.7,56797.05902777778
8,243.0,11.09,14,617.7,56797.05972222222
9,236.0,11.08,15,617.7,56797.06041666667
7,285.0,11.03,15,617.7,56797.061111111114
13,305.0,10.95,16,617.7,56797.06180555555
11,298.0,10.88,17,617.7,56797.0625
9,227.0,10.82,17,617.7,56797.06319444445
11,288.0,10.82,14,617.7,56797.063888888886
15,265.0,10.89,13,617.6,56797.06458333333
10,219.0,11.03,17,617.7,56797.06527777778
9,253.0,11.12,15,617.7,56797.06597222222
8,291.0,11.14,14,617.7,56797.066666666666
9,237.0,11.13,16,617.7,56797.06736111111
9,244.0,11.07,15,617.7,56797.06805555556
6,270.0,10.97,16,617.7,56797.06875
18,285.0,10.89,17,617.7,56797.069444444445
17,310.0,10.87,17,617.7,56797.07013888889
7,240.0,10.86,17,617.7,56797.07083333333
6,260.0,10.8,16,617.7,56797.07152777778
12,237.0,10.8,16,617.7,56797.072222222225
15,281.0,10.84,17,617.7,56797.072916666664
14,256.0,10.95,18,617.7,56797.07361111111
10,237.0,11.07,17,617.7,56797.07430555556
7,235.0,11.12,17,617.7,56797.075
10,271.0,11.08,17,617.7,56797.075694444444
12,291.0,11.06,17,617.7,56797.07638888889
12,260.0,11.02,18,617.7,56797.07708333333
14,256.0,11.0,17,617.7,56797.07777777778
10,261.0,10.94,16,617.7,56797.07847222222
11,255.0,10.84,16,617.7,56797.07916666667
7,281.0,10.7,17,617.7,56797.07986111111
13,271.0,10.57,17,617.7,56797.080555555556
14,284.0,10.48,17,617.7,56797.08125
13,283.0,10.48,18,617.7,56797.08194444444
14,270.0,10.52,19,617.7,56797.08263888889
15,288.0,10.6,16,617.7,56797.083333333336
14,269.0,10.7,17,617.7,56797.084027777775
14,255.0,10.8,15,617.7,56797.08472222222
12,251.0,10.91,16,617.7,56797.08541666667
9,214.0,11.02,22,617.7,56797.08611111111
7,259.0,11.0,21,617.7,56797.086805555555
14,246.0,10.93,18,617.7,56797.0875
11,285.0,10.86,20,617.7,56797.08819444444
17,231.0,10.81,28,617.7,56797.08888888889
15,290.0,10.77,28,617.7,56797.089583333334
17,258.0,10.75,26,617.7,56797.09027777778
13,296.0,10.74,27,617.7,56797.09097222222
14,295.0,10.74,24,617.7,56797.09166666667
9,308.0,10.71,22,617.7,56797.092361111114
4,322.0,10.67,25,617.7,56797.09305555555
7,323.0,10.63,25,617.7,56797.09375
8,312.0,10.58,27,617.7,56797.09444444445
12,256.0,10.53,24,617.7,56797.095138888886
10,246.0,10.52,23,617.7,56797.09583333333
11,233.0,10.53,22,617.7,56797.09652777778
11,279.0,10.5,19,617.7,56797.09722222222
18,298.0,10.49,16,617.7,56797.097916666666
11,273.0,10.49,16,617.7,56797.09861111111
10,288.0,10.48,18,617.7,56797.09930555556
12,296.0,10.46,20,617.7,56797.1
17,300.0,10.47,20,617.7,56797.100694444445
17,303.0,10.49,26,617.7,56797.10138888889
10,310.0,10.5,29,617.7,56797.10208333333
10,283.0,10.42,24,617.7,56797.10277777778
9,320.0,10.31,23,617.7,56797.103472222225
15,285.0,10.22,22,617.7,56797.104166666664
17,301.0,10.16,19,617.7,56797.10486111111
11,285.0,10.12,21,617.7,56797.10555555556
11,289.0,10.08,23,617.7,56797.10625
13,285.0,10.05,21,617.7,56797.106944444444
13,305.0,9.99,19,617.7,56797.10763888889
14,287.0,9.92,21,617.7,56797.10833333333
15,300.0,9.9,24,617.7,56797.10902777778
15,312.0,9.9,26,617.7,56797.10972222222
14,298.0,9.9,29,617.7,56797.11041666667
15,292.0,9.89,28,617.7,56797.11111111111
11,311.0,9.85,24,617.7,56797.111805555556
11,302.0,9.8,28,617.7,56797.1125
14,293.0,9.75,32,617.7,56797.11319444444
8,296.0,9.67,32,617.7,56797.11388888889
11,310.0,9.59,33,617.7,56797.114583333336
12,305.0,9.55,35,617.7,56797.115277777775
15,299.0,9.54,35,617.7,56797.11597222222
10,276.0,9.54,33,617.7,56797.11666666667
11,271.0,9.53,30,617.7,56797.11736111111
8,275.0,9.53,32,617.8,56797.118055555555
11,299.0,9.53,36,617.7,56797.11875
19,268.0,9.53,35,617.7,56797.11944444444
16,280.0,9.54,30,617.7,56797.12013888889
12,300.0,9.56,27,617.7,56797.120833333334
11,306.0,9.52,27,617.7,56797.12152777778
8,328.0,9.48,30,617.8,56797.12222222222
7,296.0,9.44,34,617.8,56797.12291666667
9,259.0,9.42,31,617.7,56797.123611111114
12,249.0,9.46,26,617.7,56797.12430555555
10,270.0,9.5,26,617.8,56797.125
7,248.0,9.48,25,617.8,56797.12569444445
7,252.0,9.43,23,617.8,56797.126388888886
7,288.0,9.37,23,617.8,56797.12708333333
13,272.0,9.36,24,617.8,56797.12777777778
11,274.0,9.44,24,617.8,56797.12847222222
16,288.0,9.57,24,617.8,56797.129166666666
14,264.0,9.73,24,617.8,56797.12986111111
11,302.0,9.89,25,617.8,56797.13055555556
17,303.0,10.04,28,617.8,56797.13125
10,311.0,10.13,25,617.8,56797.131944444445
8,313.0,10.12,22,617.8,56797.13263888889
9,294.0,10.05,25,617.8,56797.13333333333
7,276.0,9.9,19,617.8,56797.13402777778
5,277.0,9.73,19,617.8,56797.134722222225
6,302.0,9.59,22,617.8,56797.135416666664
8,309.0,9.46,20,617.8,56797.13611111111
12,316.0,9.4,20,617.9,56797.13680555556
12,324.0,9.38,17,617.9,56797.1375
10,298.0,9.37,14,617.9,56797.138194444444
6,319.0,9.4,16,617.9,56797.13888888889
5,332.0,9.42,16,617.9,56797.13958333333
6,324.0,9.45,18,617.9,56797.14027777778
7,276.0,9.49,21,617.9,56797.14097222222
10,281.0,9.57,20,617.9,56797.14166666667
9,245.0,9.69,16,617.9,56797.14236111111
6,283.0,9.77,16,617.9,56797.143055555556
10,317.0,9.87,16,617.9,56797.14375
12,300.0,9.95,17,617.9,56797.14444444444
8,300.0,9.97,18,618.0,56797.14513888889
12,279.0,9.96,19,617.9,56797.145833333336
9,275.0,9.95,20,618.0,56797.146527777775
6,299.0,9.93,20,618.0,56797.14722222222
10,278.0,9.92,20,617.9,56797.14791666667
7,75.0,9.85,20,617.9,56797.14861111111
3,306.0,9.8,19,617.9,56797.149305555555
3,305.0,9.81,18,617.9,56797.15
5,338.0,9.81,18,617.9,56797.15069444444
6,293.0,9.8,17,617.9,56797.15138888889
15,295.0,9.79,16,617.9,56797.152083333334
10,287.0,9.76,15,617.9,56797.15277777778
14,275.0,9.73,13,617.9,56797.15347222222
12,296.0,9.71,11,617.9,56797.15416666667
12,276.0,9.67,11,617.9,56797.154861111114
11,318.0,9.62,11,617.9,56797.15555555555
12,313.0,9.6,15,617.9,56797.15625
10,284.0,9.54,16,617.9,56797.15694444445
11,283.0,9.47,18,617.9,56797.157638888886
15,303.0,9.38,14,617.9,56797.15833333333
13,317.0,9.32,13,617.9,56797.15902777778
13,315.0,9.28,14,617.9,56797.15972222222
7,340.0,9.23,14,618.0,56797.160416666666
9,310.0,9.16,14,618.0,56797.16111111111
10,310.0,9.1,15,618.0,56797.16180555556
11,311.0,9.05,13,618.0,56797.1625
11,293.0,9.01,12,618.0,56797.163194444445
9,294.0,9.01,12,618.0,56797.16388888889
8,300.0,9.02,13,618.0,56797.16458333333
9,247.0,9.04,13,618.0,56797.16527777778
11,291.0,9.07,13,618.0,56797.165972222225
14,304.0,9.14,13,617.9,56797.166666666664
8,314.0,9.21,12,618.0,56797.16736111111
6,312.0,9.24,11,618.0,56797.16805555556
7,306.0,9.28,13,618.0,56797.16875
12,285.0,9.32,14,618.0,56797.169444444444
12,336.0,9.32,14,618.0,56797.17013888889
4,74.0,9.26,13,618.0,56797.17083333333
1,14.0,9.16,12,618.0,56797.17152777778
0,11.0,9.05,12,618.0,56797.17222222222
0,6.0,8.93,13,618.0,56797.17291666667
0,0.0,8.81,14,618.0,56797.17361111111
0,0.0,8.7,14,618.0,56797.174305555556
0,0.0,8.61,14,618.0,56797.175
0,0.0,8.54,15,618.0,56797.17569444444
2,277.0,8.46,15,618.0,56797.17638888889
6,305.0,8.37,16,618.0,56797.177083333336
10,329.0,8.3,17,618.0,56797.177777777775
11,307.0,8.25,16,618.0,56797.17847222222
13,291.0,8.25,16,618.0,56797.17916666667
19,296.0,8.28,17,618.0,56797.17986111111
17,299.0,8.3,16,618.0,56797.180555555555
15,317.0,8.33,16,618.0,56797.18125
12,322.0,8.36,15,618.0,56797.18194444444
10,313.0,8.36,15,618.1,56797.18263888889
12,316.0,8.35,14,618.0,56797.183333333334
11,312.0,8.34,13,618.1,56797.18402777778
11,299.0,8.3,13,618.0,56797.18472222222
12,291.0,8.28,13,618.1,56797.18541666667
8,318.0,8.27,14,618.1,56797.186111111114
7,305.0,8.28,17,618.1,56797.18680555555
4,313.0,8.25,16,618.1,56797.1875
3,294.0,8.19,16,618.1,56797.18819444445
1,312.0,8.12,17,618.1,56797.188888888886
0,0.0,8.04,19,618.1,56797.18958333333
0,283.0,7.95,18,618.1,56797.19027777778
0,302.0,7.87,17,618.1,56797.19097222222
0,314.0,7.8,16,618.1,56797.191666666666
0,314.0,7.75,17,618.1,56797.19236111111
2,303.0,7.7,17,618.1,56797.19305555556
8,296.0,7.65,17,618.1,56797.19375
10,302.0,7.62,16,618.1,56797.194444444445
8,294.0,7.59,16,618.1,56797.19513888889
7,303.0,7.57,19,618.1,56797.19583333333
6,305.0,7.51,19,618.1,56797.19652777778
3,307.0,7.43,17,618.1,56797.197222222225
2,329.0,7.38,19,618.1,56797.197916666664
6,345.0,7.33,22,618.1,56797.19861111111
5,338.0,7.28,23,618.1,56797.19930555556
1,4.0,7.22,23,618.1,56797.2
0,0.0,7.14,23,618.1,56797.200694444444
0,0.0,7.06,23,618.1,56797.20138888889
0,297.0,6.98,23,618.1,56797.20208333333
0,303.0,6.9,23,618.1,56797.20277777778
0,331.0,6.86,23,618.1,56797.20347222222
0,41.0,6.82,23,618.1,56797.20416666667
0,41.0,6.79,23,618.1,56797.20486111111
0,41.0,6.75,23,618.1,56797.205555555556
0,41.0,6.69,23,618.1,56797.20625
0,46.0,6.63,23,618.1,56797.20694444444
0,70.0,6.57,23,618.1,56797.20763888889
0,4.0,6.51,23,618.1,56797.208333333336
0,3.0,6.46,23,618.1,56797.209027777775
0,3.0,6.43,23,618.1,56797.20972222222
0,3.0,6.4,23,618.1,56797.21041666667
0,3.0,6.36,23,618.1,56797.21111111111
0,126.0,6.33,23,618.1,56797.211805555555
0,126.0,6.29,19,618.1,56797.2125
0,125.0,6.24,16,618.1,56797.21319444444
0,125.0,6.19,16,618.1,56797.21388888889
0,125.0,6.13,16,618.1,56797.214583333334
0,125.0,6.07,16,618.1,56797.21527777778
0,125.0,6.02,16,618.1,56797.21597222222
0,79.0,5.97,16,618.1,56797.21666666667
0,79.0,5.94,18,618.1,56797.217361111114
0,79.0,5.9,19,618.1,56797.21805555555
0,60.0,5.89,20,618.1,56797.21875
0,60.0,5.9,23,618.1,56797.21944444445
0,60.0,5.9,23,618.1,56797.220138888886
0,60.0,5.91,23,618.1,56797.22083333333
0,60.0,5.93,22,618.1,56797.22152777778
0,60.0,5.94,22,618.1,56797.22222222222
0,60.0,5.96,23,618.1,56797.222916666666
0,60.0,5.97,23,618.1,56797.22361111111
0,60.0,5.98,23,618.1,56797.22430555556
0,60.0,5.99,23,618.1,56797.225
0,60.0,5.99,23,618.1,56797.225694444445
0,60.0,6.0,23,618.1,56797.22638888889
0,60.0,6.01,23,618.1,56797.22708333333
0,60.0,6.02,23,618.1,56797.22777777778
0,60.0,6.02,23,618.1,56797.228472222225
0,60.0,6.02,23,618.1,56797.229166666664
0,60.0,6.02,23,618.1,56797.22986111111
0,60.0,6.02,23,618.1,56797.23055555556
0,60.0,6.02,23,618.1,56797.23125
0,60.0,6.02,23,618.2,56797.231944444444
0,293.0,6.02,23,618.2,56797.23263888889
0,293.0,6.02,23,618.2,56797.23333333333
0,293.0,6.01,23,618.2,56797.23402777778
0,293.0,6.0,23,618.2,56797.23472222222
0,293.0,5.99,23,618.2,56797.23541666667
0,293.0,5.99,23,618.2,56797.23611111111
0,293.0,5.99,23,618.2,56797.236805555556
0,293.0,5.99,23,618.2,56797.2375
0,293.0,5.98,23,618.2,56797.23819444444
0,293.0,5.96,23,618.2,56797.23888888889
0,293.0,5.96,23,618.2,56797.239583333336
0,293.0,5.95,23,618.2,56797.240277777775
0,293.0,5.93,23,618.2,56797.24097222222
0,293.0,5.91,23,618.2,56797.24166666667
0,293.0,5.87,23,618.2,56797.24236111111
0,293.0,5.83,23,618.2,56797.243055555555
0,293.0,5.79,24,618.2,56797.24375
0,293.0,5.74,24,618.2,56797.24444444444
0,293.0,5.71,25,618.3,56797.24513888889
0,293.0,5.67,24,618.2,56797.245833333334
0,293.0,5.65,24,618.2,56797.24652777778
0,293.0,5.63,24,618.2,56797.24722222222
0,293.0,5.61,24,618.2,56797.24791666667
0,293.0,5.6,24,618.3,56797.248611111114
0,293.0,5.6,24,618.3,56797.24930555555
0,293.0,5.59,24,618.3,56797.25
0,293.0,5.59,24,618.3,56797.25069444445
0,293.0,5.59,24,618.3,56797.251388888886
0,293.0,5.6,23,618.3,56797.25208333333
0,293.0,5.61,24,618.3,56797.25277777778
0,293.0,5.62,24,618.3,56797.25347222222
0,293.0,5.63,23,618.3,56797.254166666666
0,293.0,5.65,23,618.3,56797.25486111111
0,293.0,5.65,23,618.3,56797.25555555556
0,293.0,5.66,23,618.3,56797.25625
0,293.0,5.66,23,618.3,56797.256944444445
0,293.0,5.66,23,618.4,56797.25763888889
0,293.0,5.67,23,618.4,56797.25833333333
0,293.0,5.69,23,618.4,56797.25902777778
0,293.0,5.69,23,618.4,56797.259722222225
0,293.0,5.69,23,618.4,56797.260416666664
0,293.0,5.69,23,618.4,56797.26111111111
0,293.0,5.69,23,618.4,56797.26180555556
0,293.0,5.69,23,618.4,56797.2625
0,293.0,5.68,23,618.4,56797.263194444444
0,293.0,5.67,23,618.4,56797.26388888889
0,293.0,5.66,23,618.4,56797.26458333333
0,293.0,5.65,22,618.4,56797.26527777778
0,293.0,5.65,22,618.4,56797.26597222222
0,293.0,5.65,22,618.4,56797.26666666667
0,293.0,5.65,22,618.4,56797.26736111111
0,293.0,5.65,22,618.4,56797.268055555556
0,293.0,5.66,21,618.4,56797.26875
0,293.0,5.66,21,618.4,56797.26944444444
0,293.0,5.67,21,618.4,56797.27013888889
0,293.0,5.69,21,618.4,56797.270833333336
0,293.0,5.69,21,618.4,56797.271527777775
0,293.0,5.71,20,618.4,56797.27222222222
0,293.0,5.72,20,618.4,56797.27291666667
0,293.0,5.74,21,618.4,56797.27361111111
0,293.0,5.75,21,618.4,56797.274305555555
0,293.0,5.75,21,618.4,56797.275
0,293.0,5.76,21,618.4,56797.27569444444
0,293.0,5.75,21,618.4,56797.27638888889
0,206.0,5.75,21,618.4,56797.277083333334
0,205.0,5.75,22,618.4,56797.27777777778
0,205.0,5.72,22,618.4,56797.27847222222
0,205.0,5.69,22,618.4,56797.27916666667
0,205.0,5.65,22,618.4,56797.279861111114
0,205.0,5.62,22,618.4,56797.28055555555
0,205.0,5.59,22,618.4,56797.28125
0,205.0,5.56,22,618.4,56797.28194444445
0,205.0,5.54,22,618.4,56797.282638888886
0,205.0,5.51,20,618.4,56797.28333333333
0,205.0,5.48,19,618.4,56797.28402777778
0,205.0,5.47,18,618.4,56797.28472222222
0,205.0,5.46,16,618.4,56797.285416666666
0,205.0,5.46,17,618.4,56797.28611111111
0,205.0,5.48,19,618.4,56797.28680555556
0,205.0,5.5,20,618.4,56797.2875
0,205.0,5.5,20,618.4,56797.288194444445
0,205.0,5.51,21,618.5,56797.28888888889
0,205.0,5.53,22,618.5,56797.28958333333
0,205.0,5.53,21,618.5,56797.29027777778
0,237.0,5.53,19,618.5,56797.290972222225
0,237.0,5.54,18,618.5,56797.291666666664
0,237.0,5.56,18,618.5,56797.29236111111
0,237.0,5.58,18,618.5,56797.29305555556
0,237.0,5.6,18,618.5,56797.29375
0,237.0,5.61,18,618.5,56797.294444444444
0,238.0,5.62,19,618.5,56797.29513888889
0,238.0,5.63,19,618.5,56797.29583333333
0,238.0,5.63,19,618.5,56797.29652777778
0,238.0,5.64,20,618.5,56797.29722222222
0,238.0,5.65,20,618.5,56797.29791666667
0,238.0,5.67,20,618.5,56797.29861111111
0,238.0,5.68,20,618.5,56797.299305555556
0,238.0,5.7,20,618.5,56797.3
0,238.0,5.72,20,618.5,56797.30069444444
0,238.0,5.72,20,618.5,56797.30138888889
0,238.0,5.74,21,618.5,56797.302083333336
0,238.0,5.75,21,618.5,56797.302777777775
0,238.0,5.75,21,618.5,56797.30347222222
0,238.0,5.75,21,618.5,56797.30416666667
0,238.0,5.75,22,618.5,56797.30486111111
0,238.0,5.75,23,618.5,56797.305555555555
0,238.0,5.77,24,618.5,56797.30625
0,238.0,5.77,25,618.5,56797.30694444444
0,238.0,5.76,25,618.5,56797.30763888889
0,238.0,5.76,25,618.5,56797.308333333334
0,238.0,5.76,25,618.5,56797.30902777778
0,235.0,5.75,25,618.5,56797.30972222222
0,235.0,5.74,23,618.5,56797.31041666667
0,235.0,5.72,21,618.5,56797.311111111114
0,235.0,5.69,17,618.5,56797.31180555555
0,235.0,5.71,21,618.5,56797.3125
0,235.0,5.72,19,618.5,56797.31319444445
0,231.0,5.72,18,618.5,56797.313888888886
0,231.0,5.72,18,618.5,56797.31458333333
0,231.0,5.72,18,618.5,56797.31527777778
0,198.0,5.72,18,618.5,56797.31597222222
0,198.0,5.72,17,618.5,56797.316666666666
0,194.0,5.71,18,618.5,56797.31736111111
0,197.0,5.7,18,618.6,56797.31805555556
0,203.0,5.69,19,618.6,56797.31875
0,203.0,5.68,20,618.6,56797.319444444445
0,203.0,5.66,21,618.6,56797.32013888889
0,203.0,5.66,22,618.6,56797.32083333333
0,203.0,5.66,22,618.6,56797.32152777778
0,203.0,5.66,23,618.6,56797.322222222225
0,203.0,5.66,23,618.6,56797.322916666664
0,203.0,5.66,23,618.6,56797.32361111111
0,203.0,5.67,23,618.6,56797.32430555556
0,203.0,5.66,23,618.6,56797.325
0,203.0,5.66,23,618.6,56797.325694444444
0,203.0,5.66,22,618.6,56797.32638888889
0,203.0,5.65,22,618.6,56797.32708333333
0,203.0,5.63,20,618.6,56797.32777777778
0,203.0,5.61,20,618.6,56797.32847222222
0,203.0,5.59,21,618.6,56797.32916666667
0,203.0,5.57,23,618.6,56797.32986111111
0,203.0,5.54,24,618.6,56797.330555555556
0,203.0,5.52,24,618.6,56797.33125
0,203.0,5.5,24,618.6,56797.33194444444
0,199.0,5.48,24,618.6,56797.33263888889
0,197.0,5.46,23,618.6,56797.333333333336
0,195.0,5.43,22,618.6,56797.334027777775
0,194.0,5.41,20,618.6,56797.33472222222
0,194.0,5.39,21,618.7,56797.33541666667
0,194.0,5.36,22,618.7,56797.33611111111
0,194.0,5.32,21,618.7,56797.336805555555
0,194.0,5.28,22,618.7,56797.3375
0,194.0,5.25,23,618.7,56797.33819444444
0,194.0,5.22,24,618.7,56797.33888888889
0,194.0,5.18,25,618.7,56797.339583333334
0,194.0,5.14,25,618.7,56797.34027777778
0,194.0,5.12,25,618.7,56797.34097222222
0,194.0,5.09,25,618.7,56797.34166666667
0,194.0,5.06,23,618.7,56797.342361111114
0,194.0,5.04,22,618.7,56797.34305555555
0,194.0,5.03,21,618.7,56797.34375
0,194.0,5.02,20,618.7,56797.34444444445
0,194.0,5.01,20,618.7,56797.345138888886
0,194.0,5.0,20,618.7,56797.34583333333
0,194.0,4.99,19,618.7,56797.34652777778
0,194.0,5.0,20,618.7,56797.34722222222
0,193.0,5.02,19,618.7,56797.347916666666
0,193.0,5.05,19,618.7,56797.34861111111
0,193.0,5.08,19,618.7,56797.34930555556
0,193.0,5.11,19,618.7,56797.35
0,193.0,5.12,19,618.7,56797.350694444445
0,193.0,5.14,19,618.7,56797.35138888889
0,193.0,5.14,20,618.7,56797.35208333333
0,193.0,5.14,21,618.7,56797.35277777778
0,193.0,5.14,22,618.7,56797.353472222225
0,193.0,5.14,22,618.7,56797.354166666664
0,194.0,5.16,21,618.7,56797.35486111111
0,185.0,5.17,20,618.7,56797.35555555556
0,188.0,5.2,19,618.7,56797.35625
0,188.0,5.22,19,618.7,56797.356944444444
0,193.0,5.24,18,618.7,56797.35763888889
0,181.0,5.26,19,618.7,56797.35833333333
0,178.0,5.28,22,618.7,56797.35902777778
0,177.0,5.27,24,618.7,56797.35972222222
0,176.0,5.25,23,618.7,56797.36041666667
0,176.0,5.22,23,618.7,56797.36111111111
0,176.0,5.19,22,618.7,56797.361805555556
0,176.0,5.16,21,618.7,56797.3625
0,180.0,5.13,21,618.7,56797.36319444444
0,177.0,5.11,20,618.7,56797.36388888889
0,177.0,5.1,20,618.7,56797.364583333336
0,199.0,5.11,21,618.7,56797.365277777775
0,195.0,5.11,21,618.7,56797.36597222222
0,193.0,5.11,20,618.7,56797.36666666667
0,193.0,5.13,20,618.7,56797.36736111111
0,191.0,5.14,20,618.7,56797.368055555555
0,181.0,5.16,19,618.7,56797.36875
0,180.0,5.18,18,618.7,56797.36944444444
1,174.0,5.19,18,618.7,56797.37013888889
1,192.0,5.21,20,618.7,56797.370833333334
1,174.0,5.21,19,618.7,56797.37152777778
1,174.0,5.2,18,618.7,56797.37222222222
1,174.0,5.17,19,618.7,56797.37291666667
1,176.0,5.15,19,618.7,56797.373611111114
0,183.0,5.13,19,618.7,56797.37430555555
0,180.0,5.11,19,618.7,56797.375
1,197.0,5.12,18,618.7,56797.37569444445
0,189.0,5.13,17,618.7,56797.376388888886
0,189.0,5.15,15,618.7,56797.37708333333
0,189.0,5.17,15,618.7,56797.37777777778
0,278.0,5.19,15,618.7,56797.37847222222
0,179.0,5.21,15,618.7,56797.379166666666
0,179.0,5.22,15,618.6,56797.37986111111
0,168.0,5.23,14,618.6,56797.38055555556
0,197.0,5.24,14,618.6,56797.38125
0,193.0,5.25,15,618.6,56797.381944444445
0,180.0,5.26,14,618.6,56797.38263888889
0,176.0,5.26,15,618.6,56797.38333333333
0,184.0,5.28,15,618.6,56797.38402777778
0,180.0,5.29,15,618.6,56797.384722222225
1,193.0,5.28,14,618.6,56797.385416666664
3,182.0,5.27,14,618.6,56797.38611111111
2,173.0,5.28,14,618.6,56797.38680555556
1,185.0,5.28,16,618.6,56797.3875
0,192.0,5.28,18,618.6,56797.388194444444
0,168.0,5.26,17,618.6,56797.38888888889
1,193.0,5.24,16,618.5,56797.38958333333
0,177.0,5.23,17,618.5,56797.39027777778
1,187.0,5.22,17,618.5,56797.39097222222
2,179.0,5.2,16,618.5,56797.39166666667
1,179.0,5.19,17,618.5,56797.39236111111
2,198.0,5.17,18,618.5,56797.393055555556
1,192.0,5.15,17,618.5,56797.39375
1,202.0,5.13,16,618.5,56797.39444444444
0,199.0,5.11,15,618.5,56797.39513888889
1,192.0,5.11,15,618.5,56797.395833333336
1,189.0,5.11,15,618.5,56797.396527777775
0,178.0,5.11,15,618.5,56797.39722222222
1,195.0,5.11,16,618.5,56797.39791666667
0,176.0,5.08,13,618.5,56797.39861111111
0,187.0,5.03,11,618.5,56797.399305555555
0,193.0,4.98,10,618.5,56797.4
0,194.0,4.92,9,618.5,56797.40069444444
0,193.0,4.88,9,618.5,56797.40138888889
0,185.0,4.85,9,618.5,56797.402083333334
0,181.0,4.83,10,618.5,56797.40277777778
0,180.0,4.82,10,618.5,56797.40347222222
0,180.0,4.81,11,618.5,56797.40416666667
0,179.0,4.83,13,618.4,56797.404861111114
0,178.0,4.83,12,618.4,56797.40555555555
0,178.0,4.85,13,618.4,56797.40625
0,179.0,4.86,13,618.4,56797.40694444445
0,179.0,4.86,12,618.4,56797.407638888886
0,179.0,4.85,11,618.4,56797.40833333333
0,180.0,4.83,11,618.4,56797.40902777778
0,182.0,4.83,10,618.4,56797.40972222222
0,180.0,4.81,9,618.4,56797.410416666666
0,198.0,4.8,9,618.4,56797.41111111111
0,197.0,4.81,11,618.4,56797.41180555556
0,194.0,4.83,12,618.4,56797.4125
0,183.0,4.83,12,618.4,56797.413194444445
0,203.0,4.87,13,618.4,56797.41388888889
0,166.0,4.89,13,618.4,56797.41458333333
0,169.0,4.9,12,618.4,56797.41527777778
0,186.0,4.93,11,618.4,56797.415972222225
