wind_speed,wind_direction,temperature,relative_humidity,pressure,mjd
9,78.0,0.74,90,619.6,57987.416666666664
12,96.0,0.74,90,619.6,57987.41736111111
8,110.0,0.74,90,619.6,57987.41805555556
6,83.0,0.75,90,619.6,57987.41875
5,85.0,0.77,90,619.6,57987.419444444444
6,91.0,0.77,90,619.6,57987.42013888889
8,81.0,0.77,91,619.6,57987.42083333333
9,77.0,0.77,91,619.5,57987.42152777778
11,52.0,0.76,91,619.5,57987.42222222222
11,81.0,0.75,91,619.5,57987.42291666667
11,80.0,0.77,91,619.5,57987.42361111111
10,61.0,0.79,91,619.5,57987.424305555556
13,73.0,0.81,91,619.5,57987.425
11,82.0,0.83,91,619.5,57987.42569444444
12,91.0,0.87,90,619.5,57987.42638888889
10,86.0,0.91,90,619.5,57987.427083333336
9,69.0,0.93,90,619.5,57987.427777777775
10,62.0,0.95,90,619.5,57987.42847222222
10,84.0,0.96,90,619.5,57987.42916666667
11,100.0,0.96,89,619.5,57987.42986111111
10,61.0,0.97,89,619.5,57987.430555555555
9,83.0,0.99,89,619.5,57987.43125
10,66.0,1.0,89,619.5,57987.43194444444
8,92.0,1.02,89,619.5,57987.43263888889
7,94.0,1.04,89,619.6,57987.433333333334
7,80.0,1.04,89,619.6,57987.43402777778
7,93.0,1.02,89,619.6,57987.43472222222
6,93.0,1.02,89,619.6,57987.43541666667
5,87.0,0.99,89,619.6,57987.436111111114
5,93.0,0.97,89,619.6,57987.43680555555
6,92.0,0.94,89,619.5,57987.4375
6,91.0,0.92,89,619.5,57987.43819444445
6,88.0,0.9,89,619.5,57987.438888888886
6,95.0,0.9,89,619.5,57987.43958333333
5,96.0,0.9,89,619.5,57987.44027777778
4,90.0,0.92,89,619.5,57987.44097222222
5,104.0,0.95,89,619.5,57987.441666666666
5,105.0,0.99,89,619.5,57987.44236111111
5,101.0,1.03,89,619.5,57987.44305555556
4,129.0,1.08,89,619.5,57987.44375
2,105.0,1.13,89,619.4,57987.444444444445
3,96.0,1.17,88,619.4,57987.44513888889
5,102.0,1.21,88,619.4,57987.44583333333
5,91.0,1.25,87,619.4,57987.44652777778
5,93.0,1.29,87,619.4,57987.447222222225
6,99.0,1.33,87,619.4,57987.447916666664
7,95.0,1.35,86,619.4,57987.44861111111
7,102.0,1.38,86,619.4,57987.44930555556
7,99.0,1.39,86,619.4,57987.45
6,104.0,1.39,86,619.4,57987.450694444444
5,100.0,1.39,86,619.4,57987.45138888889
7,104.0,1.39,86,619.4,57987.45208333333
7,96.0,1.39,86,619.4,57987.45277777778
6,102.0,1.39,86,619.4,57987.45347222222
6,100.0,1.4,86,619.4,57987.45416666667
6,109.0,1.41,86,619.4,57987.45486111111
5,112.0,1.41,86,619.3,57987.455555555556
4,110.0,1.39,87,619.3,57987.45625
5,135.0,1.38,87,619.3,57987.45694444444
4,87.0,1.37,87,619.3,57987.45763888889
6,100.0,1.38,87,619.3,57987.458333333336
6,133.0,1.38,87,619.3,57987.459027777775
6,95.0,1.39,86,619.3,57987.45972222222
5,110.0,1.41,86,619.3,57987.46041666667
4,110.0,1.41,86,619.3,57987.46111111111
5,102.0,1.41,86,619.3,57987.461805555555
5,108.0,1.41,86,619.3,57987.4625
6,80.0,1.41,86,619.3,57987.46319444444
7,161.0,1.41,87,619.3,57987.46388888889
6,112.0,1.42,87,619.3,57987.464583333334
6,91.0,1.41,87,619.3,57987.46527777778
9,95.0,1.39,87,619.3,57987.46597222222
8,87.0,1.36,87,619.3,57987.46666666667
8,84.0,1.31,88,619.3,57987.467361111114
9,80.0,1.25,89,619.3,57987.46805555555
9,92.0,1.2,90,619.3,57987.46875
8,87.0,1.15,91,619.3,57987.46944444445
9,105.0,1.1,91,619.3,57987.470138888886
8,102.0,1.06,92,619.3,57987.47083333333
6,68.0,1.01,92,619.3,57987.47152777778
6,80.0,0.97,92,619.3,57987.47222222222
8,74.0,0.92,92,619.3,57987.472916666666
8,68.0,0.88,93,619.3,57987.47361111111
8,63.0,0.86,93,619.3,57987.47430555556
8,58.0,0.83,93,619.3,57987.475
7,77.0,0.81,93,619.3,57987.475694444445
8,69.0,0.79,93,619.2,57987.47638888889
8,48.0,0.77,93,619.2,57987.47708333333
8,75.0,0.77,93,619.2,57987.47777777778
9,66.0,0.75,94,619.2,57987.478472222225
8,58.0,0.74,94,619.2,57987.479166666664
7,82.0,0.73,94,619.2,57987.47986111111
7,93.0,0.72,94,619.2,57987.48055555556
5,97.0,0.73,94,619.2,57987.48125
5,103.0,0.74,94,619.2,57987.481944444444
5,94.0,0.74,94,619.2,57987.48263888889
4,93.0,0.73,94,619.2,57987.48333333333
4,83.0,0.74,94,619.2,57987.48402777778
4,86.0,0.74,94,619.2,57987.48472222222
6,79.0,0.76,94,619.2,57987.48541666667
6,86.0,0.77,94,619.2,57987.48611111111
6,81.0,0.77,94,619.2,57987.486805555556
7,78.0,0.75,94,619.2,57987.4875
7,85.0,0.72,94,619.2,57987.48819444444
6,86.0,0.71,94,619.2,57987.48888888889
5,84.0,0.7,95,619.2,57987.489583333336
4,85.0,0.69,95,619.2,57987.490277777775
4,80.0,0.71,95,619.2,57987.49097222222
4,86.0,0.74,95,619.2,57987.49166666667
3,90.0,0.78,95,619.2,57987.49236111111
1,82.0,0.82,95,619.2,57987.493055555555
1,91.0,0.86,95,619.2,57987.49375
0,106.0,0.86,95,619.2,57987.49444444444
1,95.0,0.86,95,619.2,57987.49513888889
1,109.0,0.84,95,619.2,57987.495833333334
1,93.0,0.84,95,619.2,57987.49652777778
0,106.0,0.83,95,619.2,57987.49722222222
0,140.0,0.84,95,619.2,57987.49791666667
0,105.0,0.85,95,619.2,57987.498611111114
1,120.0,0.84,95,619.2,57987.49930555555
2,103.0,0.84,95,619.2,57987.5
3,105.0,0.84,95,619.2,57987.50069444445
3,157.0,0.84,95,619.2,57987.501388888886
1,103.0,0.83,95,619.2,57987.50208333333
3,112.0,0.83,95,619.2,57987.50277777778
4,117.0,0.83,95,619.2,57987.50347222222
2,99.0,0.83,95,619.2,57987.504166666666
3,113.0,0.84,95,619.2,57987.50486111111
3,128.0,0.87,94,619.2,57987.50555555556
1,124.0,0.89,94,619.2,57987.50625
1,105.0,0.91,94,619.2,57987.506944444445
1,126.0,0.94,94,619.2,57987.50763888889
1,99.0,0.97,94,619.2,57987.50833333333
2,128.0,1.0,94,619.2,57987.50902777778
1,104.0,1.04,94,619.2,57987.509722222225
0,123.0,1.08,94,619.2,57987.510416666664
0,93.0,1.12,94,619.2,57987.51111111111
0,113.0,1.15,93,619.2,57987.51180555556
0,99.0,1.19,93,619.2,57987.5125
0,95.0,1.22,93,619.2,57987.513194444444
1,102.0,1.24,93,619.2,57987.51388888889
2,99.0,1.26,93,619.2,57987.51458333333
1,111.0,1.26,92,619.1,57987.51527777778
0,135.0,1.27,92,619.1,57987.51597222222
0,122.0,1.27,92,619.1,57987.51666666667
0,106.0,1.27,92,619.1,57987.51736111111
0,105.0,1.26,92,619.1,57987.518055555556
0,108.0,1.26,92,619.1,57987.51875
0,103.0,1.25,92,619.1,57987.51944444444
0,134.0,1.23,92,619.1,57987.52013888889
0,89.0,1.23,92,619.1,57987.520833333336
0,115.0,1.23,92,619.1,57987.521527777775
0,116.0,1.23,92,619.1,57987.52222222222
0,103.0,1.23,91,619.1,57987.52291666667
0,96.0,1.23,91,619.1,57987.52361111111
0,101.0,1.26,91,619.1,57987.524305555555
0,108.0,1.26,91,619.1,57987.525
1,108.0,1.26,91,619.1,57987.52569444444
2,104.0,1.25,91,619.1,57987.52638888889
3,103.0,1.26,91,619.1,57987.527083333334
2,110.0,1.26,91,619.1,57987.52777777778
2,103.0,1.26,91,619.1,57987.52847222222
3,102.0,1.26,91,619.1,57987.52916666667
3,104.0,1.24,90,619.1,57987.529861111114
2,102.0,1.23,90,619.1,57987.53055555555
2,98.0,1.23,90,619.1,57987.53125
1,99.0,1.23,90,619.1,57987.53194444445
2,100.0,1.23,90,619.1,57987.532638888886
2,92.0,1.23,91,619.1,57987.53333333333
1,92.0,1.25,91,619.1,57987.53402777778
0,93.0,1.26,91,619.1,57987.53472222222
1,96.0,1.24,91,619.1,57987.535416666666
2,88.0,1.24,91,619.1,57987.53611111111
3,85.0,1.23,91,619.1,57987.53680555556
3,81.0,1.23,91,619.1,57987.5375
5,71.0,1.23,92,619.0,57987.538194444445
6,75.0,1.19,92,619.0,57987.53888888889
5,89.0,1.15,92,619.0,57987.53958333333
4,77.0,1.09,92,619.0,57987.54027777778
3,72.0,1.03,92,619.0,57987.540972222225
4,68.0,0.97,92,619.0,57987.541666666664
6,79.0,0.91,92,619.0,57987.54236111111
8,74.0,0.86,93,619.0,57987.54305555556
7,65.0,0.81,93,619.0,57987.54375
5,81.0,0.74,93,619.0,57987.544444444444
6,73.0,0.68,93,619.0,57987.54513888889
5,76.0,0.63,93,619.0,57987.54583333333
5,71.0,0.58,93,619.0,57987.54652777778
5,63.0,0.53,93,619.0,57987.54722222222
4,64.0,0.5,93,619.0,57987.54791666667
4,64.0,0.47,93,619.0,57987.54861111111
4,74.0,0.44,93,619.0,57987.549305555556
3,80.0,0.41,94,619.0,57987.55
2,73.0,0.37,94,619.0,57987.55069444444
2,71.0,0.34,94,619.0,57987.55138888889
2,72.0,0.3,94,619.0,57987.552083333336
1,74.0,0.27,94,619.0,57987.552777777775
1,81.0,0.24,94,619.0,57987.55347222222
1,80.0,0.2,94,619.0,57987.55416666667
1,70.0,0.18,94,619.0,57987.55486111111
1,67.0,0.17,94,619.0,57987.555555555555
1,78.0,0.16,94,619.0,57987.55625
0,81.0,0.16,94,619.0,57987.55694444444
0,81.0,0.15,94,619.0,57987.55763888889
0,81.0,0.15,94,619.0,57987.558333333334
0,81.0,0.19,95,619.1,57987.55902777778
0,95.0,0.25,95,619.0,57987.55972222222
0,93.0,0.31,95,619.1,57987.56041666667
0,94.0,0.36,94,619.1,57987.561111111114
0,102.0,0.4,94,619.1,57987.56180555555
0,102.0,0.45,94,619.1,57987.5625
0,100.0,0.52,93,619.1,57987.56319444445
0,91.0,0.61,93,619.1,57987.563888888886
0,74.0,0.7,92,619.1,57987.56458333333
0,76.0,0.8,91,619.1,57987.56527777778
1,73.0,0.9,91,619.1,57987.56597222222
0,65.0,0.98,91,619.1,57987.566666666666
0,77.0,1.01,90,619.1,57987.56736111111
0,77.0,0.98,90,619.1,57987.56805555556
0,77.0,0.93,90,619.1,57987.56875
0,80.0,0.9,90,619.1,57987.569444444445
0,80.0,0.89,90,619.1,57987.57013888889
0,81.0,0.88,90,619.1,57987.57083333333
0,86.0,0.91,89,619.1,57987.57152777778
0,90.0,0.98,88,619.1,57987.572222222225
1,94.0,1.06,88,619.1,57987.572916666664
3,86.0,1.15,88,619.1,57987.57361111111
1,109.0,1.22,87,619.1,57987.57430555556
0,93.0,1.27,87,619.1,57987.575
0,83.0,1.32,87,619.1,57987.575694444444
0,82.0,1.36,87,619.1,57987.57638888889
0,78.0,1.39,87,619.1,57987.57708333333
1,94.0,1.41,87,619.1,57987.57777777778
2,71.0,1.41,87,619.2,57987.57847222222
1,95.0,1.4,87,619.2,57987.57916666667
0,90.0,1.37,88,619.2,57987.57986111111
0,79.0,1.34,88,619.2,57987.580555555556
1,89.0,1.28,88,619.2,57987.58125
2,77.0,1.21,88,619.2,57987.58194444444
2,80.0,1.13,88,619.2,57987.58263888889
2,79.0,1.07,89,619.2,57987.583333333336
4,67.0,1.01,90,619.2,57987.584027777775
5,79.0,0.96,91,619.1,57987.58472222222
6,76.0,0.93,91,619.1,57987.58541666667
6,61.0,0.92,92,619.1,57987.58611111111
8,74.0,0.91,92,619.1,57987.586805555555
5,73.0,0.92,92,619.1,57987.5875
6,73.0,0.9,92,619.1,57987.58819444444
4,83.0,0.89,93,619.1,57987.58888888889
4,82.0,0.86,93,619.1,57987.589583333334
4,80.0,0.84,93,619.1,57987.59027777778
6,61.0,0.83,93,619.1,57987.59097222222
6,63.0,0.83,93,619.1,57987.59166666667
7,76.0,0.83,93,619.1,57987.592361111114
8,71.0,0.81,93,619.1,57987.59305555555
9,52.0,0.79,93,619.1,57987.59375
7,77.0,0.76,93,619.1,57987.59444444445
8,46.0,0.73,93,619.1,57987.595138888886
10,39.0,0.69,93,619.1,57987.59583333333
10,48.0,0.65,92,619.1,57987.59652777778
10,57.0,0.65,91,619.1,57987.59722222222
12,60.0,0.65,90,619.1,57987.597916666666
12,69.0,0.68,88,619.1,57987.59861111111
11,67.0,0.7,86,619.1,57987.59930555556
10,64.0,0.74,85,619.1,57987.6
10,51.0,0.76,82,619.1,57987.600694444445
11,55.0,0.74,75,619.2,57987.60138888889
11,67.0,0.75,71,619.2,57987.60208333333
9,59.0,0.79,72,619.2,57987.60277777778
11,46.0,0.8,70,619.2,57987.603472222225
11,56.0,0.8,67,619.2,57987.604166666664
11,72.0,0.8,65,619.2,57987.60486111111
10,66.0,0.83,65,619.2,57987.60555555556
9,51.0,0.83,64,619.2,57987.60625
8,65.0,0.85,63,619.1,57987.606944444444
7,69.0,0.86,63,619.2,57987.60763888889
8,68.0,0.87,64,619.2,57987.60833333333
8,69.0,0.89,65,619.2,57987.60902777778
9,59.0,0.9,66,619.2,57987.60972222222
11,58.0,0.92,68,619.2,57987.61041666667
11,68.0,0.95,72,619.2,57987.61111111111
10,56.0,0.96,70,619.2,57987.611805555556
11,72.0,0.98,71,619.2,57987.6125
11,72.0,1.03,75,619.2,57987.61319444444
10,61.0,1.06,76,619.2,57987.61388888889
10,57.0,1.08,76,619.2,57987.614583333336
10,56.0,1.09,76,619.2,57987.615277777775
11,62.0,1.1,75,619.2,57987.61597222222
11,59.0,1.08,72,619.2,57987.61666666667
13,61.0,1.08,72,619.2,57987.61736111111
12,53.0,1.08,72,619.2,57987.618055555555
13,60.0,1.09,70,619.2,57987.61875
11,60.0,1.09,68,619.3,57987.61944444444
12,59.0,1.08,62,619.3,57987.62013888889
11,55.0,1.09,60,619.3,57987.620833333334
10,57.0,1.1,58,619.3,57987.62152777778
10,47.0,1.11,58,619.3,57987.62222222222
9,74.0,1.12,58,619.3,57987.62291666667
9,70.0,1.14,58,619.3,57987.623611111114
9,64.0,1.14,56,619.3,57987.62430555555
9,70.0,1.14,57,619.3,57987.625
8,70.0,1.14,56,619.3,57987.62569444445
8,58.0,1.14,56,619.3,57987.626388888886
7,67.0,1.15,57,619.3,57987.62708333333
7,73.0,1.16,55,619.3,57987.62777777778
8,75.0,1.17,55,619.3,57987.62847222222
9,81.0,1.17,55,619.3,57987.629166666666
9,71.0,1.16,56,619.3,57987.62986111111
9,79.0,1.14,57,619.3,57987.63055555556
8,71.0,1.13,57,619.3,57987.63125
9,69.0,1.12,57,619.3,57987.631944444445
9,82.0,1.11,55,619.3,57987.63263888889
10,70.0,1.11,51,619.4,57987.63333333333
9,66.0,1.11,48,619.3,57987.63402777778
9,56.0,1.14,46,619.4,57987.634722222225
10,65.0,1.18,44,619.4,57987.635416666664
11,52.0,1.23,43,619.4,57987.63611111111
12,58.0,1.28,44,619.3,57987.63680555556
12,52.0,1.32,47,619.4,57987.6375
13,54.0,1.36,46,619.4,57987.638194444444
13,61.0,1.39,49,619.4,57987.63888888889
12,64.0,1.43,50,619.4,57987.63958333333
13,57.0,1.47,61,619.4,57987.64027777778
13,60.0,1.5,65,619.4,57987.64097222222
12,54.0,1.48,64,619.4,57987.64166666667
12,65.0,1.47,67,619.4,57987.64236111111
13,66.0,1.47,69,619.4,57987.643055555556
13,71.0,1.45,69,619.4,57987.64375
12,82.0,1.44,70,619.4,57987.64444444444
13,64.0,1.44,71,619.4,57987.64513888889
13,75.0,1.44,74,619.4,57987.645833333336
12,66.0,1.42,76,619.4,57987.646527777775
12,48.0,1.4,77,619.4,57987.64722222222
13,53.0,1.38,76,619.4,57987.64791666667
15,60.0,1.35,76,619.4,57987.64861111111
14,62.0,1.34,76,619.4,57987.649305555555
12,50.0,1.33,76,619.4,57987.65
12,57.0,1.32,76,619.4,57987.65069444444
11,59.0,1.31,76,619.4,57987.65138888889
11,55.0,1.29,76,619.4,57987.652083333334
11,63.0,1.28,75,619.4,57987.65277777778
12,61.0,1.26,74,619.4,57987.65347222222
12,56.0,1.26,73,619.4,57987.65416666667
12,57.0,1.27,72,619.4,57987.654861111114
14,61.0,1.29,70,619.4,57987.65555555555
12,58.0,1.31,69,619.4,57987.65625
13,57.0,1.34,70,619.4,57987.65694444445
13,60.0,1.36,68,619.4,57987.657638888886
13,68.0,1.38,68,619.4,57987.65833333333
13,59.0,1.41,68,619.4,57987.65902777778
15,55.0,1.41,65,619.4,57987.65972222222
14,58.0,1.41,61,619.4,57987.660416666666
14,57.0,1.42,60,619.4,57987.66111111111
14,59.0,1.44,59,619.4,57987.66180555556
13,61.0,1.45,58,619.4,57987.6625
14,57.0,1.45,54,619.4,57987.663194444445
13,59.0,1.45,50,619.4,57987.66388888889
12,59.0,1.48,49,619.4,57987.66458333333
12,56.0,1.51,50,619.4,57987.66527777778
12,52.0,1.53,49,619.4,57987.665972222225
14,60.0,1.54,46,619.4,57987.666666666664
15,56.0,1.56,44,619.4,57987.66736111111
15,53.0,1.57,41,619.4,57987.66805555556
15,60.0,1.61,41,619.4,57987.66875
14,56.0,1.64,41,619.4,57987.669444444444
15,51.0,1.67,38,619.4,57987.67013888889
14,52.0,1.7,36,619.4,57987.67083333333
12,54.0,1.74,35,619.4,57987.67152777778
12,55.0,1.77,35,619.4,57987.67222222222
14,62.0,1.81,37,619.4,57987.67291666667
15,56.0,1.84,36,619.4,57987.67361111111
13,57.0,1.86,35,619.4,57987.674305555556
12,64.0,1.89,37,619.4,57987.675
10,62.0,1.92,42,619.4,57987.67569444444
9,61.0,1.93,41,619.4,57987.67638888889
10,70.0,1.94,48,619.5,57987.677083333336
10,57.0,1.93,45,619.5,57987.677777777775
9,57.0,1.95,55,619.5,57987.67847222222
9,60.0,1.95,56,619.5,57987.67916666667
10,56.0,1.93,58,619.5,57987.67986111111
12,56.0,1.94,62,619.5,57987.680555555555
10,58.0,1.94,60,619.5,57987.68125
10,54.0,1.95,58,619.5,57987.68194444444
9,56.0,1.97,59,619.5,57987.68263888889
9,56.0,1.99,60,619.5,57987.683333333334
10,56.0,1.99,63,619.5,57987.68402777778
10,55.0,1.99,64,619.5,57987.68472222222
10,51.0,1.99,65,619.5,57987.68541666667
8,61.0,1.98,62,619.5,57987.686111111114
9,55.0,1.99,61,619.5,57987.68680555555
10,50.0,2.01,62,619.5,57987.6875
9,49.0,2.03,63,619.5,57987.68819444445
9,50.0,2.05,63,619.5,57987.688888888886
9,51.0,2.06,64,619.5,57987.68958333333
9,76.0,2.08,66,619.5,57987.69027777778
9,50.0,2.09,66,619.5,57987.69097222222
10,48.0,2.09,62,619.5,57987.691666666666
10,51.0,2.11,65,619.6,57987.69236111111
8,58.0,2.12,63,619.6,57987.69305555556
9,45.0,2.12,64,619.6,57987.69375
10,52.0,2.12,67,619.6,57987.694444444445
9,54.0,2.11,66,619.6,57987.69513888889
8,58.0,2.09,66,619.6,57987.69583333333
8,53.0,2.08,64,619.6,57987.69652777778
8,37.0,2.07,65,619.7,57987.697222222225
9,48.0,2.06,64,619.6,57987.697916666664
10,45.0,2.07,69,619.6,57987.69861111111
10,46.0,2.06,70,619.6,57987.69930555556
11,56.0,2.05,71,619.6,57987.7
11,30.0,2.04,73,619.6,57987.700694444444
11,71.0,2.02,72,619.6,57987.70138888889
8,67.0,2.02,74,619.6,57987.70208333333
8,49.0,2.01,71,619.6,57987.70277777778
7,72.0,2.0,69,619.6,57987.70347222222
6,70.0,2.02,72,619.6,57987.70416666667
7,42.0,2.02,71,619.6,57987.70486111111
10,60.0,2.03,72,619.6,57987.705555555556
9,54.0,2.05,74,619.6,57987.70625
10,55.0,2.05,74,619.6,57987.70694444444
11,51.0,2.06,76,619.6,57987.70763888889
11,62.0,2.06,75,619.6,57987.708333333336
11,70.0,2.07,76,619.6,57987.709027777775
9,58.0,2.08,76,619.6,57987.70972222222
10,56.0,2.06,75,619.7,57987.71041666667
11,61.0,2.05,77,619.7,57987.71111111111
10,64.0,2.04,78,619.7,57987.711805555555
9,49.0,2.02,76,619.7,57987.7125
8,70.0,2.0,76,619.6,57987.71319444444
7,71.0,1.99,76,619.7,57987.71388888889
7,74.0,1.97,75,619.7,57987.714583333334
6,78.0,1.95,75,619.7,57987.71527777778
5,77.0,1.93,73,619.6,57987.71597222222
3,68.0,1.93,72,619.6,57987.71666666667
2,71.0,1.91,71,619.6,57987.717361111114
2,74.0,1.92,71,619.6,57987.71805555555
3,63.0,1.92,70,619.6,57987.71875
4,58.0,1.9,64,619.6,57987.71944444445
3,60.0,1.92,64,619.6,57987.720138888886
1,66.0,1.95,65,619.6,57987.72083333333
5,63.0,1.98,66,619.6,57987.72152777778
6,66.0,1.99,64,619.7,57987.72222222222
6,58.0,2.02,64,619.7,57987.722916666666
7,58.0,2.04,65,619.7,57987.72361111111
9,56.0,2.06,65,619.7,57987.72430555556
11,56.0,2.06,64,619.7,57987.725
12,58.0,2.07,64,619.7,57987.725694444445
10,82.0,2.08,65,619.7,57987.72638888889
10,66.0,2.09,67,619.7,57987.72708333333
10,53.0,2.09,70,619.7,57987.72777777778
10,57.0,2.09,76,619.7,57987.728472222225
10,63.0,2.06,77,619.7,57987.729166666664
10,68.0,2.01,77,619.7,57987.72986111111
10,66.0,1.95,78,619.7,57987.73055555556
10,56.0,1.9,77,619.8,57987.73125
10,62.0,1.84,77,619.8,57987.731944444444
11,59.0,1.8,78,619.8,57987.73263888889
11,60.0,1.76,80,619.8,57987.73333333333
9,53.0,1.72,82,619.8,57987.73402777778
10,52.0,1.67,84,619.8,57987.73472222222
12,49.0,1.63,86,619.8,57987.73541666667
11,56.0,1.59,87,619.8,57987.73611111111
13,63.0,1.54,88,619.8,57987.736805555556
14,52.0,1.51,89,619.8,57987.7375
13,54.0,1.49,90,619.9,57987.73819444444
13,52.0,1.47,91,619.9,57987.73888888889
12,57.0,1.43,91,619.9,57987.739583333336
12,56.0,1.41,91,619.9,57987.740277777775
10,62.0,1.38,91,619.9,57987.74097222222
10,48.0,1.35,91,619.9,57987.74166666667
13,54.0,1.35,91,619.9,57987.74236111111
15,53.0,1.37,92,619.9,57987.743055555555
14,49.0,1.41,92,619.9,57987.74375
15,53.0,1.45,92,619.9,57987.74444444444
13,49.0,1.48,92,619.9,57987.74513888889
13,43.0,1.51,93,619.9,57987.745833333334
15,76.0,1.54,93,619.9,57987.74652777778
14,62.0,1.53,93,619.9,57987.74722222222
13,52.0,1.49,93,619.9,57987.74791666667
13,38.0,1.42,93,619.9,57987.748611111114
11,52.0,1.35,93,619.9,57987.74930555555
8,47.0,1.31,93,619.9,57987.75
6,48.0,1.29,93,620.0,57987.75069444445
7,56.0,1.26,93,620.0,57987.751388888886
10,48.0,1.22,93,620.0,57987.75208333333
10,60.0,1.17,93,620.0,57987.75277777778
8,58.0,1.11,93,620.0,57987.75347222222
10,46.0,1.06,93,620.0,57987.754166666666
9,35.0,1.05,94,620.0,57987.75486111111
4,73.0,1.08,94,620.0,57987.75555555556
0,74.0,1.08,94,620.0,57987.75625
0,74.0,1.1,94,620.0,57987.756944444445
0,68.0,1.12,94,620.0,57987.75763888889
0,64.0,1.19,94,620.0,57987.75833333333
0,64.0,1.25,94,620.0,57987.75902777778
0,64.0,1.16,93,620.0,57987.759722222225
0,64.0,1.05,92,620.0,57987.760416666664
0,64.0,1.04,89,620.0,57987.76111111111
0,64.0,1.15,84,620.0,57987.76180555556
0,204.0,1.33,77,620.0,57987.7625
0,204.0,1.56,73,620.0,57987.763194444444
0,190.0,1.81,72,620.1,57987.76388888889
0,184.0,2.09,80,620.0,57987.76458333333
0,57.0,2.31,84,620.0,57987.76527777778
0,61.0,2.48,87,620.1,57987.76597222222
0,47.0,2.51,87,620.1,57987.76666666667
3,71.0,2.49,86,620.1,57987.76736111111
9,56.0,2.54,87,620.0,57987.768055555556
9,51.0,2.5,87,620.0,57987.76875
12,46.0,2.39,87,620.0,57987.76944444444
12,51.0,2.24,88,620.0,57987.77013888889
9,47.0,2.07,88,620.1,57987.770833333336
7,49.0,1.92,88,620.1,57987.771527777775
7,38.0,1.78,89,620.1,57987.77222222222
8,61.0,1.69,90,620.1,57987.77291666667
6,60.0,1.62,90,620.1,57987.77361111111
4,51.0,1.56,91,620.1,57987.774305555555
4,67.0,1.53,91,620.1,57987.775
1,72.0,1.5,92,620.1,57987.77569444444
0,57.0,1.45,92,620.1,57987.77638888889
3,45.0,1.45,92,620.1,57987.777083333334
6,46.0,1.47,93,620.1,57987.77777777778
5,76.0,1.48,93,620.1,57987.77847222222
6,50.0,1.48,93,620.1,57987.77916666667
8,47.0,1.5,93,620.1,57987.779861111114
8,56.0,1.51,93,620.1,57987.78055555555
6,68.0,1.55,94,620.1,57987.78125
7,82.0,1.58,94,620.2,57987.78194444445
7,67.0,1.56,94,620.2,57987.782638888886
8,61.0,1.53,94,620.2,57987.78333333333
7,79.0,1.48,94,620.2,57987.78402777778
4,50.0,1.43,94,620.2,57987.78472222222
4,71.0,1.38,94,620.2,57987.785416666666
2,88.0,1.33,94,620.2,57987.78611111111
1,87.0,1.3,94,620.2,57987.78680555556
0,64.0,1.29,94,620.2,57987.7875
0,50.0,1.26,94,620.2,57987.788194444445
0,61.0,1.21,94,620.2,57987.78888888889
1,66.0,1.18,94,620.2,57987.78958333333
2,60.0,1.17,94,620.2,57987.79027777778
1,39.0,1.17,94,620.2,57987.790972222225
2,31.0,1.19,94,620.2,57987.791666666664
1,27.0,1.15,94,620.2,57987.79236111111
0,61.0,1.09,94,620.2,57987.79305555556
0,62.0,1.1,94,620.2,57987.79375
0,70.0,1.16,94,620.2,57987.794444444444
0,73.0,1.21,94,620.2,57987.79513888889
0,73.0,1.27,94,620.2,57987.79583333333
0,85.0,1.32,95,620.2,57987.79652777778
0,117.0,1.35,94,620.2,57987.79722222222
0,191.0,1.39,94,620.2,57987.79791666667
0,187.0,1.43,94,620.2,57987.79861111111
1,185.0,1.47,94,620.2,57987.799305555556
1,211.0,1.52,94,620.2,57987.8
5,183.0,1.6,94,620.2,57987.80069444444
3,197.0,1.68,93,620.2,57987.80138888889
3,222.0,1.79,92,620.2,57987.802083333336
1,197.0,1.93,91,620.2,57987.802777777775
0,110.0,2.09,91,620.2,57987.80347222222
1,78.0,2.31,91,620.2,57987.80416666667
5,45.0,2.51,92,620.2,57987.80486111111
4,92.0,2.58,92,620.3,57987.805555555555
3,90.0,2.56,91,620.3,57987.80625
2,83.0,2.5,91,620.3,57987.80694444444
3,50.0,2.43,91,620.3,57987.80763888889
5,81.0,2.34,91,620.3,57987.808333333334
3,100.0,2.19,91,620.3,57987.80902777778
2,90.0,2.06,91,620.3,57987.80972222222
2,89.0,1.94,91,620.3,57987.81041666667
3,76.0,1.82,91,620.3,57987.811111111114
4,71.0,1.74,91,620.3,57987.81180555555
7,76.0,1.68,91,620.3,57987.8125
8,96.0,1.61,91,620.3,57987.81319444445
6,89.0,1.54,91,620.3,57987.813888888886
9,97.0,1.5,92,620.3,57987.81458333333
9,97.0,1.5,92,620.3,57987.81527777778
8,82.0,1.51,92,620.3,57987.81597222222
8,87.0,1.53,93,620.3,57987.816666666666
6,81.0,1.56,93,620.3,57987.81736111111
5,92.0,1.61,93,620.3,57987.81805555556
5,84.0,1.64,93,620.4,57987.81875
4,82.0,1.65,93,620.4,57987.819444444445
6,74.0,1.66,93,620.4,57987.82013888889
5,114.0,1.7,94,620.4,57987.82083333333
4,86.0,1.76,94,620.4,57987.82152777778
6,88.0,1.81,94,620.4,57987.822222222225
5,93.0,1.86,94,620.4,57987.822916666664
5,93.0,1.94,94,620.4,57987.82361111111
4,80.0,1.99,94,620.4,57987.82430555556
4,147.0,2.05,94,620.4,57987.825
2,126.0,2.12,94,620.4,57987.825694444444
2,219.0,2.15,94,620.4,57987.82638888889
2,202.0,2.11,94,620.3,57987.82708333333
4,198.0,2.08,94,620.3,57987.82777777778
4,204.0,2.08,94,620.3,57987.82847222222
6,199.0,2.08,94,620.3,57987.82916666667
7,215.0,2.04,93,620.3,57987.82986111111
8,217.0,2.03,93,620.3,57987.830555555556
7,211.0,2.03,93,620.3,57987.83125
9,213.0,2.03,93,620.3,57987.83194444444
11,211.0,2.1,93,620.2,57987.83263888889
12,220.0,2.11,93,620.2,57987.833333333336
12,232.0,2.13,92,620.2,57987.834027777775
11,204.0,2.13,92,620.2,57987.83472222222
9,221.0,2.12,91,620.2,57987.83541666667
7,220.0,2.16,91,620.3,57987.83611111111
7,219.0,2.25,91,620.3,57987.836805555555
8,223.0,2.3,90,620.3,57987.8375
9,218.0,2.37,90,620.3,57987.83819444444
6,228.0,2.4,89,620.3,57987.83888888889
5,217.0,2.43,89,620.3,57987.839583333334
4,194.0,2.5,89,620.3,57987.84027777778
3,202.0,2.62,90,620.3,57987.84097222222
4,188.0,2.72,90,620.3,57987.84166666667
5,198.0,2.77,89,620.3,57987.842361111114
2,180.0,2.8,87,620.3,57987.84305555555
0,200.0,2.84,86,620.3,57987.84375
0,195.0,2.89,87,620.3,57987.84444444445
1,237.0,3.02,89,620.3,57987.845138888886
0,229.0,3.12,89,620.3,57987.84583333333
0,228.0,3.13,88,620.3,57987.84652777778
0,228.0,3.18,88,620.3,57987.84722222222
0,231.0,3.21,87,620.4,57987.847916666666
0,241.0,3.3,88,620.4,57987.84861111111
0,241.0,3.31,87,620.4,57987.84930555556
0,241.0,3.33,86,620.4,57987.85
0,7.0,3.38,87,620.4,57987.850694444445
0,29.0,3.48,88,620.4,57987.85138888889
2,56.0,3.57,90,620.4,57987.85208333333
10,40.0,3.66,91,620.3,57987.85277777778
16,58.0,3.7,91,620.3,57987.853472222225
17,52.0,3.6,90,620.3,57987.854166666664
17,42.0,3.41,89,620.3,57987.85486111111
16,44.0,3.19,88,620.3,57987.85555555556
14,55.0,2.98,88,620.3,57987.85625
13,59.0,2.8,89,620.3,57987.856944444444
12,56.0,2.64,89,620.4,57987.85763888889
10,49.0,2.49,89,620.4,57987.85833333333
11,50.0,2.36,90,620.4,57987.85902777778
11,49.0,2.21,90,620.3,57987.85972222222
10,62.0,2.08,90,620.3,57987.86041666667
8,56.0,1.96,91,620.3,57987.86111111111
8,47.0,1.89,91,620.3,57987.861805555556
7,57.0,1.85,92,620.3,57987.8625
7,37.0,1.88,92,620.3,57987.86319444444
8,56.0,1.92,93,620.3,57987.86388888889
7,68.0,1.93,93,620.3,57987.864583333336
8,50.0,1.95,93,620.3,57987.865277777775
8,53.0,1.96,93,620.3,57987.86597222222
8,46.0,1.94,93,620.3,57987.86666666667
9,57.0,1.82,93,620.3,57987.86736111111
8,57.0,1.68,93,620.3,57987.868055555555
7,57.0,1.55,93,620.3,57987.86875
6,59.0,1.43,93,620.4,57987.86944444444
7,59.0,1.33,93,620.3,57987.87013888889
8,79.0,1.24,93,620.4,57987.870833333334
6,68.0,1.18,93,620.4,57987.87152777778
6,64.0,1.12,93,620.4,57987.87222222222
8,50.0,1.09,93,620.4,57987.87291666667
9,40.0,1.06,93,620.4,57987.873611111114
11,57.0,1.05,94,620.4,57987.87430555555
10,70.0,1.03,94,620.4,57987.875
7,85.0,1.0,94,620.4,57987.87569444445
5,87.0,0.97,94,620.4,57987.876388888886
4,80.0,0.93,94,620.4,57987.87708333333
8,72.0,0.93,94,620.4,57987.87777777778
7,43.0,0.95,94,620.3,57987.87847222222
10,41.0,0.98,94,620.3,57987.879166666666
9,47.0,0.97,94,620.3,57987.87986111111
11,44.0,0.92,94,620.3,57987.88055555556
11,61.0,0.83,94,620.3,57987.88125
10,43.0,0.75,94,620.3,57987.881944444445
11,57.0,0.74,94,620.3,57987.88263888889
12,56.0,0.73,94,620.3,57987.88333333333
13,58.0,0.71,94,620.2,57987.88402777778
14,42.0,0.71,94,620.3,57987.884722222225
17,46.0,0.74,94,620.3,57987.885416666664
15,42.0,0.76,94,620.3,57987.88611111111
13,46.0,0.76,94,620.3,57987.88680555556
12,49.0,0.78,94,620.3,57987.8875
15,42.0,0.87,94,620.3,57987.888194444444
16,43.0,0.93,94,620.3,57987.88888888889
16,52.0,0.93,94,620.3,57987.88958333333
14,39.0,0.97,94,620.3,57987.89027777778
14,46.0,1.04,94,620.3,57987.89097222222
15,35.0,1.07,94,620.3,57987.89166666667
16,45.0,1.08,93,620.3,57987.89236111111
19,40.0,1.11,93,620.2,57987.893055555556
18,39.0,1.1,93,620.2,57987.89375
16,39.0,1.11,92,620.3,57987.89444444444
17,35.0,1.15,92,620.3,57987.89513888889
18,45.0,1.32,93,620.3,57987.895833333336
16,45.0,1.47,93,620.3,57987.896527777775
16,48.0,1.56,93,620.3,57987.89722222222
14,50.0,1.57,92,620.3,57987.89791666667
15,48.0,1.54,92,620.3,57987.89861111111
16,48.0,1.56,91,620.3,57987.899305555555
16,49.0,1.6,91,620.3,57987.9
17,65.0,1.64,92,620.3,57987.90069444444
18,46.0,1.69,92,620.3,57987.90138888889
17,41.0,1.66,91,620.3,57987.902083333334
16,57.0,1.62,90,620.3,57987.90277777778
16,42.0,1.6,90,620.2,57987.90347222222
17,44.0,1.61,90,620.2,57987.90416666667
16,48.0,1.62,91,620.3,57987.904861111114
17,45.0,1.62,90,620.3,57987.90555555555
15,43.0,1.61,90,620.3,57987.90625
16,40.0,1.68,91,620.2,57987.90694444445
17,52.0,1.74,92,620.2,57987.907638888886
15,60.0,1.85,92,620.2,57987.90833333333
18,45.0,1.95,93,620.2,57987.90902777778
21,39.0,2.11,93,620.2,57987.90972222222
19,39.0,2.23,93,620.2,57987.910416666666
20,34.0,2.3,93,620.2,57987.91111111111
19,58.0,2.33,93,620.2,57987.91180555556
18,42.0,2.4,93,620.2,57987.9125
18,55.0,2.45,93,620.2,57987.913194444445
19,30.0,2.41,92,620.2,57987.91388888889
21,32.0,2.42,91,620.2,57987.91458333333
16,51.0,2.44,87,620.2,57987.91527777778
19,40.0,2.56,86,620.2,57987.915972222225
20,35.0,2.66,83,620.2,57987.916666666664
18,39.0,2.66,77,620.2,57987.91736111111
17,32.0,2.69,76,620.2,57987.91805555556
18,56.0,2.74,79,620.2,57987.91875
16,40.0,2.77,79,620.2,57987.919444444444
22,42.0,2.83,81,620.1,57987.92013888889
20,43.0,2.83,75,620.1,57987.92083333333
18,50.0,2.85,73,620.1,57987.92152777778
18,46.0,2.91,76,620.1,57987.92222222222
20,56.0,2.94,75,620.1,57987.92291666667
20,37.0,2.97,76,620.1,57987.92361111111
19,43.0,2.98,74,620.1,57987.924305555556
18,40.0,2.99,74,620.1,57987.925
20,43.0,3.0,73,620.1,57987.92569444444
22,35.0,3.02,75,620.1,57987.92638888889
19,40.0,3.01,71,620.2,57987.927083333336
14,36.0,3.03,71,620.2,57987.927777777775
17,31.0,3.05,75,620.1,57987.92847222222
24,22.0,3.12,78,620.1,57987.92916666667
20,55.0,3.15,71,620.1,57987.92986111111
18,40.0,3.19,69,620.1,57987.930555555555
20,43.0,3.24,71,620.1,57987.93125
21,48.0,3.27,72,620.1,57987.93194444444
25,43.0,3.3,72,620.1,57987.93263888889
21,54.0,3.33,69,620.1,57987.933333333334
23,44.0,3.36,70,620.0,57987.93402777778
23,38.0,3.4,72,620.0,57987.93472222222
23,45.0,3.43,71,620.0,57987.93541666667
21,32.0,3.48,75,620.0,57987.936111111114
27,41.0,3.57,78,620.0,57987.93680555555
23,38.0,3.63,72,620.0,57987.9375
25,36.0,3.75,76,620.0,57987.93819444445
25,28.0,3.86,73,620.0,57987.938888888886
26,40.0,3.99,74,620.0,57987.93958333333
23,26.0,4.08,69,620.0,57987.94027777778
24,49.0,4.16,72,620.0,57987.94097222222
22,32.0,4.22,69,620.1,57987.941666666666
21,32.0,4.26,67,620.1,57987.94236111111
22,19.0,4.3,68,620.0,57987.94305555556
20,55.0,4.33,69,620.0,57987.94375
19,46.0,4.35,66,620.0,57987.944444444445
21,54.0,4.36,67,620.0,57987.94513888889
16,55.0,4.34,65,620.1,57987.94583333333
16,40.0,4.3,64,620.1,57987.94652777778
15,67.0,4.25,65,620.1,57987.947222222225
16,41.0,4.21,67,620.1,57987.947916666664
18,44.0,4.21,70,620.0,57987.94861111111
16,51.0,4.2,66,620.0,57987.94930555556
15,48.0,4.19,65,620.0,57987.95
16,48.0,4.19,67,620.0,57987.950694444444
16,42.0,4.19,67,620.0,57987.95138888889
14,40.0,4.18,67,620.0,57987.95208333333
12,38.0,4.19,69,620.0,57987.95277777778
10,42.0,4.21,67,620.0,57987.95347222222
17,21.0,4.26,69,620.0,57987.95416666667
17,63.0,4.31,66,620.0,57987.95486111111
14,48.0,4.39,68,620.0,57987.955555555556
17,48.0,4.44,67,620.0,57987.95625
12,59.0,4.48,66,620.0,57987.95694444444
15,72.0,4.54,70,620.0,57987.95763888889
14,79.0,4.61,71,619.9,57987.958333333336
20,39.0,4.72,76,619.9,57987.959027777775
18,52.0,4.81,70,620.0,57987.95972222222
15,46.0,4.88,70,620.0,57987.96041666667
12,19.0,4.92,67,620.0,57987.96111111111
12,47.0,4.93,67,620.0,57987.961805555555
17,52.0,4.93,70,620.0,57987.9625
13,68.0,4.9,68,620.0,57987.96319444444
14,45.0,4.87,71,620.0,57987.96388888889
11,50.0,4.8,70,620.0,57987.964583333334
8,56.0,4.71,70,620.0,57987.96527777778
6,47.0,4.61,72,620.0,57987.96597222222
9,42.0,4.54,74,620.0,57987.96666666667
11,48.0,4.47,75,620.0,57987.967361111114
11,45.0,4.4,75,620.0,57987.96805555555
9,48.0,4.34,76,620.0,57987.96875
10,57.0,4.27,75,620.0,57987.96944444445
10,46.0,4.23,77,620.0,57987.970138888886
11,58.0,4.19,77,620.0,57987.97083333333
9,77.0,4.14,76,620.0,57987.97152777778
8,62.0,4.1,77,619.9,57987.97222222222
8,60.0,4.08,78,620.0,57987.972916666666
11,29.0,4.07,77,619.9,57987.97361111111
11,49.0,4.04,74,620.0,57987.97430555556
8,19.0,4.04,75,619.9,57987.975
10,57.0,4.05,75,619.9,57987.975694444445
9,54.0,4.04,73,619.9,57987.97638888889
6,74.0,4.01,70,619.9,57987.97708333333
6,47.0,4.0,72,619.9,57987.97777777778
10,39.0,4.01,72,619.9,57987.978472222225
7,61.0,4.01,68,620.0,57987.979166666664
8,46.0,4.03,73,620.0,57987.97986111111
7,54.0,4.04,67,620.0,57987.98055555556
9,39.0,4.07,71,619.9,57987.98125
12,45.0,4.14,72,619.9,57987.981944444444
14,55.0,4.21,70,619.9,57987.98263888889
11,64.0,4.27,66,619.9,57987.98333333333
10,43.0,4.34,69,619.9,57987.98402777778
8,44.0,4.4,68,619.9,57987.98472222222
10,61.0,4.46,66,619.9,57987.98541666667
7,46.0,4.49,68,619.9,57987.98611111111
15,37.0,4.6,79,619.9,57987.986805555556
16,53.0,4.7,79,619.9,57987.9875
14,39.0,4.78,74,619.9,57987.98819444444
12,32.0,4.87,74,619.9,57987.98888888889
11,30.0,4.91,71,619.9,57987.989583333336
11,52.0,4.93,70,619.9,57987.990277777775
12,59.0,4.95,67,619.9,57987.99097222222
13,48.0,4.96,67,619.9,57987.99166666667
12,56.0,4.94,64,619.9,57987.99236111111
14,38.0,4.91,63,619.9,57987.993055555555
15,59.0,4.87,63,619.9,57987.99375
14,47.0,4.84,64,619.9,57987.99444444444
14,58.0,4.81,61,619.9,57987.99513888889
11,32.0,4.77,62,619.9,57987.995833333334
14,45.0,4.77,63,619.9,57987.99652777778
13,55.0,4.77,61,619.9,57987.99722222222
15,46.0,4.77,61,619.9,57987.99791666667
12,42.0,4.73,57,619.9,57987.998611111114
14,50.0,4.68,60,619.9,57987.99930555555
12,53.0,4.64,62,619.9,57988.0
10,49.0,4.6,60,619.9,57988.00069444445
11,48.0,4.56,60,619.9,57988.001388888886
9,59.0,4.52,56,619.9,57988.00208333333
9,35.0,4.46,56,619.9,57988.00277777778
9,33.0,4.41,58,619.9,57988.00347222222
10,57.0,4.37,61,619.9,57988.004166666666
12,42.0,4.36,61,619.9,57988.00486111111
12,56.0,4.34,60,619.9,57988.00555555556
10,44.0,4.34,60,619.9,57988.00625
8,54.0,4.34,57,619.9,57988.006944444445
11,33.0,4.35,59,619.9,57988.00763888889
9,69.0,4.37,56,619.9,57988.00833333333
12,43.0,4.37,59,619.9,57988.00902777778
11,40.0,4.36,55,619.9,57988.009722222225
11,44.0,4.35,54,619.9,57988.010416666664
9,37.0,4.36,58,619.9,57988.01111111111
13,54.0,4.35,59,619.9,57988.01180555556
12,37.0,4.34,55,619.9,57988.0125
13,44.0,4.34,52,619.9,57988.013194444444
12,37.0,4.35,53,619.9,57988.01388888889
13,50.0,4.37,54,619.9,57988.01458333333
15,46.0,4.4,59,619.9,57988.01527777778
12,32.0,4.44,57,619.9,57988.01597222222
14,46.0,4.49,59,619.9,57988.01666666667
15,49.0,4.55,58,619.8,57988.01736111111
14,68.0,4.61,58,619.8,57988.018055555556
18,50.0,4.68,59,619.8,57988.01875
17,33.0,4.75,55,619.8,57988.01944444444
15,41.0,4.82,56,619.8,57988.02013888889
14,30.0,4.85,57,619.8,57988.020833333336
16,37.0,4.88,63,619.8,57988.021527777775
17,30.0,4.91,61,619.8,57988.02222222222
16,35.0,4.94,56,619.8,57988.02291666667
16,40.0,4.99,59,619.8,57988.02361111111
17,42.0,5.01,59,619.8,57988.024305555555
16,41.0,5.02,58,619.8,57988.025
16,47.0,5.04,61,619.8,57988.02569444444
13,37.0,5.02,58,619.8,57988.02638888889
14,39.0,5.0,58,619.8,57988.027083333334
14,36.0,4.98,59,619.8,57988.02777777778
16,25.0,4.99,62,619.8,57988.02847222222
15,49.0,5.05,61,619.8,57988.02916666667
14,33.0,5.13,56,619.8,57988.029861111114
16,33.0,5.2,59,619.8,57988.03055555555
17,18.0,5.26,56,619.8,57988.03125
15,25.0,5.32,51,619.8,57988.03194444445
16,39.0,5.38,49,619.8,57988.032638888886
17,34.0,5.44,49,619.8,57988.03333333333
15,36.0,5.48,46,619.8,57988.03402777778
17,29.0,5.5,48,619.8,57988.03472222222
14,35.0,5.51,50,619.8,57988.035416666666
19,29.0,5.56,49,619.8,57988.03611111111
14,27.0,5.61,48,619.8,57988.03680555556
20,28.0,5.7,48,619.8,57988.0375
18,27.0,5.78,44,619.8,57988.038194444445
18,33.0,5.85,46,619.8,57988.03888888889
19,24.0,5.94,48,619.8,57988.03958333333
15,28.0,6.0,48,619.8,57988.04027777778
20,25.0,6.03,47,619.8,57988.040972222225
19,31.0,6.04,42,619.8,57988.041666666664
19,35.0,6.06,45,619.8,57988.04236111111
19,27.0,6.08,44,619.7,57988.04305555556
19,17.0,6.09,43,619.7,57988.04375
19,17.0,6.12,44,619.8,57988.044444444444
19,18.0,6.16,43,619.8,57988.04513888889
17,11.0,6.19,40,619.7,57988.04583333333
15,23.0,6.21,41,619.7,57988.04652777778
17,38.0,6.23,47,619.7,57988.04722222222
17,21.0,6.28,48,619.7,57988.04791666667
18,17.0,6.32,49,619.7,57988.04861111111
16,16.0,6.38,44,619.7,57988.049305555556
15,46.0,6.43,44,619.7,57988.05
17,39.0,6.45,45,619.7,57988.05069444444
18,46.0,6.42,43,619.7,57988.05138888889
16,47.0,6.37,41,619.7,57988.052083333336
15,34.0,6.3,40,619.7,57988.052777777775
17,37.0,6.23,43,619.7,57988.05347222222
16,46.0,6.15,41,619.7,57988.05416666667
13,42.0,6.1,42,619.7,57988.05486111111
14,32.0,6.06,45,619.7,57988.055555555555
14,31.0,6.03,40,619.7,57988.05625
10,38.0,5.97,39,619.8,57988.05694444444
14,47.0,5.92,39,619.7,57988.05763888889
12,49.0,5.86,39,619.8,57988.058333333334
16,25.0,5.81,39,619.7,57988.05902777778
14,28.0,5.78,38,619.8,57988.05972222222
14,26.0,5.75,38,619.8,57988.06041666667
11,22.0,5.75,38,619.7,57988.061111111114
16,24.0,5.77,39,619.7,57988.06180555555
14,24.0,5.83,37,619.8,57988.0625
13,18.0,5.94,39,619.8,57988.06319444445
11,37.0,6.04,38,619.8,57988.063888888886
12,42.0,6.12,38,619.8,57988.06458333333
18,18.0,6.21,39,619.7,57988.06527777778
16,25.0,6.28,36,619.8,57988.06597222222
16,21.0,6.35,37,619.7,57988.066666666666
15,24.0,6.41,39,619.8,57988.06736111111
12,30.0,6.42,38,619.8,57988.06805555556
11,31.0,6.38,38,619.7,57988.06875
14,38.0,6.31,36,619.7,57988.069444444445
16,25.0,6.27,39,619.8,57988.07013888889
15,30.0,6.27,36,619.7,57988.07083333333
14,30.0,6.28,36,619.8,57988.07152777778
13,11.0,6.27,35,619.8,57988.072222222225
16,31.0,6.25,36,619.7,57988.072916666664
16,37.0,6.28,39,619.8,57988.07361111111
13,38.0,6.3,36,619.8,57988.07430555556
15,18.0,6.28,38,619.8,57988.075
13,35.0,6.22,35,619.8,57988.075694444444
13,40.0,6.16,35,619.8,57988.07638888889
17,24.0,6.11,40,619.8,57988.07708333333
14,25.0,6.09,36,619.8,57988.07777777778
14,31.0,6.08,37,619.7,57988.07847222222
15,24.0,6.11,33,619.7,57988.07916666667
16,33.0,6.13,31,619.7,57988.07986111111
17,16.0,6.16,32,619.7,57988.080555555556
17,20.0,6.21,34,619.7,57988.08125
17,18.0,6.27,33,619.7,57988.08194444444
16,33.0,6.31,31,619.7,57988.08263888889
17,23.0,6.34,32,619.7,57988.083333333336
14,34.0,6.4,31,619.7,57988.084027777775
18,30.0,6.46,32,619.7,57988.08472222222
17,34.0,6.55,33,619.7,57988.08541666667
17,25.0,6.65,33,619.6,57988.08611111111
16,28.0,6.75,34,619.7,57988.086805555555
16,38.0,6.83,32,619.7,57988.0875
14,31.0,6.88,34,619.6,57988.08819444444
15,34.0,6.93,37,619.6,57988.08888888889
16,33.0,7.01,36,619.6,57988.089583333334
16,23.0,7.08,32,619.6,57988.09027777778
17,26.0,7.13,33,619.6,57988.09097222222
17,349.0,7.16,34,619.6,57988.09166666667
16,43.0,7.18,33,619.6,57988.092361111114
16,40.0,7.17,32,619.6,57988.09305555555
17,33.0,7.13,33,619.6,57988.09375
19,23.0,7.12,33,619.6,57988.09444444445
14,44.0,7.09,31,619.6,57988.095138888886
14,38.0,7.03,33,619.6,57988.09583333333
18,51.0,6.92,31,619.6,57988.09652777778
18,30.0,6.79,32,619.6,57988.09722222222
16,41.0,6.67,34,619.7,57988.097916666666
15,37.0,6.53,32,619.7,57988.09861111111
14,21.0,6.39,32,619.6,57988.09930555556
17,21.0,6.26,32,619.6,57988.1
16,34.0,6.14,32,619.6,57988.100694444445
16,32.0,6.07,35,619.6,57988.10138888889
15,36.0,5.99,30,619.6,57988.10208333333
15,27.0,5.93,30,619.6,57988.10277777778
16,31.0,5.89,31,619.6,57988.103472222225
14,40.0,5.83,30,619.7,57988.104166666664
15,35.0,5.76,31,619.7,57988.10486111111
12,41.0,5.7,32,619.7,57988.10555555556
12,35.0,5.66,36,619.7,57988.10625
11,31.0,5.63,36,619.6,57988.106944444444
14,28.0,5.62,35,619.6,57988.10763888889
12,33.0,5.6,32,619.6,57988.10833333333
11,32.0,5.59,32,619.6,57988.10902777778
14,34.0,5.59,33,619.5,57988.10972222222
14,30.0,5.57,36,619.6,57988.11041666667
12,22.0,5.56,36,619.6,57988.11111111111
15,19.0,5.55,33,619.6,57988.111805555556
12,5.0,5.53,32,619.6,57988.1125
12,21.0,5.52,31,619.6,57988.11319444444
14,22.0,5.51,31,619.6,57988.11388888889
13,346.0,5.48,29,619.7,57988.114583333336
10,17.0,5.45,32,619.7,57988.115277777775
12,44.0,5.43,36,619.7,57988.11597222222
12,3.0,5.4,35,619.7,57988.11666666667
10,20.0,5.35,31,619.7,57988.11736111111
9,0.0,5.33,30,619.7,57988.118055555555
7,13.0,5.32,30,619.7,57988.11875
6,7.0,5.29,31,619.7,57988.11944444444
8,18.0,5.28,31,619.7,57988.12013888889
12,18.0,5.26,31,619.6,57988.120833333334
11,38.0,5.26,29,619.6,57988.12152777778
11,0.0,5.23,30,619.6,57988.12222222222
11,18.0,5.2,30,619.6,57988.12291666667
13,13.0,5.17,28,619.6,57988.123611111114
12,33.0,5.14,29,619.6,57988.12430555555
11,32.0,5.12,29,619.6,57988.125
10,33.0,5.11,30,619.6,57988.12569444445
10,31.0,5.11,31,619.7,57988.126388888886
10,0.0,5.13,33,619.7,57988.12708333333
9,22.0,5.16,31,619.7,57988.12777777778
9,22.0,5.19,33,619.7,57988.12847222222
8,45.0,5.22,31,619.7,57988.129166666666
10,24.0,5.24,32,619.7,57988.12986111111
10,23.0,5.26,32,619.7,57988.13055555556
12,17.0,5.26,29,619.7,57988.13125
11,342.0,5.26,28,619.7,57988.131944444445
12,24.0,5.26,28,619.7,57988.13263888889
10,13.0,5.24,27,619.7,57988.13333333333
10,31.0,5.23,30,619.7,57988.13402777778
11,24.0,5.22,29,619.7,57988.134722222225
10,24.0,5.2,27,619.7,57988.135416666664
11,26.0,5.19,29,619.7,57988.13611111111
13,38.0,5.18,31,619.7,57988.13680555556
13,35.0,5.15,28,619.7,57988.1375
12,30.0,5.11,26,619.7,57988.138194444444
12,21.0,5.07,26,619.7,57988.13888888889
14,27.0,5.05,29,619.7,57988.13958333333
13,9.0,5.01,27,619.7,57988.14027777778
13,22.0,4.98,28,619.7,57988.14097222222
14,25.0,4.96,28,619.7,57988.14166666667
14,27.0,4.94,29,619.7,57988.14236111111
14,37.0,4.91,27,619.7,57988.143055555556
15,26.0,4.89,26,619.7,57988.14375
14,22.0,4.87,25,619.7,57988.14444444444
14,32.0,4.86,25,619.7,57988.14513888889
14,13.0,4.84,25,619.7,57988.145833333336
15,18.0,4.81,24,619.7,57988.146527777775
14,20.0,4.78,23,619.8,57988.14722222222
13,22.0,4.75,21,619.8,57988.14791666667
14,37.0,4.72,22,619.8,57988.14861111111
13,23.0,4.69,23,619.8,57988.149305555555
15,26.0,4.65,20,619.8,57988.15
15,22.0,4.61,20,619.8,57988.15069444444
13,26.0,4.57,21,619.8,57988.15138888889
14,26.0,4.53,22,619.8,57988.152083333334
14,25.0,4.47,20,619.8,57988.15277777778
15,23.0,4.42,19,619.8,57988.15347222222
12,39.0,4.38,18,619.8,57988.15416666667
13,25.0,4.37,21,619.8,57988.154861111114
14,25.0,4.36,23,619.8,57988.15555555555
16,25.0,4.33,23,619.8,57988.15625
14,35.0,4.29,20,619.8,57988.15694444445
14,31.0,4.28,22,619.8,57988.157638888886
15,26.0,4.28,23,619.8,57988.15833333333
16,25.0,4.28,21,619.8,57988.15902777778
15,26.0,4.28,21,619.8,57988.15972222222
16,35.0,4.3,21,619.8,57988.160416666666
13,33.0,4.32,20,619.8,57988.16111111111
15,30.0,4.35,21,619.8,57988.16180555556
15,27.0,4.39,21,619.8,57988.1625
16,30.0,4.41,21,619.8,57988.163194444445
15,29.0,4.43,21,619.8,57988.16388888889
13,34.0,4.44,22,619.8,57988.16458333333
15,38.0,4.44,21,619.8,57988.16527777778
16,33.0,4.43,21,619.8,57988.165972222225
14,348.0,4.43,20,619.8,57988.166666666664
9,26.0,4.44,19,619.8,57988.16736111111
13,34.0,4.46,20,619.8,57988.16805555556
15,8.0,4.5,24,619.8,57988.16875
15,43.0,4.5,21,619.8,57988.169444444444
15,25.0,4.51,20,619.8,57988.17013888889
13,32.0,4.53,21,619.9,57988.17083333333
14,33.0,4.53,22,619.9,57988.17152777778
11,32.0,4.52,23,619.9,57988.17222222222
13,25.0,4.48,23,619.9,57988.17291666667
16,27.0,4.44,22,619.9,57988.17361111111
16,28.0,4.4,20,619.8,57988.174305555556
17,31.0,4.39,20,619.8,57988.175
16,41.0,4.37,19,619.8,57988.17569444444
13,31.0,4.37,19,619.8,57988.17638888889
16,33.0,4.36,19,619.8,57988.177083333336
16,31.0,4.34,17,619.8,57988.177777777775
15,49.0,4.33,17,619.8,57988.17847222222
15,44.0,4.33,19,619.9,57988.17916666667
10,52.0,4.31,19,619.9,57988.17986111111
11,30.0,4.3,22,619.9,57988.180555555555
16,26.0,4.25,20,619.8,57988.18125
15,32.0,4.19,18,619.8,57988.18194444444
15,31.0,4.17,19,619.8,57988.18263888889
16,35.0,4.16,20,619.8,57988.183333333334
14,34.0,4.14,21,619.8,57988.18402777778
16,30.0,4.12,23,619.8,57988.18472222222
16,10.0,4.08,21,619.8,57988.18541666667
14,32.0,4.04,19,619.8,57988.186111111114
14,32.0,4.04,20,619.9,57988.18680555555
17,32.0,4.04,20,619.8,57988.1875
14,37.0,4.04,19,619.8,57988.18819444445
13,38.0,4.04,19,619.9,57988.188888888886
14,20.0,4.03,20,619.8,57988.18958333333
13,57.0,4.01,19,619.9,57988.19027777778
10,30.0,3.99,19,619.9,57988.19097222222
15,37.0,3.98,23,619.8,57988.191666666666
17,42.0,3.93,21,619.9,57988.19236111111
15,37.0,3.87,18,619.9,57988.19305555556
14,34.0,3.85,19,619.9,57988.19375
14,37.0,3.82,16,619.9,57988.194444444445
12,39.0,3.82,18,619.9,57988.19513888889
12,40.0,3.83,21,619.9,57988.19583333333
14,32.0,3.81,19,619.9,57988.19652777778
15,37.0,3.79,18,619.9,57988.197222222225
15,39.0,3.77,18,619.9,57988.197916666664
14,37.0,3.76,21,619.9,57988.19861111111
15,37.0,3.72,23,619.9,57988.19930555556
17,42.0,3.66,20,619.9,57988.2
16,34.0,3.61,23,619.9,57988.200694444444
16,37.0,3.55,24,619.9,57988.20138888889
17,34.0,3.48,21,619.9,57988.20208333333
13,40.0,3.43,20,619.9,57988.20277777778
12,42.0,3.43,23,619.9,57988.20347222222
11,39.0,3.43,27,619.9,57988.20416666667
13,35.0,3.4,29,619.9,57988.20486111111
16,39.0,3.34,27,619.9,57988.205555555556
16,37.0,3.25,24,619.9,57988.20625
14,35.0,3.19,25,619.9,57988.20694444444
13,42.0,3.14,28,619.9,57988.20763888889
13,37.0,3.1,27,619.9,57988.208333333336
14,35.0,3.06,25,619.9,57988.209027777775
14,44.0,3.03,22,619.9,57988.20972222222
11,48.0,3.03,21,619.9,57988.21041666667
10,45.0,3.08,22,620.0,57988.21111111111
10,41.0,3.13,25,620.0,57988.211805555555
11,36.0,3.15,28,620.0,57988.2125
14,38.0,3.15,25,620.0,57988.21319444444
10,30.0,3.13,24,620.0,57988.21388888889
10,42.0,3.15,30,620.0,57988.214583333334
9,42.0,3.14,32,620.0,57988.21527777778
9,45.0,3.1,34,620.0,57988.21597222222
12,34.0,3.04,30,620.0,57988.21666666667
14,37.0,2.97,27,620.0,57988.217361111114
12,34.0,2.91,26,620.0,57988.21805555555
11,32.0,2.86,27,620.0,57988.21875
10,36.0,2.83,25,620.0,57988.21944444445
11,37.0,2.85,26,620.0,57988.220138888886
11,31.0,2.87,26,620.0,57988.22083333333
13,36.0,2.9,27,620.0,57988.22152777778
13,34.0,2.91,27,620.0,57988.22222222222
10,42.0,2.94,30,620.0,57988.222916666666
13,37.0,2.97,35,620.0,57988.22361111111
14,34.0,2.94,37,620.0,57988.22430555556
14,36.0,2.88,31,620.0,57988.225
15,41.0,2.83,30,620.0,57988.225694444445
15,46.0,2.8,28,620.0,57988.22638888889
10,49.0,2.81,32,620.0,57988.22708333333
10,47.0,2.82,36,619.9,57988.22777777778
13,34.0,2.79,37,620.0,57988.228472222225
13,54.0,2.75,37,620.0,57988.229166666664
11,38.0,2.71,40,620.0,57988.22986111111
13,36.0,2.66,41,620.0,57988.23055555556
14,36.0,2.59,41,620.0,57988.23125
17,44.0,2.53,36,620.0,57988.231944444444
18,39.0,2.47,31,620.0,57988.23263888889
15,45.0,2.46,36,620.0,57988.23333333333
15,51.0,2.49,38,620.0,57988.23402777778
16,46.0,2.49,37,620.0,57988.23472222222
16,56.0,2.51,37,620.0,57988.23541666667
14,48.0,2.54,38,620.0,57988.23611111111
11,40.0,2.56,34,620.0,57988.236805555556
11,40.0,2.6,41,620.1,57988.2375
12,30.0,2.6,40,620.1,57988.23819444444
12,42.0,2.58,39,620.1,57988.23888888889
14,41.0,2.56,39,620.0,57988.239583333336
17,39.0,2.54,38,620.0,57988.240277777775
17,37.0,2.52,36,620.0,57988.24097222222
13,61.0,2.53,37,620.0,57988.24166666667
9,68.0,2.57,39,620.1,57988.24236111111
11,40.0,2.58,40,620.0,57988.243055555555
14,42.0,2.56,40,620.0,57988.24375
16,41.0,2.51,38,620.0,57988.24444444444
15,45.0,2.47,37,620.0,57988.24513888889
17,37.0,2.44,39,620.0,57988.245833333334
17,45.0,2.4,39,620.0,57988.24652777778
16,43.0,2.38,39,620.0,57988.24722222222
18,47.0,2.36,37,620.0,57988.24791666667
14,42.0,2.36,38,620.0,57988.248611111114
16,43.0,2.37,38,620.0,57988.24930555555
17,40.0,2.4,38,620.0,57988.25
18,38.0,2.43,39,620.0,57988.25069444445
18,42.0,2.45,38,620.0,57988.251388888886
17,43.0,2.48,38,620.0,57988.25208333333
16,42.0,2.51,37,620.0,57988.25277777778
16,38.0,2.52,38,620.0,57988.25347222222
16,45.0,2.51,38,620.0,57988.254166666666
20,40.0,2.49,38,619.9,57988.25486111111
19,33.0,2.48,36,620.0,57988.25555555556
20,36.0,2.49,36,620.0,57988.25625
21,38.0,2.52,37,620.0,57988.256944444445
19,63.0,2.55,35,620.0,57988.25763888889
17,36.0,2.6,36,620.0,57988.25833333333
17,47.0,2.65,37,620.0,57988.25902777778
16,44.0,2.69,38,620.0,57988.259722222225
15,46.0,2.72,37,620.0,57988.260416666664
16,45.0,2.72,36,620.0,57988.26111111111
18,44.0,2.69,36,620.0,57988.26180555556
18,45.0,2.66,36,620.0,57988.2625
18,51.0,2.63,37,620.0,57988.263194444444
16,44.0,2.61,38,620.1,57988.26388888889
18,42.0,2.58,38,620.1,57988.26458333333
21,43.0,2.57,36,620.0,57988.26527777778
20,42.0,2.57,37,620.0,57988.26597222222
20,42.0,2.59,37,620.0,57988.26666666667
19,42.0,2.61,37,620.0,57988.26736111111
20,46.0,2.63,36,620.1,57988.268055555556
18,37.0,2.66,34,620.1,57988.26875
17,47.0,2.7,36,620.1,57988.26944444444
14,44.0,2.72,38,620.1,57988.27013888889
15,36.0,2.7,39,620.1,57988.270833333336
16,54.0,2.66,38,620.1,57988.271527777775
15,46.0,2.61,37,620.2,57988.27222222222
15,47.0,2.56,38,620.2,57988.27291666667
15,39.0,2.53,39,620.2,57988.27361111111
16,46.0,2.47,39,620.1,57988.274305555555
17,42.0,2.41,39,620.1,57988.275
18,46.0,2.36,39,620.1,57988.27569444444
18,43.0,2.33,38,620.1,57988.27638888889
18,44.0,2.32,38,620.1,57988.277083333334
17,40.0,2.32,38,620.1,57988.27777777778
17,46.0,2.33,37,620.1,57988.27847222222
18,66.0,2.36,36,620.1,57988.27916666667
17,52.0,2.39,35,620.1,57988.279861111114
17,42.0,2.46,36,620.1,57988.28055555555
18,43.0,2.52,36,620.1,57988.28125
19,48.0,2.56,35,620.1,57988.28194444445
21,59.0,2.6,33,620.1,57988.282638888886
20,40.0,2.64,32,620.2,57988.28333333333
18,43.0,2.72,33,620.2,57988.28402777778
21,38.0,2.79,33,620.2,57988.28472222222
21,52.0,2.84,32,620.2,57988.285416666666
19,45.0,2.88,34,620.2,57988.28611111111
18,40.0,2.91,34,620.2,57988.28680555556
17,45.0,2.92,34,620.2,57988.2875
17,42.0,2.91,33,620.2,57988.288194444445
18,41.0,2.9,33,620.2,57988.28888888889
19,43.0,2.87,34,620.2,57988.28958333333
19,40.0,2.83,33,620.2,57988.29027777778
18,35.0,2.78,33,620.2,57988.290972222225
19,41.0,2.75,33,620.2,57988.291666666664
19,39.0,2.73,34,620.2,57988.29236111111
20,46.0,2.73,33,620.2,57988.29305555556
19,39.0,2.73,32,620.2,57988.29375
23,39.0,2.75,33,620.2,57988.294444444444
23,48.0,2.77,30,620.2,57988.29513888889
22,49.0,2.81,28,620.2,57988.29583333333
18,44.0,2.88,30,620.2,57988.29652777778
19,33.0,2.95,33,620.2,57988.29722222222
18,39.0,2.97,34,620.2,57988.29791666667
18,44.0,2.95,32,620.3,57988.29861111111
16,42.0,2.94,34,620.3,57988.299305555556
18,40.0,2.9,34,620.3,57988.3
19,40.0,2.85,33,620.3,57988.30069444444
19,41.0,2.8,33,620.3,57988.30138888889
19,40.0,2.75,34,620.3,57988.302083333336
18,41.0,2.7,34,620.3,57988.302777777775
18,42.0,2.66,35,620.3,57988.30347222222
19,43.0,2.62,34,620.3,57988.30416666667
18,43.0,2.59,33,620.3,57988.30486111111
18,40.0,2.57,34,620.3,57988.305555555555
18,39.0,2.54,35,620.3,57988.30625
17,43.0,2.52,34,620.3,57988.30694444444
15,42.0,2.5,36,620.3,57988.30763888889
16,43.0,2.47,38,620.3,57988.308333333334
18,38.0,2.43,39,620.3,57988.30902777778
18,48.0,2.38,39,620.3,57988.30972222222
18,36.0,2.32,40,620.3,57988.31041666667
17,45.0,2.28,42,620.3,57988.311111111114
18,43.0,2.23,42,620.3,57988.31180555555
18,42.0,2.18,43,620.3,57988.3125
17,45.0,2.15,42,620.3,57988.31319444445
18,44.0,2.12,39,620.3,57988.313888888886
18,44.0,2.12,40,620.3,57988.31458333333
18,54.0,2.12,38,620.3,57988.31527777778
17,37.0,2.13,38,620.3,57988.31597222222
15,48.0,2.16,39,620.3,57988.316666666666
15,46.0,2.19,40,620.3,57988.31736111111
17,42.0,2.21,41,620.3,57988.31805555556
17,44.0,2.21,41,620.3,57988.31875
18,50.0,2.19,36,620.3,57988.319444444445
18,45.0,2.2,36,620.3,57988.32013888889
15,50.0,2.23,38,620.4,57988.32083333333
15,42.0,2.25,40,620.4,57988.32152777778
17,42.0,2.26,41,620.4,57988.322222222225
18,42.0,2.23,41,620.4,57988.322916666664
18,50.0,2.2,39,620.4,57988.32361111111
17,46.0,2.17,39,620.4,57988.32430555556
18,46.0,2.15,38,620.4,57988.325
18,47.0,2.14,37,620.4,57988.325694444444
18,37.0,2.15,39,620.4,57988.32638888889
17,41.0,2.14,39,620.4,57988.32708333333
18,40.0,2.14,42,620.5,57988.32777777778
18,42.0,2.12,43,620.4,57988.32847222222
16,44.0,2.09,41,620.4,57988.32916666667
16,41.0,2.07,43,620.4,57988.32986111111
18,46.0,2.05,43,620.4,57988.330555555556
18,45.0,2.02,43,620.4,57988.33125
19,44.0,1.99,43,620.4,57988.33194444444
18,42.0,1.96,41,620.5,57988.33263888889
18,38.0,1.94,43,620.5,57988.333333333336
16,43.0,1.92,43,620.5,57988.334027777775
17,39.0,1.9,44,620.5,57988.33472222222
16,46.0,1.88,43,620.5,57988.33541666667
17,43.0,1.87,43,620.5,57988.33611111111
18,32.0,1.85,42,620.5,57988.336805555555
19,42.0,1.84,41,620.5,57988.3375
19,47.0,1.86,42,620.4,57988.33819444444
18,44.0,1.87,42,620.5,57988.33888888889
19,40.0,1.89,43,620.5,57988.339583333334
19,47.0,1.9,39,620.5,57988.34027777778
19,40.0,1.92,40,620.5,57988.34097222222
18,38.0,1.93,38,620.5,57988.34166666667
19,42.0,1.95,38,620.5,57988.342361111114
19,39.0,1.96,37,620.5,57988.34305555555
19,38.0,1.99,38,620.5,57988.34375
19,36.0,1.99,34,620.5,57988.34444444445
18,36.0,2.01,37,620.5,57988.345138888886
18,38.0,2.02,38,620.5,57988.34583333333
19,38.0,2.02,35,620.5,57988.34652777778
19,38.0,2.02,34,620.5,57988.34722222222
18,39.0,2.04,33,620.5,57988.347916666666
17,36.0,2.08,32,620.5,57988.34861111111
17,36.0,2.13,34,620.5,57988.34930555556
18,38.0,2.16,35,620.4,57988.35
20,45.0,2.18,35,620.4,57988.350694444445
18,41.0,2.18,32,620.4,57988.35138888889
19,40.0,2.2,32,620.4,57988.35208333333
20,40.0,2.23,32,620.4,57988.35277777778
19,45.0,2.26,32,620.4,57988.353472222225
19,40.0,2.29,32,620.4,57988.354166666664
18,40.0,2.32,32,620.4,57988.35486111111
19,41.0,2.35,32,620.4,57988.35555555556
21,41.0,2.37,32,620.4,57988.35625
18,46.0,2.38,32,620.4,57988.356944444444
16,40.0,2.38,32,620.4,57988.35763888889
19,43.0,2.36,33,620.4,57988.35833333333
19,39.0,2.36,33,620.4,57988.35902777778
22,47.0,2.35,34,620.3,57988.35972222222
22,40.0,2.33,33,620.3,57988.36041666667
21,47.0,2.33,32,620.4,57988.36111111111
19,61.0,2.34,32,620.4,57988.361805555556
19,46.0,2.37,32,620.4,57988.3625
18,42.0,2.4,32,620.4,57988.36319444444
19,50.0,2.42,33,620.4,57988.36388888889
20,43.0,2.42,33,620.4,57988.364583333336
20,40.0,2.42,32,620.4,57988.365277777775
21,41.0,2.42,32,620.3,57988.36597222222
21,48.0,2.42,31,620.3,57988.36666666667
19,49.0,2.41,32,620.4,57988.36736111111
23,49.0,2.4,32,620.4,57988.368055555555
23,39.0,2.4,32,620.4,57988.36875
23,43.0,2.41,32,620.4,57988.36944444444
22,41.0,2.42,32,620.4,57988.37013888889
21,42.0,2.43,32,620.3,57988.370833333334
21,45.0,2.44,31,620.3,57988.37152777778
21,73.0,2.45,31,620.3,57988.37222222222
21,43.0,2.48,32,620.3,57988.37291666667
23,37.0,2.49,32,620.3,57988.373611111114
21,45.0,2.51,31,620.3,57988.37430555555
20,63.0,2.52,32,620.3,57988.375
20,41.0,2.54,31,620.3,57988.37569444445
20,40.0,2.56,31,620.3,57988.376388888886
19,43.0,2.57,32,620.3,57988.37708333333
19,47.0,2.57,32,620.3,57988.37777777778
19,60.0,2.57,32,620.2,57988.37847222222
18,39.0,2.56,32,620.2,57988.379166666666
19,50.0,2.55,32,620.2,57988.37986111111
19,49.0,2.56,31,620.2,57988.38055555556
18,44.0,2.57,31,620.2,57988.38125
19,56.0,2.57,31,620.2,57988.381944444445
19,50.0,2.57,31,620.2,57988.38263888889
17,54.0,2.57,32,620.2,57988.38333333333
18,64.0,2.56,32,620.2,57988.38402777778
17,35.0,2.54,32,620.2,57988.384722222225
18,41.0,2.53,32,620.2,57988.385416666664
18,54.0,2.51,32,620.2,57988.38611111111
19,51.0,2.49,32,620.2,57988.38680555556
19,39.0,2.48,32,620.2,57988.3875
17,52.0,2.5,32,620.2,57988.388194444444
19,46.0,2.5,33,620.2,57988.38888888889
20,50.0,2.48,32,620.2,57988.38958333333
16,42.0,2.48,32,620.3,57988.39027777778
15,63.0,2.48,34,620.2,57988.39097222222
15,53.0,2.48,35,620.2,57988.39166666667
16,52.0,2.45,36,620.2,57988.39236111111
18,39.0,2.42,38,620.2,57988.393055555556
20,33.0,2.37,35,620.2,57988.39375
17,49.0,2.33,34,620.2,57988.39444444444
17,51.0,2.32,35,620.1,57988.39513888889
19,52.0,2.3,36,620.2,57988.395833333336
21,52.0,2.27,35,620.1,57988.396527777775
20,54.0,2.24,36,620.1,57988.39722222222
20,45.0,2.24,38,620.1,57988.39791666667
20,51.0,2.21,38,620.1,57988.39861111111
18,57.0,2.2,39,620.1,57988.399305555555
18,55.0,2.18,40,620.1,57988.4
19,46.0,2.14,38,620.1,57988.40069444444
20,54.0,2.11,37,620.1,57988.40138888889
18,50.0,2.12,40,620.1,57988.402083333334
18,38.0,2.11,41,620.1,57988.40277777778
18,40.0,2.1,41,620.1,57988.40347222222
18,55.0,2.08,41,620.1,57988.40416666667
18,67.0,2.05,41,620.1,57988.404861111114
19,57.0,2.03,41,620.1,57988.40555555555
19,51.0,2.0,41,620.1,57988.40625
19,44.0,1.99,41,620.1,57988.40694444445
17,52.0,1.97,41,620.1,57988.407638888886
17,50.0,1.95,42,620.1,57988.40833333333
16,53.0,1.92,44,620.1,57988.40902777778
17,60.0,1.88,44,620.1,57988.40972222222
16,54.0,1.84,45,620.1,57988.410416666666
17,67.0,1.79,46,620.1,57988.41111111111
16,50.0,1.76,46,620.1,57988.41180555556
15,46.0,1.75,47,620.0,57988.4125
14,59.0,1.72,47,620.0,57988.413194444445
16,58.0,1.71,47,620.0,57988.41388888889
17,36.0,1.68,47,620.0,57988.41458333333
19,74.0,1.65,47,620.0,57988.41527777778
19,68.0,1.62,47,620.0,57988.415972222225
