wind_speed,wind_direction,temperature,relative_humidity,pressure,mjd
6,121.0,1.69,22,619.4,56875.416666666664
6,121.0,1.69,23,619.4,56875.41736111111
5,121.0,1.7,24,619.4,56875.41805555556
5,121.0,1.72,23,619.4,56875.41875
5,120.0,1.73,24,619.4,56875.419444444444
3,120.0,1.75,23,619.4,56875.42013888889
3,120.0,1.78,22,619.4,56875.42083333333
1,120.0,1.8,22,619.3,56875.42152777778
0,120.0,1.81,23,619.3,56875.42222222222
0,120.0,1.84,23,619.3,56875.42291666667
0,120.0,1.86,23,619.3,56875.42361111111
0,120.0,1.87,23,619.3,56875.424305555556
0,120.0,1.89,22,619.3,56875.425
1,119.0,1.88,19,619.3,56875.42569444444
4,118.0,1.86,16,619.3,56875.42638888889
3,118.0,1.84,15,619.3,56875.427083333336
2,118.0,1.81,16,619.3,56875.427777777775
1,118.0,1.79,16,619.3,56875.42847222222
1,118.0,1.77,17,619.3,56875.42916666667
2,118.0,1.75,17,619.3,56875.42986111111
3,118.0,1.71,16,619.3,56875.430555555555
1,118.0,1.67,15,619.3,56875.43125
0,118.0,1.65,15,619.3,56875.43194444444
0,118.0,1.63,15,619.3,56875.43263888889
0,118.0,1.63,15,619.3,56875.433333333334
0,118.0,1.64,16,619.3,56875.43402777778
0,118.0,1.64,17,619.3,56875.43472222222
0,118.0,1.63,17,619.3,56875.43541666667
0,118.0,1.63,17,619.3,56875.436111111114
0,118.0,1.63,19,619.3,56875.43680555555
0,118.0,1.63,19,619.2,56875.4375
0,118.0,1.63,18,619.2,56875.43819444445
0,113.0,1.65,18,619.2,56875.438888888886
0,118.0,1.67,18,619.2,56875.43958333333
0,71.0,1.7,19,619.2,56875.44027777778
0,117.0,1.72,18,619.2,56875.44097222222
0,118.0,1.76,18,619.2,56875.441666666666
0,118.0,1.82,18,619.2,56875.44236111111
0,118.0,1.9,17,619.2,56875.44305555556
0,118.0,1.99,18,619.2,56875.44375
0,118.0,2.06,18,619.1,56875.444444444445
0,118.0,2.13,18,619.1,56875.44513888889
0,118.0,2.21,17,619.1,56875.44583333333
0,119.0,2.27,16,619.1,56875.44652777778
0,118.0,2.3,17,619.1,56875.447222222225
0,118.0,2.27,17,619.1,56875.447916666664
0,119.0,2.21,16,619.1,56875.44861111111
0,118.0,2.13,16,619.1,56875.44930555556
0,118.0,2.07,17,619.1,56875.45
0,118.0,2.02,18,619.1,56875.450694444444
0,118.0,1.97,18,619.1,56875.45138888889
0,118.0,1.94,18,619.1,56875.45208333333
0,118.0,1.9,18,619.1,56875.45277777778
0,118.0,1.88,19,619.1,56875.45347222222
0,118.0,1.85,19,619.1,56875.45416666667
0,118.0,1.83,18,619.0,56875.45486111111
0,118.0,1.81,17,619.0,56875.455555555556
0,118.0,1.81,17,619.0,56875.45625
0,118.0,1.8,16,619.0,56875.45694444444
0,118.0,1.8,16,619.0,56875.45763888889
0,118.0,1.82,19,619.0,56875.458333333336
0,118.0,1.88,22,619.0,56875.459027777775
0,118.0,1.94,21,619.0,56875.45972222222
0,118.0,2.02,20,619.0,56875.46041666667
0,118.0,2.09,19,619.0,56875.46111111111
0,119.0,2.14,18,619.0,56875.461805555555
0,118.0,2.15,17,618.9,56875.4625
0,118.0,2.17,17,618.9,56875.46319444444
0,87.0,2.2,16,618.9,56875.46388888889
0,119.0,2.23,16,618.9,56875.464583333334
0,117.0,2.26,15,618.9,56875.46527777778
0,12.0,2.29,14,618.9,56875.46597222222
0,92.0,2.36,13,618.9,56875.46666666667
0,86.0,2.45,13,618.9,56875.467361111114
0,53.0,2.56,13,618.9,56875.46805555555
0,117.0,2.65,13,618.9,56875.46875
0,117.0,2.73,14,618.9,56875.46944444445
0,117.0,2.78,15,618.9,56875.470138888886
0,89.0,2.83,16,618.8,56875.47083333333
0,117.0,2.85,16,618.8,56875.47152777778
0,117.0,2.83,17,618.8,56875.47222222222
0,117.0,2.82,18,618.8,56875.472916666666
0,28.0,2.82,19,618.8,56875.47361111111
0,43.0,2.81,19,618.8,56875.47430555556
0,40.0,2.79,20,618.8,56875.475
0,42.0,2.78,21,618.8,56875.475694444445
0,40.0,2.76,21,618.8,56875.47638888889
0,62.0,2.73,21,618.8,56875.47708333333
0,117.0,2.7,21,618.8,56875.47777777778
0,117.0,2.68,21,618.8,56875.478472222225
0,117.0,2.66,21,618.8,56875.479166666664
0,117.0,2.63,21,618.7,56875.47986111111
0,67.0,2.63,22,618.7,56875.48055555556
0,7.0,2.63,22,618.7,56875.48125
0,87.0,2.63,22,618.7,56875.481944444444
0,27.0,2.63,22,618.7,56875.48263888889
0,21.0,2.64,22,618.7,56875.48333333333
0,21.0,2.66,22,618.6,56875.48402777778
0,21.0,2.66,22,618.6,56875.48472222222
0,21.0,2.66,22,618.6,56875.48541666667
0,21.0,2.67,22,618.6,56875.48611111111
0,21.0,2.65,22,618.6,56875.486805555556
0,21.0,2.62,22,618.6,56875.4875
0,22.0,2.59,22,618.6,56875.48819444444
0,22.0,2.54,18,618.6,56875.48888888889
0,22.0,2.45,17,618.6,56875.489583333336
0,22.0,2.32,17,618.6,56875.490277777775
0,22.0,2.19,17,618.6,56875.49097222222
0,22.0,2.07,17,618.6,56875.49166666667
0,22.0,1.96,18,618.5,56875.49236111111
0,22.0,1.92,21,618.5,56875.493055555555
0,22.0,1.94,20,618.5,56875.49375
0,22.0,2.0,17,618.5,56875.49444444444
0,22.0,2.11,17,618.5,56875.49513888889
0,23.0,2.22,15,618.5,56875.495833333334
0,25.0,2.32,14,618.5,56875.49652777778
0,41.0,2.44,13,618.5,56875.49722222222
0,37.0,2.57,13,618.5,56875.49791666667
0,39.0,2.68,13,618.5,56875.498611111114
0,34.0,2.77,12,618.5,56875.49930555555
0,42.0,2.86,12,618.5,56875.5
0,42.0,2.95,12,618.5,56875.50069444445
0,42.0,3.04,12,618.5,56875.501388888886
0,42.0,3.11,13,618.5,56875.50208333333
0,42.0,3.17,14,618.5,56875.50277777778
0,42.0,3.22,14,618.5,56875.50347222222
0,42.0,3.24,17,618.5,56875.504166666666
0,42.0,3.23,18,618.5,56875.50486111111
0,42.0,3.19,15,618.5,56875.50555555556
0,42.0,3.18,14,618.5,56875.50625
0,42.0,3.18,14,618.5,56875.506944444445
0,42.0,3.18,14,618.5,56875.50763888889
0,42.0,3.18,13,618.4,56875.50833333333
0,42.0,3.2,13,618.4,56875.50902777778
0,42.0,3.21,13,618.4,56875.509722222225
0,42.0,3.22,13,618.4,56875.510416666664
0,42.0,3.22,13,618.4,56875.51111111111
0,42.0,3.21,13,618.4,56875.51180555556
0,42.0,3.19,12,618.4,56875.5125
0,42.0,3.18,12,618.4,56875.513194444444
0,42.0,3.19,13,618.4,56875.51388888889
0,42.0,3.22,13,618.4,56875.51458333333
0,42.0,3.25,14,618.4,56875.51527777778
0,42.0,3.28,13,618.4,56875.51597222222
0,42.0,3.28,13,618.4,56875.51666666667
0,42.0,3.28,13,618.4,56875.51736111111
0,42.0,3.28,13,618.4,56875.518055555556
0,42.0,3.28,12,618.3,56875.51875
0,42.0,3.3,12,618.3,56875.51944444444
0,42.0,3.32,13,618.3,56875.52013888889
0,42.0,3.33,12,618.3,56875.520833333336
0,42.0,3.35,12,618.3,56875.521527777775
0,42.0,3.38,13,618.3,56875.52222222222
0,42.0,3.39,13,618.3,56875.52291666667
0,42.0,3.39,13,618.3,56875.52361111111
0,42.0,3.37,13,618.3,56875.524305555555
0,42.0,3.37,12,618.3,56875.525
0,42.0,3.36,12,618.3,56875.52569444444
0,63.0,3.34,12,618.3,56875.52638888889
0,63.0,3.34,12,618.3,56875.527083333334
0,63.0,3.31,12,618.3,56875.52777777778
0,63.0,3.28,12,618.3,56875.52847222222
0,63.0,3.28,12,618.3,56875.52916666667
0,63.0,3.28,12,618.3,56875.529861111114
0,53.0,3.3,12,618.3,56875.53055555555
0,63.0,3.31,12,618.3,56875.53125
0,63.0,3.31,12,618.3,56875.53194444445
0,63.0,3.31,12,618.3,56875.532638888886
0,59.0,3.28,13,618.3,56875.53333333333
0,50.0,3.25,13,618.3,56875.53402777778
0,49.0,3.25,13,618.3,56875.53472222222
0,49.0,3.26,13,618.3,56875.535416666666
0,49.0,3.28,13,618.3,56875.53611111111
0,49.0,3.29,13,618.2,56875.53680555556
0,49.0,3.3,14,618.2,56875.5375
0,49.0,3.28,14,618.2,56875.538194444445
0,49.0,3.27,14,618.2,56875.53888888889
0,49.0,3.26,14,618.2,56875.53958333333
0,49.0,3.25,14,618.2,56875.54027777778
0,49.0,3.25,14,618.2,56875.540972222225
0,331.0,3.24,14,618.2,56875.541666666664
0,331.0,3.23,15,618.2,56875.54236111111
0,331.0,3.18,16,618.2,56875.54305555556
0,330.0,3.12,16,618.2,56875.54375
0,330.0,3.06,18,618.2,56875.544444444444
0,330.0,3.0,20,618.2,56875.54513888889
0,330.0,2.94,20,618.2,56875.54583333333
0,330.0,2.88,19,618.2,56875.54652777778
0,330.0,2.84,18,618.2,56875.54722222222
0,330.0,2.82,18,618.2,56875.54791666667
0,330.0,2.81,18,618.2,56875.54861111111
0,330.0,2.8,17,618.2,56875.549305555556
0,330.0,2.81,17,618.2,56875.55
0,330.0,2.82,17,618.2,56875.55069444444
0,330.0,2.82,17,618.2,56875.55138888889
0,330.0,2.84,17,618.2,56875.552083333336
0,330.0,2.85,17,618.2,56875.552777777775
0,330.0,2.87,16,618.2,56875.55347222222
0,330.0,2.88,16,618.2,56875.55416666667
0,329.0,2.91,15,618.2,56875.55486111111
0,329.0,2.94,15,618.2,56875.555555555555
0,329.0,2.96,15,618.2,56875.55625
0,329.0,2.99,14,618.2,56875.55694444444
0,329.0,3.02,14,618.2,56875.55763888889
0,329.0,3.06,15,618.2,56875.558333333334
0,329.0,3.1,14,618.2,56875.55902777778
0,329.0,3.13,14,618.2,56875.55972222222
0,329.0,3.16,14,618.2,56875.56041666667
0,329.0,3.18,14,618.3,56875.561111111114
0,329.0,3.21,14,618.3,56875.56180555555
0,329.0,3.22,14,618.3,56875.5625
0,329.0,3.24,14,618.3,56875.56319444445
0,329.0,3.24,14,618.2,56875.563888888886
0,329.0,3.24,14,618.3,56875.56458333333
0,329.0,3.24,14,618.3,56875.56527777778
0,329.0,3.25,14,618.3,56875.56597222222
0,329.0,3.24,14,618.3,56875.566666666666
0,329.0,3.25,14,618.3,56875.56736111111
0,329.0,3.24,14,618.3,56875.56805555556
0,329.0,3.24,14,618.3,56875.56875
0,329.0,3.25,14,618.3,56875.569444444445
0,329.0,3.25,14,618.3,56875.57013888889
0,329.0,3.24,14,618.3,56875.57083333333
0,329.0,3.24,14,618.3,56875.57152777778
0,329.0,3.24,13,618.3,56875.572222222225
0,329.0,3.24,13,618.3,56875.572916666664
0,329.0,3.24,13,618.3,56875.57361111111
0,329.0,3.24,13,618.3,56875.57430555556
0,329.0,3.25,13,618.3,56875.575
0,329.0,3.25,13,618.3,56875.575694444444
0,329.0,3.27,13,618.3,56875.57638888889
0,329.0,3.28,13,618.3,56875.57708333333
0,329.0,3.3,13,618.3,56875.57777777778
0,329.0,3.31,13,618.3,56875.57847222222
0,329.0,3.31,13,618.3,56875.57916666667
0,329.0,3.31,13,618.3,56875.57986111111
0,329.0,3.31,13,618.3,56875.580555555556
0,329.0,3.33,13,618.3,56875.58125
0,329.0,3.34,13,618.3,56875.58194444444
0,329.0,3.34,13,618.3,56875.58263888889
0,329.0,3.34,13,618.3,56875.583333333336
0,329.0,3.34,13,618.3,56875.584027777775
0,329.0,3.34,13,618.3,56875.58472222222
0,329.0,3.34,13,618.3,56875.58541666667
0,329.0,3.34,13,618.3,56875.58611111111
0,329.0,3.32,13,618.4,56875.586805555555
0,329.0,3.31,13,618.4,56875.5875
0,329.0,3.28,13,618.4,56875.58819444444
0,329.0,3.27,14,618.4,56875.58888888889
0,329.0,3.24,13,618.4,56875.589583333334
0,329.0,3.23,13,618.4,56875.59027777778
0,329.0,3.22,13,618.4,56875.59097222222
0,329.0,3.22,13,618.4,56875.59166666667
0,329.0,3.23,12,618.4,56875.592361111114
0,329.0,3.24,12,618.4,56875.59305555555
0,329.0,3.26,12,618.4,56875.59375
0,329.0,3.27,12,618.4,56875.59444444445
0,41.0,3.26,12,618.4,56875.595138888886
0,41.0,3.28,11,618.4,56875.59583333333
0,41.0,3.31,11,618.4,56875.59652777778
0,41.0,3.36,11,618.4,56875.59722222222
0,39.0,3.43,11,618.4,56875.597916666666
0,38.0,3.49,11,618.4,56875.59861111111
0,38.0,3.55,11,618.4,56875.59930555556
0,351.0,3.61,11,618.4,56875.6
0,351.0,3.66,11,618.4,56875.600694444445
0,351.0,3.7,11,618.4,56875.60138888889
0,351.0,3.73,11,618.4,56875.60208333333
0,351.0,3.75,11,618.4,56875.60277777778
0,351.0,3.76,11,618.4,56875.603472222225
0,351.0,3.76,11,618.4,56875.604166666664
0,351.0,3.76,11,618.4,56875.60486111111
0,351.0,3.76,11,618.4,56875.60555555556
0,351.0,3.75,11,618.4,56875.60625
0,351.0,3.74,11,618.4,56875.606944444444
0,351.0,3.72,11,618.4,56875.60763888889
0,0.0,3.69,11,618.4,56875.60833333333
0,7.0,3.66,11,618.4,56875.60902777778
0,7.0,3.62,11,618.4,56875.60972222222
0,6.0,3.58,11,618.4,56875.61041666667
0,67.0,3.54,11,618.4,56875.61111111111
0,67.0,3.51,11,618.4,56875.611805555556
0,67.0,3.48,11,618.4,56875.6125
0,67.0,3.45,11,618.4,56875.61319444444
0,67.0,3.41,12,618.4,56875.61388888889
0,67.0,3.37,12,618.4,56875.614583333336
0,67.0,3.33,12,618.4,56875.615277777775
0,67.0,3.3,12,618.4,56875.61597222222
0,24.0,3.28,12,618.4,56875.61666666667
0,30.0,3.29,11,618.4,56875.61736111111
0,20.0,3.3,11,618.4,56875.618055555555
0,6.0,3.32,11,618.4,56875.61875
0,6.0,3.35,11,618.4,56875.61944444444
0,6.0,3.38,11,618.4,56875.62013888889
0,6.0,3.41,11,618.4,56875.620833333334
0,5.0,3.44,11,618.4,56875.62152777778
0,5.0,3.47,11,618.4,56875.62222222222
0,4.0,3.49,11,618.4,56875.62291666667
0,0.0,3.5,11,618.4,56875.623611111114
0,62.0,3.5,11,618.4,56875.62430555555
0,42.0,3.49,11,618.4,56875.625
0,42.0,3.46,11,618.3,56875.62569444445
0,42.0,3.43,11,618.3,56875.626388888886
0,42.0,3.4,11,618.3,56875.62708333333
0,42.0,3.37,11,618.3,56875.62777777778
0,30.0,3.34,11,618.3,56875.62847222222
0,22.0,3.31,11,618.3,56875.629166666666
0,28.0,3.28,11,618.3,56875.62986111111
0,33.0,3.25,11,618.3,56875.63055555556
0,34.0,3.23,11,618.3,56875.63125
0,34.0,3.21,11,618.4,56875.631944444445
0,34.0,3.21,11,618.4,56875.63263888889
0,34.0,3.21,11,618.4,56875.63333333333
0,41.0,3.21,11,618.4,56875.63402777778
0,41.0,3.24,11,618.4,56875.634722222225
0,41.0,3.25,11,618.4,56875.635416666664
0,43.0,3.27,11,618.4,56875.63611111111
0,37.0,3.27,11,618.4,56875.63680555556
0,43.0,3.29,11,618.4,56875.6375
0,47.0,3.3,11,618.4,56875.638194444444
0,51.0,3.31,11,618.4,56875.63888888889
0,51.0,3.33,11,618.4,56875.63958333333
0,32.0,3.34,11,618.4,56875.64027777778
0,31.0,3.37,11,618.4,56875.64097222222
0,17.0,3.39,11,618.4,56875.64166666667
0,14.0,3.42,11,618.4,56875.64236111111
0,345.0,3.44,11,618.4,56875.643055555556
0,345.0,3.46,11,618.4,56875.64375
0,347.0,3.46,11,618.4,56875.64444444444
0,354.0,3.48,11,618.4,56875.64513888889
0,306.0,3.49,11,618.4,56875.645833333336
0,309.0,3.49,11,618.4,56875.646527777775
0,292.0,3.49,11,618.4,56875.64722222222
0,299.0,3.49,11,618.4,56875.64791666667
0,303.0,3.48,11,618.4,56875.64861111111
0,253.0,3.48,11,618.4,56875.649305555555
0,254.0,3.48,11,618.4,56875.65
0,254.0,3.47,11,618.4,56875.65069444444
0,268.0,3.47,11,618.4,56875.65138888889
0,271.0,3.46,11,618.4,56875.652083333334
0,243.0,3.46,11,618.5,56875.65277777778
0,247.0,3.46,11,618.5,56875.65347222222
0,133.0,3.46,11,618.4,56875.65416666667
0,213.0,3.46,11,618.4,56875.654861111114
0,216.0,3.46,11,618.4,56875.65555555555
0,215.0,3.46,11,618.4,56875.65625
0,216.0,3.46,11,618.4,56875.65694444445
0,218.0,3.45,11,618.4,56875.657638888886
0,219.0,3.44,11,618.4,56875.65833333333
0,218.0,3.43,11,618.4,56875.65902777778
0,221.0,3.42,11,618.4,56875.65972222222
0,218.0,3.4,11,618.4,56875.660416666666
0,216.0,3.39,11,618.4,56875.66111111111
0,223.0,3.37,11,618.4,56875.66180555556
0,225.0,3.36,11,618.4,56875.6625
0,219.0,3.34,11,618.4,56875.663194444445
0,201.0,3.34,11,618.4,56875.66388888889
0,179.0,3.32,11,618.4,56875.66458333333
1,96.0,3.3,12,618.4,56875.66527777778
1,86.0,3.28,12,618.4,56875.665972222225
0,69.0,3.24,12,618.4,56875.666666666664
1,62.0,3.2,12,618.4,56875.66736111111
1,59.0,3.17,12,618.5,56875.66805555556
0,53.0,3.13,12,618.5,56875.66875
0,61.0,3.1,12,618.5,56875.669444444444
0,49.0,3.08,12,618.5,56875.67013888889
0,75.0,3.06,12,618.5,56875.67083333333
0,65.0,3.04,12,618.5,56875.67152777778
0,65.0,3.01,12,618.5,56875.67222222222
0,64.0,2.99,12,618.5,56875.67291666667
0,76.0,2.97,13,618.5,56875.67361111111
0,76.0,2.95,13,618.5,56875.674305555556
0,74.0,2.92,13,618.5,56875.675
0,79.0,2.87,13,618.5,56875.67569444444
0,76.0,2.82,13,618.5,56875.67638888889
0,77.0,2.78,13,618.5,56875.677083333336
7,77.0,2.75,13,618.5,56875.677777777775
9,81.0,2.73,13,618.5,56875.67847222222
10,78.0,2.73,13,618.5,56875.67916666667
9,79.0,2.75,14,618.5,56875.67986111111
9,78.0,2.77,14,618.5,56875.680555555555
9,77.0,2.79,14,618.5,56875.68125
9,79.0,2.82,14,618.5,56875.68194444444
10,77.0,2.85,14,618.5,56875.68263888889
10,78.0,2.89,14,618.5,56875.683333333334
10,79.0,2.93,13,618.5,56875.68402777778
10,80.0,2.97,13,618.6,56875.68472222222
10,75.0,3.01,13,618.6,56875.68541666667
10,78.0,3.06,13,618.6,56875.686111111114
9,81.0,3.1,13,618.6,56875.68680555555
10,80.0,3.14,13,618.6,56875.6875
10,81.0,3.19,13,618.6,56875.68819444445
11,86.0,3.23,13,618.6,56875.688888888886
11,85.0,3.27,13,618.6,56875.68958333333
11,83.0,3.32,13,618.6,56875.69027777778
10,83.0,3.37,13,618.6,56875.69097222222
11,83.0,3.42,13,618.6,56875.691666666666
10,84.0,3.45,13,618.6,56875.69236111111
11,84.0,3.5,13,618.6,56875.69305555556
11,85.0,3.53,13,618.6,56875.69375
11,84.0,3.58,13,618.6,56875.694444444445
11,86.0,3.62,13,618.6,56875.69513888889
11,84.0,3.68,13,618.7,56875.69583333333
11,84.0,3.73,13,618.7,56875.69652777778
11,84.0,3.78,13,618.7,56875.697222222225
11,84.0,3.82,13,618.7,56875.697916666664
11,84.0,3.87,13,618.7,56875.69861111111
12,85.0,3.93,13,618.7,56875.69930555556
11,85.0,3.99,13,618.7,56875.7
10,82.0,4.04,13,618.7,56875.700694444444
10,81.0,4.11,13,618.7,56875.70138888889
9,84.0,4.16,13,618.7,56875.70208333333
9,84.0,4.2,13,618.7,56875.70277777778
9,82.0,4.24,13,618.7,56875.70347222222
9,82.0,4.27,13,618.7,56875.70416666667
10,83.0,4.32,13,618.7,56875.70486111111
10,84.0,4.35,12,618.8,56875.705555555556
10,84.0,4.36,12,618.7,56875.70625
9,86.0,4.37,12,618.7,56875.70694444444
10,83.0,4.37,12,618.7,56875.70763888889
10,83.0,4.39,13,618.7,56875.708333333336
10,81.0,4.42,13,618.7,56875.709027777775
9,84.0,4.47,13,618.7,56875.70972222222
8,84.0,4.5,12,618.7,56875.71041666667
8,78.0,4.53,12,618.7,56875.71111111111
8,83.0,4.54,13,618.7,56875.711805555555
7,81.0,4.56,12,618.7,56875.7125
8,81.0,4.59,13,618.7,56875.71319444444
8,80.0,4.63,12,618.8,56875.71388888889
7,75.0,4.67,13,618.8,56875.714583333334
7,77.0,4.72,13,618.8,56875.71527777778
7,73.0,4.77,13,618.8,56875.71597222222
6,73.0,4.81,13,618.8,56875.71666666667
7,64.0,4.85,13,618.8,56875.717361111114
6,77.0,4.87,12,618.8,56875.71805555555
6,75.0,4.88,13,618.8,56875.71875
5,73.0,4.86,12,618.8,56875.71944444445
5,64.0,4.83,12,618.8,56875.720138888886
5,69.0,4.79,12,618.8,56875.72083333333
4,65.0,4.74,12,618.8,56875.72152777778
3,68.0,4.69,12,618.8,56875.72222222222
2,274.0,4.63,12,618.8,56875.722916666666
0,201.0,4.57,12,618.8,56875.72361111111
0,223.0,4.51,12,618.9,56875.72430555556
0,247.0,4.45,12,618.9,56875.725
0,202.0,4.39,12,618.9,56875.725694444445
0,217.0,4.34,12,618.9,56875.72638888889
0,218.0,4.28,12,618.9,56875.72708333333
0,220.0,4.23,12,618.9,56875.72777777778
0,246.0,4.17,12,618.9,56875.728472222225
0,248.0,4.11,12,618.9,56875.729166666664
0,246.0,4.05,12,618.9,56875.72986111111
0,241.0,4.0,12,618.9,56875.73055555556
0,227.0,3.98,13,618.9,56875.73125
0,233.0,3.97,13,618.9,56875.731944444444
0,237.0,3.95,13,618.9,56875.73263888889
0,315.0,3.94,12,618.9,56875.73333333333
0,304.0,3.92,12,618.9,56875.73402777778
0,307.0,3.91,12,618.9,56875.73472222222
0,318.0,3.89,12,618.9,56875.73541666667
0,240.0,3.87,12,618.9,56875.73611111111
0,308.0,3.85,12,618.9,56875.736805555556
0,259.0,3.84,13,618.9,56875.7375
0,301.0,3.83,13,618.9,56875.73819444444
0,322.0,3.82,13,618.9,56875.73888888889
0,341.0,3.81,13,618.9,56875.739583333336
0,278.0,3.8,13,618.9,56875.740277777775
0,288.0,3.8,13,618.9,56875.74097222222
0,259.0,3.82,13,619.0,56875.74166666667
0,318.0,3.82,13,619.0,56875.74236111111
0,307.0,3.83,13,618.9,56875.743055555555
0,338.0,3.82,13,618.9,56875.74375
0,318.0,3.82,13,618.9,56875.74444444444
0,327.0,3.82,13,618.9,56875.74513888889
0,296.0,3.82,13,619.0,56875.745833333334
0,338.0,3.82,12,619.0,56875.74652777778
0,292.0,3.82,12,619.0,56875.74722222222
0,333.0,3.83,13,619.0,56875.74791666667
0,279.0,3.83,13,619.0,56875.748611111114
0,288.0,3.85,12,619.0,56875.74930555555
0,322.0,3.86,12,619.0,56875.75
0,243.0,3.87,13,619.0,56875.75069444445
1,330.0,3.89,12,619.0,56875.751388888886
1,260.0,3.89,12,619.0,56875.75208333333
0,322.0,3.91,12,619.0,56875.75277777778
0,75.0,3.92,12,619.0,56875.75347222222
0,250.0,3.94,13,619.0,56875.754166666666
0,286.0,3.96,12,619.0,56875.75486111111
0,212.0,3.98,12,619.0,56875.75555555556
1,351.0,4.02,12,619.0,56875.75625
0,301.0,4.04,12,619.0,56875.756944444445
1,254.0,4.08,12,619.0,56875.75763888889
0,240.0,4.1,12,619.0,56875.75833333333
2,213.0,4.13,12,619.0,56875.75902777778
2,252.0,4.15,12,619.0,56875.759722222225
1,327.0,4.16,12,619.0,56875.760416666664
0,144.0,4.19,12,619.1,56875.76111111111
0,163.0,4.23,12,619.1,56875.76180555556
0,179.0,4.28,12,619.1,56875.7625
1,215.0,4.34,12,619.1,56875.763194444444
1,151.0,4.4,12,619.1,56875.76388888889
1,136.0,4.45,12,619.1,56875.76458333333
0,165.0,4.49,12,619.1,56875.76527777778
0,182.0,4.53,12,619.1,56875.76597222222
1,175.0,4.56,12,619.1,56875.76666666667
2,204.0,4.61,13,619.1,56875.76736111111
2,203.0,4.67,13,619.1,56875.768055555556
2,314.0,4.73,13,619.1,56875.76875
2,215.0,4.78,13,619.1,56875.76944444444
0,154.0,4.81,13,619.1,56875.77013888889
2,230.0,4.83,13,619.1,56875.770833333336
2,217.0,4.85,13,619.1,56875.771527777775
2,9.0,4.86,13,619.1,56875.77222222222
0,127.0,4.86,13,619.2,56875.77291666667
1,157.0,4.87,12,619.2,56875.77361111111
1,157.0,4.9,13,619.2,56875.774305555555
1,209.0,4.93,13,619.2,56875.775
3,75.0,4.95,12,619.2,56875.77569444444
2,0.0,4.96,12,619.2,56875.77638888889
1,73.0,4.96,12,619.2,56875.777083333334
2,138.0,4.95,12,619.2,56875.77777777778
0,141.0,4.94,12,619.2,56875.77847222222
2,251.0,4.95,12,619.2,56875.77916666667
0,211.0,4.96,12,619.2,56875.779861111114
0,194.0,4.98,12,619.2,56875.78055555555
3,58.0,5.03,13,619.2,56875.78125
4,311.0,5.11,13,619.2,56875.78194444445
5,78.0,5.19,13,619.2,56875.782638888886
9,74.0,5.29,13,619.2,56875.78333333333
9,70.0,5.46,14,619.2,56875.78402777778
8,74.0,5.65,14,619.2,56875.78472222222
7,55.0,5.8,14,619.3,56875.785416666666
9,91.0,5.91,15,619.3,56875.78611111111
9,87.0,6.06,16,619.3,56875.78680555556
7,93.0,6.17,16,619.3,56875.7875
6,76.0,6.26,17,619.3,56875.788194444445
7,86.0,6.33,17,619.3,56875.78888888889
6,133.0,6.42,16,619.3,56875.78958333333
2,77.0,6.48,14,619.3,56875.79027777778
0,41.0,6.46,14,619.3,56875.790972222225
0,112.0,6.41,14,619.3,56875.791666666664
0,101.0,6.36,14,619.3,56875.79236111111
7,84.0,6.34,15,619.3,56875.79305555556
7,42.0,6.39,14,619.3,56875.79375
8,66.0,6.45,13,619.3,56875.794444444444
8,76.0,6.5,14,619.3,56875.79513888889
4,251.0,6.53,13,619.3,56875.79583333333
4,75.0,6.52,13,619.3,56875.79652777778
3,34.0,6.47,13,619.3,56875.79722222222
0,274.0,6.4,13,619.3,56875.79791666667
1,257.0,6.32,13,619.3,56875.79861111111
0,134.0,6.23,13,619.3,56875.799305555556
0,137.0,6.13,13,619.3,56875.8
1,128.0,6.05,13,619.3,56875.80069444444
0,196.0,6.0,12,619.3,56875.80138888889
2,79.0,5.95,12,619.3,56875.802083333336
2,129.0,5.93,12,619.3,56875.802777777775
1,134.0,5.92,12,619.3,56875.80347222222
0,354.0,5.93,12,619.4,56875.80416666667
0,216.0,5.93,12,619.4,56875.80486111111
0,220.0,5.93,12,619.4,56875.805555555555
2,129.0,5.94,12,619.4,56875.80625
2,18.0,5.96,12,619.4,56875.80694444444
0,267.0,5.97,12,619.4,56875.80763888889
0,68.0,5.97,12,619.4,56875.808333333334
0,205.0,5.96,12,619.4,56875.80902777778
0,156.0,5.95,12,619.4,56875.80972222222
1,161.0,5.94,12,619.3,56875.81041666667
1,46.0,5.97,12,619.3,56875.811111111114
0,303.0,6.01,12,619.3,56875.81180555555
0,69.0,6.04,12,619.3,56875.8125
0,96.0,6.08,12,619.4,56875.81319444445
0,314.0,6.09,12,619.4,56875.813888888886
0,132.0,6.08,11,619.3,56875.81458333333
0,133.0,6.09,11,619.3,56875.81527777778
0,204.0,6.11,11,619.3,56875.81597222222
2,323.0,6.13,12,619.3,56875.816666666666
3,324.0,6.17,12,619.3,56875.81736111111
1,330.0,6.18,12,619.3,56875.81805555556
0,290.0,6.17,13,619.3,56875.81875
1,79.0,6.14,13,619.3,56875.819444444445
1,26.0,6.16,14,619.3,56875.82013888889
1,84.0,6.21,13,619.3,56875.82083333333
0,304.0,6.25,12,619.3,56875.82152777778
0,338.0,6.28,12,619.3,56875.822222222225
0,280.0,6.33,12,619.4,56875.822916666664
0,46.0,6.35,12,619.3,56875.82361111111
1,312.0,6.35,12,619.3,56875.82430555556
0,332.0,6.35,12,619.3,56875.825
1,27.0,6.35,12,619.3,56875.825694444444
1,0.0,6.35,12,619.3,56875.82638888889
1,103.0,6.36,12,619.3,56875.82708333333
0,341.0,6.36,13,619.3,56875.82777777778
0,237.0,6.36,12,619.3,56875.82847222222
2,65.0,6.38,13,619.3,56875.82916666667
7,72.0,6.47,13,619.3,56875.82986111111
5,0.0,6.6,12,619.3,56875.830555555556
1,229.0,6.72,12,619.3,56875.83125
3,116.0,6.83,13,619.3,56875.83194444444
6,124.0,6.95,12,619.3,56875.83263888889
5,147.0,7.06,12,619.3,56875.833333333336
2,332.0,7.12,12,619.3,56875.834027777775
2,269.0,7.16,12,619.3,56875.83472222222
0,165.0,7.19,12,619.3,56875.83541666667
0,164.0,7.21,12,619.3,56875.83611111111
3,84.0,7.25,12,619.3,56875.836805555555
4,77.0,7.29,12,619.3,56875.8375
5,101.0,7.34,12,619.3,56875.83819444444
2,286.0,7.37,12,619.3,56875.83888888889
2,12.0,7.38,13,619.3,56875.839583333334
1,0.0,7.37,13,619.3,56875.84027777778
0,85.0,7.32,13,619.3,56875.84097222222
12,74.0,7.32,13,619.3,56875.84166666667
10,75.0,7.46,14,619.3,56875.842361111114
5,136.0,7.65,13,619.2,56875.84305555555
3,219.0,7.83,13,619.3,56875.84375
1,337.0,7.93,12,619.2,56875.84444444445
1,134.0,7.94,12,619.3,56875.845138888886
1,195.0,7.88,12,619.3,56875.84583333333
2,140.0,7.81,12,619.3,56875.84652777778
4,245.0,7.76,12,619.2,56875.84722222222
5,202.0,7.77,13,619.2,56875.847916666666
5,277.0,7.82,13,619.2,56875.84861111111
4,103.0,7.85,12,619.2,56875.84930555556
12,95.0,8.46,12,619.3,56875.861805555556
15,134.0,8.71,13,619.3,56875.8625
11,74.0,9.01,12,619.3,56875.86319444444
7,80.0,9.24,11,619.3,56875.86388888889
10,99.0,9.33,12,619.2,56875.864583333336
11,102.0,9.39,13,619.2,56875.865277777775
10,90.0,9.46,12,619.3,56875.86597222222
11,97.0,9.54,13,619.2,56875.86666666667
12,90.0,9.62,13,619.3,56875.86736111111
12,91.0,9.65,12,619.2,56875.868055555555
13,87.0,9.65,12,619.2,56875.86875
13,71.0,9.65,12,619.2,56875.86944444444
12,90.0,9.65,12,619.2,56875.87013888889
12,87.0,9.64,12,619.2,56875.870833333334
14,82.0,9.62,12,619.2,56875.87152777778
10,80.0,9.56,12,619.2,56875.87222222222
12,91.0,9.51,13,619.2,56875.87291666667
11,77.0,9.55,13,619.2,56875.873611111114
11,103.0,9.6,13,619.2,56875.87430555555
13,93.0,9.67,14,619.2,56875.875
10,90.0,9.73,14,619.3,56875.87569444445
14,102.0,9.77,15,619.2,56875.876388888886
13,80.0,9.86,14,619.3,56875.87708333333
13,105.0,9.97,14,619.2,56875.87777777778
17,92.0,10.06,15,619.2,56875.87847222222
15,98.0,10.14,15,619.2,56875.879166666666
13,98.0,10.17,15,619.2,56875.87986111111
13,85.0,10.09,14,619.2,56875.88055555556
9,86.0,9.99,13,619.3,56875.88125
10,80.0,9.89,15,619.3,56875.881944444445
10,97.0,9.8,15,619.3,56875.88263888889
10,110.0,9.72,15,619.2,56875.88333333333
13,68.0,9.63,14,619.2,56875.88402777778
12,134.0,9.61,14,619.2,56875.884722222225
7,235.0,9.67,13,619.2,56875.885416666664
4,85.0,9.72,12,619.2,56875.88611111111
3,82.0,9.69,11,619.2,56875.88680555556
10,88.0,9.6,12,619.2,56875.8875
13,99.0,9.55,13,619.2,56875.888194444444
16,91.0,9.61,15,619.2,56875.88888888889
15,59.0,9.76,14,619.3,56875.88958333333
13,56.0,9.92,12,619.3,56875.89027777778
9,95.0,10.01,11,619.3,56875.89097222222
7,70.0,9.99,11,619.2,56875.89166666667
11,92.0,9.91,12,619.2,56875.89236111111
10,97.0,9.9,11,619.3,56875.893055555556
10,88.0,9.9,12,619.3,56875.89375
11,72.0,9.94,12,619.2,56875.89444444444
11,114.0,9.99,12,619.3,56875.89513888889
12,98.0,10.06,12,619.2,56875.895833333336
17,85.0,10.16,12,619.2,56875.896527777775
17,76.0,10.26,11,619.2,56875.89722222222
14,89.0,10.29,11,619.2,56875.89791666667
14,100.0,10.3,11,619.2,56875.89861111111
11,108.0,10.26,11,619.2,56875.899305555555
15,88.0,10.18,11,619.2,56875.9
12,118.0,10.07,11,619.2,56875.90069444444
8,68.0,9.97,12,619.2,56875.90138888889
10,90.0,9.97,12,619.2,56875.902083333334
12,83.0,10.02,12,619.2,56875.90277777778
12,29.0,10.12,12,619.2,56875.90347222222
14,95.0,10.25,12,619.2,56875.90416666667
15,101.0,10.43,12,619.2,56875.904861111114
14,64.0,10.54,11,619.2,56875.90555555555
14,74.0,10.59,12,619.2,56875.90625
17,65.0,10.6,12,619.2,56875.90694444445
14,84.0,10.6,12,619.2,56875.907638888886
10,99.0,10.53,12,619.2,56875.90833333333
12,69.0,10.38,12,619.2,56875.90902777778
11,98.0,10.28,12,619.3,56875.90972222222
10,57.0,10.23,12,619.2,56875.910416666666
14,82.0,10.26,13,619.2,56875.91111111111
14,82.0,10.39,13,619.2,56875.91180555556
13,194.0,10.51,12,619.2,56875.9125
9,91.0,10.59,11,619.2,56875.913194444445
13,90.0,10.62,12,619.2,56875.91388888889
14,104.0,10.67,14,619.1,56875.91458333333
17,87.0,10.76,13,619.1,56875.91527777778
16,126.0,10.81,13,619.1,56875.915972222225
14,97.0,10.78,14,619.1,56875.916666666664
17,97.0,10.68,13,619.1,56875.91736111111
17,111.0,10.54,13,619.1,56875.91805555556
13,119.0,10.41,12,619.1,56875.91875
11,92.0,10.3,13,619.1,56875.919444444444
13,79.0,10.2,12,619.1,56875.92013888889
13,87.0,10.12,11,619.1,56875.92083333333
12,70.0,10.04,10,619.1,56875.92152777778
12,78.0,9.92,11,619.1,56875.92222222222
18,101.0,9.96,12,619.0,56875.92291666667
15,84.0,10.08,11,619.0,56875.92361111111
17,82.0,10.19,11,619.0,56875.924305555556
20,89.0,10.33,11,619.0,56875.925
16,101.0,10.44,11,619.0,56875.92569444444
18,88.0,10.5,11,619.0,56875.92638888889
15,74.0,10.52,10,619.0,56875.927083333336
12,84.0,10.49,10,619.0,56875.927777777775
17,85.0,10.44,11,619.0,56875.92847222222
17,63.0,10.42,10,619.0,56875.92916666667
14,79.0,10.37,10,619.0,56875.92986111111
10,95.0,10.28,10,619.0,56875.930555555555
16,90.0,10.22,10,619.0,56875.93125
17,88.0,10.21,10,619.0,56875.93194444444
15,105.0,10.2,10,619.0,56875.93263888889
15,102.0,10.2,10,619.0,56875.933333333334
17,92.0,10.26,10,619.0,56875.93402777778
15,85.0,10.29,10,619.0,56875.93472222222
12,67.0,10.22,10,619.0,56875.93541666667
17,86.0,10.09,11,619.0,56875.936111111114
14,80.0,9.95,12,619.0,56875.93680555555
12,65.0,9.84,12,619.0,56875.9375
15,87.0,9.75,13,619.0,56875.93819444445
12,92.0,9.69,14,619.0,56875.938888888886
11,65.0,9.61,13,619.0,56875.93958333333
15,92.0,9.57,13,618.9,56875.94027777778
16,90.0,9.57,13,618.9,56875.94097222222
12,115.0,9.56,13,618.9,56875.941666666666
16,96.0,9.52,14,618.9,56875.94236111111
11,55.0,9.5,13,619.0,56875.94305555556
8,81.0,9.44,13,618.9,56875.94375
16,102.0,9.36,13,618.9,56875.944444444445
14,76.0,9.35,13,619.0,56875.94513888889
11,73.0,9.34,12,619.0,56875.94583333333
9,94.0,9.32,12,619.0,56875.94652777778
14,96.0,9.29,12,619.0,56875.947222222225
13,80.0,9.26,12,618.9,56875.947916666664
13,101.0,9.23,12,619.0,56875.94861111111
10,105.0,9.2,12,619.0,56875.94930555556
9,103.0,9.17,12,619.0,56875.95
14,109.0,9.18,14,618.9,56875.950694444444
13,105.0,9.18,15,618.9,56875.95138888889
17,118.0,9.2,17,618.9,56875.95208333333
14,98.0,9.27,17,618.9,56875.95277777778
13,111.0,9.34,19,618.9,56875.95347222222
18,113.0,9.37,20,618.9,56875.95416666667
12,114.0,9.38,20,618.9,56875.95486111111
11,106.0,9.38,19,618.9,56875.955555555556
13,98.0,9.37,19,618.9,56875.95625
16,101.0,9.35,20,618.9,56875.95694444444
10,119.0,9.34,19,618.9,56875.95763888889
13,86.0,9.38,19,618.9,56875.959027777775
14,94.0,9.41,18,618.8,56875.95972222222
12,88.0,9.4,18,618.9,56875.96041666667
12,85.0,9.33,17,618.9,56875.96111111111
10,58.0,9.2,15,618.9,56875.961805555555
12,69.0,9.0,16,618.8,56875.96319444444
12,97.0,8.94,16,618.9,56875.96388888889
9,94.0,8.87,15,618.9,56875.964583333334
5,109.0,8.76,16,618.9,56875.96527777778
13,90.0,8.69,17,618.8,56875.96597222222
11,75.0,8.71,16,618.8,56875.96666666667
15,86.0,8.8,17,618.8,56875.967361111114
8,92.0,8.89,16,618.8,56875.96805555555
7,101.0,8.88,17,618.8,56875.96875
11,82.0,8.83,16,618.8,56875.96944444445
11,82.0,8.83,15,618.8,56875.970138888886
11,85.0,8.87,14,618.8,56875.97083333333
12,96.0,8.91,15,618.8,56875.97152777778
15,88.0,8.96,16,618.8,56875.97222222222
16,119.0,9.05,16,618.8,56875.972916666666
15,91.0,9.21,16,618.7,56875.97361111111
13,105.0,9.3,15,618.8,56875.97430555556
14,89.0,9.33,15,618.8,56875.975
11,92.0,9.35,15,618.8,56875.975694444445
14,125.0,9.32,15,618.8,56875.97638888889
11,105.0,9.29,15,618.8,56875.97708333333
15,97.0,9.29,18,618.8,56875.97777777778
13,99.0,9.29,17,618.8,56875.978472222225
14,72.0,9.25,16,618.8,56875.979166666664
11,98.0,9.19,15,618.8,56875.97986111111
11,102.0,9.12,17,618.8,56875.98055555556
7,118.0,9.03,16,618.8,56875.98125
5,111.0,8.88,16,618.8,56875.981944444444
13,91.0,8.77,17,618.7,56875.98263888889
12,84.0,8.73,16,618.8,56875.98333333333
10,105.0,8.7,18,618.7,56875.98402777778
10,101.0,8.62,19,618.7,56875.98472222222
11,118.0,8.59,20,618.7,56875.98541666667
13,96.0,8.61,18,618.7,56875.98611111111
13,102.0,8.69,16,618.7,56875.986805555556
14,97.0,8.78,16,618.7,56875.9875
13,96.0,8.87,15,618.7,56875.98819444444
12,104.0,8.9,15,618.7,56875.98888888889
10,100.0,8.94,15,618.7,56875.989583333336
8,73.0,8.94,14,618.7,56875.990277777775
8,102.0,8.87,15,618.6,56875.99097222222
10,106.0,8.83,15,618.6,56875.99166666667
13,93.0,8.82,14,618.6,56875.99236111111
14,84.0,8.83,14,618.6,56875.993055555555
13,78.0,8.86,13,618.6,56875.99375
15,84.0,8.9,14,618.6,56875.99444444444
14,92.0,8.88,13,618.6,56875.99652777778
12,95.0,8.84,13,618.6,56875.99722222222
11,78.0,8.8,13,618.6,56875.99930555555
13,84.0,8.7,14,618.5,56876.0
14,83.0,8.75,13,618.5,56876.00069444445
14,74.0,8.87,12,618.5,56876.001388888886
14,77.0,8.96,12,618.5,56876.00208333333
13,103.0,9.02,13,618.5,56876.00277777778
18,89.0,9.02,12,618.4,56876.00347222222
17,88.0,9.04,11,618.4,56876.004166666666
13,86.0,9.04,11,618.5,56876.00486111111
14,92.0,9.07,11,618.5,56876.00555555556
14,83.0,9.11,11,618.4,56876.00625
17,104.0,9.19,12,618.4,56876.006944444445
14,106.0,9.25,11,618.4,56876.00763888889
15,101.0,9.25,11,618.4,56876.00833333333
16,117.0,8.99,13,618.3,56876.018055555556
15,111.0,9.01,13,618.3,56876.01875
13,84.0,8.99,11,618.3,56876.01944444444
17,98.0,9.02,11,618.3,56876.02013888889
17,92.0,9.06,11,618.3,56876.020833333336
18,90.0,9.09,12,618.3,56876.021527777775
19,96.0,9.14,11,618.3,56876.02222222222
18,99.0,9.19,11,618.2,56876.02291666667
17,96.0,9.23,11,618.2,56876.02361111111
17,116.0,9.23,10,618.2,56876.024305555555
17,89.0,9.19,10,618.2,56876.025
15,83.0,9.14,11,618.3,56876.02569444444
18,108.0,9.09,12,618.2,56876.02638888889
23,87.0,9.1,12,618.2,56876.027083333334
21,94.0,9.16,10,618.2,56876.02777777778
19,92.0,9.23,9,618.2,56876.02847222222
19,119.0,9.3,10,618.2,56876.02916666667
16,95.0,9.32,10,618.2,56876.029861111114
17,88.0,9.36,11,618.2,56876.03055555555
19,76.0,9.46,10,618.2,56876.03125
13,118.0,9.5,10,618.2,56876.03194444445
16,115.0,9.51,11,618.2,56876.032638888886
17,99.0,9.52,9,618.2,56876.03333333333
14,91.0,9.57,10,618.2,56876.03402777778
11,98.0,9.58,11,618.3,56876.03472222222
15,92.0,9.55,11,618.2,56876.035416666666
17,97.0,9.5,11,618.2,56876.03611111111
17,86.0,9.5,11,618.2,56876.03680555556
23,85.0,9.55,12,618.2,56876.0375
23,105.0,9.66,12,618.1,56876.038194444445
17,122.0,9.75,11,618.2,56876.03888888889
13,99.0,9.74,10,618.2,56876.03958333333
17,78.0,9.71,11,618.2,56876.04027777778
14,70.0,9.65,10,618.2,56876.040972222225
15,103.0,9.53,10,618.2,56876.041666666664
20,97.0,9.45,11,618.2,56876.04236111111
17,98.0,9.4,11,618.2,56876.04305555556
20,103.0,9.38,11,618.2,56876.04375
18,90.0,9.39,11,618.2,56876.044444444444
19,57.0,9.46,11,618.2,56876.04513888889
18,94.0,9.54,10,618.2,56876.04583333333
17,94.0,9.56,10,618.2,56876.04652777778
16,88.0,9.56,11,618.3,56876.04722222222
14,84.0,9.53,11,618.2,56876.04791666667
17,87.0,9.49,11,618.2,56876.04861111111
16,82.0,9.45,11,618.2,56876.049305555556
16,80.0,9.41,12,618.3,56876.05
17,91.0,9.41,13,618.2,56876.05069444444
12,97.0,9.38,12,618.2,56876.05138888889
13,90.0,9.31,13,618.2,56876.052083333336
14,104.0,9.26,13,618.2,56876.052777777775
13,122.0,9.2,13,618.2,56876.05347222222
11,122.0,9.1,12,618.2,56876.05416666667
12,152.0,9.02,13,618.2,56876.05486111111
11,129.0,8.94,14,618.2,56876.055555555555
14,111.0,8.87,14,618.2,56876.05625
13,106.0,8.81,14,618.2,56876.05694444444
14,108.0,8.77,14,618.2,56876.05763888889
15,109.0,8.77,15,618.2,56876.058333333334
17,100.0,8.78,14,618.2,56876.05902777778
17,87.0,8.8,14,618.2,56876.05972222222
15,105.0,8.79,13,618.2,56876.06041666667
16,94.0,8.77,14,618.2,56876.061111111114
14,99.0,8.75,14,618.2,56876.06180555555
17,113.0,8.71,14,618.1,56876.0625
16,96.0,8.69,14,618.1,56876.06319444445
15,99.0,8.68,14,618.1,56876.063888888886
17,101.0,8.65,12,618.1,56876.06458333333
15,94.0,8.63,11,618.1,56876.06527777778
18,94.0,8.61,13,618.2,56876.06597222222
14,87.0,8.55,13,618.1,56876.066666666666
12,111.0,8.47,14,618.1,56876.06736111111
14,99.0,8.37,14,618.1,56876.06805555556
16,98.0,8.32,13,618.1,56876.06875
15,123.0,8.3,12,618.1,56876.069444444445
16,104.0,8.3,13,618.1,56876.07013888889
15,86.0,8.32,12,618.1,56876.07083333333
14,103.0,8.35,12,618.1,56876.07152777778
14,90.0,8.37,13,618.1,56876.072222222225
14,102.0,8.37,13,618.1,56876.072916666664
14,101.0,8.35,13,618.1,56876.07361111111
14,79.0,8.35,12,618.0,56876.07430555556
14,103.0,8.36,12,618.1,56876.075
10,112.0,8.37,10,618.0,56876.075694444444
12,111.0,8.37,11,618.0,56876.07638888889
11,121.0,8.37,10,618.0,56876.07708333333
15,99.0,8.38,10,618.0,56876.07777777778
17,105.0,8.42,10,617.9,56876.07847222222
18,96.0,8.47,10,617.9,56876.07916666667
15,96.0,8.53,10,617.9,56876.07986111111
15,104.0,8.58,10,617.9,56876.080555555556
12,122.0,8.62,11,618.0,56876.08125
10,103.0,8.61,11,618.0,56876.08194444444
11,103.0,8.59,11,618.0,56876.08263888889
10,73.0,8.55,11,618.0,56876.083333333336
13,87.0,8.52,10,618.0,56876.084027777775
14,76.0,8.52,10,618.0,56876.08472222222
12,95.0,8.52,10,617.9,56876.08541666667
11,86.0,8.52,11,617.9,56876.08611111111
11,84.0,8.52,11,617.9,56876.086805555555
17,78.0,8.49,11,617.9,56876.0875
15,81.0,8.49,10,617.9,56876.08819444444
15,89.0,8.49,10,617.9,56876.08888888889
12,76.0,8.49,10,617.9,56876.089583333334
12,74.0,8.44,11,617.9,56876.09027777778
11,86.0,8.39,11,617.9,56876.09097222222
13,86.0,8.36,11,617.9,56876.09166666667
9,96.0,8.3,10,617.9,56876.092361111114
13,89.0,8.25,11,617.9,56876.09305555555
15,94.0,8.22,11,617.9,56876.09375
12,106.0,8.2,10,617.9,56876.09444444445
12,64.0,8.16,12,617.9,56876.095138888886
10,104.0,8.12,13,617.9,56876.09583333333
9,119.0,8.07,15,617.9,56876.09652777778
11,92.0,8.01,15,617.9,56876.09722222222
12,84.0,7.96,14,617.9,56876.097916666666
12,101.0,7.92,15,617.9,56876.09861111111
9,109.0,7.88,15,617.9,56876.09930555556
8,104.0,7.81,18,617.9,56876.1
12,101.0,7.75,23,617.9,56876.100694444445
8,122.0,7.69,24,617.9,56876.10138888889
8,84.0,7.62,22,617.9,56876.10208333333
11,100.0,7.56,18,617.9,56876.10277777778
12,88.0,7.54,17,617.8,56876.103472222225
9,98.0,7.5,16,617.8,56876.104166666664
13,85.0,7.46,20,617.8,56876.10486111111
10,72.0,7.4,19,617.8,56876.10555555556
10,93.0,7.32,18,617.8,56876.10625
12,100.0,7.25,16,617.8,56876.106944444444
14,84.0,7.2,17,617.8,56876.10763888889
14,86.0,7.19,15,617.8,56876.10833333333
16,75.0,7.18,13,617.8,56876.10902777778
11,86.0,7.17,11,617.9,56876.10972222222
12,92.0,7.14,12,617.9,56876.11041666667
10,100.0,7.09,12,617.9,56876.11111111111
14,92.0,7.02,13,617.9,56876.111805555556
14,95.0,6.97,12,617.9,56876.1125
14,92.0,6.91,11,617.8,56876.11319444444
16,92.0,6.84,10,617.8,56876.11388888889
16,113.0,6.78,10,617.8,56876.114583333336
13,111.0,6.72,9,617.8,56876.115277777775
14,93.0,6.67,10,617.8,56876.11597222222
14,106.0,6.61,10,617.8,56876.11666666667
13,120.0,6.55,10,617.8,56876.11736111111
10,83.0,6.5,10,617.8,56876.118055555555
12,92.0,6.47,10,617.8,56876.11875
13,84.0,6.45,10,617.8,56876.11944444444
14,96.0,6.42,10,617.8,56876.12013888889
16,90.0,6.39,10,617.8,56876.120833333334
17,72.0,6.39,10,617.8,56876.12152777778
15,104.0,6.38,10,617.8,56876.12222222222
13,98.0,6.35,11,617.8,56876.12291666667
13,99.0,6.31,11,617.8,56876.123611111114
13,84.0,6.25,11,617.7,56876.12430555555
13,82.0,6.2,11,617.8,56876.125
17,88.0,6.18,10,617.7,56876.12569444445
18,103.0,6.19,10,617.8,56876.126388888886
16,100.0,6.21,10,617.7,56876.12708333333
16,87.0,6.21,10,617.7,56876.12777777778
16,76.0,6.21,10,617.8,56876.12847222222
15,95.0,6.2,10,617.8,56876.129166666666
14,95.0,6.16,11,617.8,56876.12986111111
16,94.0,6.12,11,617.8,56876.13055555556
15,90.0,6.07,11,617.8,56876.13125
16,104.0,6.03,11,617.7,56876.131944444445
13,94.0,6.0,11,617.8,56876.13263888889
11,96.0,5.95,11,617.8,56876.13333333333
13,99.0,5.92,11,617.8,56876.13402777778
13,70.0,5.88,11,617.8,56876.134722222225
15,99.0,5.83,11,617.7,56876.135416666664
14,105.0,5.79,11,617.8,56876.13611111111
12,89.0,5.76,11,617.8,56876.13680555556
15,100.0,5.74,11,617.7,56876.1375
15,87.0,5.72,11,617.7,56876.138194444444
16,87.0,5.69,12,617.7,56876.13888888889
14,96.0,5.65,11,617.7,56876.13958333333
14,92.0,5.61,11,617.7,56876.14027777778
15,89.0,5.57,12,617.7,56876.14097222222
15,99.0,5.53,11,617.7,56876.14166666667
13,102.0,5.5,11,617.7,56876.14236111111
14,94.0,5.46,11,617.7,56876.143055555556
16,91.0,5.42,11,617.7,56876.14375
15,94.0,5.37,12,617.7,56876.14444444444
16,98.0,5.33,11,617.7,56876.14513888889
17,89.0,5.28,11,617.7,56876.145833333336
19,103.0,5.24,11,617.7,56876.146527777775
15,94.0,5.19,10,617.7,56876.14722222222
15,88.0,5.16,11,617.7,56876.14791666667
15,87.0,5.12,12,617.7,56876.14861111111
16,90.0,5.06,12,617.7,56876.149305555555
17,96.0,5.0,12,617.7,56876.15
17,94.0,4.95,12,617.7,56876.15069444444
17,96.0,4.89,12,617.7,56876.15138888889
18,99.0,4.83,12,617.7,56876.152083333334
19,81.0,4.75,12,617.7,56876.15277777778
18,91.0,4.68,12,617.7,56876.15347222222
17,103.0,4.61,12,617.7,56876.15416666667
19,96.0,4.53,12,617.7,56876.154861111114
19,94.0,4.46,12,617.7,56876.15555555555
20,99.0,4.38,12,617.7,56876.15625
20,90.0,4.31,12,617.7,56876.15694444445
22,94.0,4.26,12,617.8,56876.157638888886
20,95.0,4.2,12,617.8,56876.15833333333
20,95.0,4.15,12,617.7,56876.15902777778
18,96.0,4.1,12,617.8,56876.15972222222
19,66.0,4.05,12,617.8,56876.160416666666
19,90.0,4.01,12,617.8,56876.16111111111
21,95.0,3.98,12,617.8,56876.16180555556
23,94.0,3.98,11,617.8,56876.1625
20,96.0,3.99,11,617.8,56876.163194444445
22,87.0,4.0,12,617.8,56876.16388888889
25,92.0,4.0,12,617.8,56876.16458333333
22,65.0,3.98,11,617.8,56876.16527777778
22,83.0,3.98,11,617.8,56876.165972222225
24,94.0,3.95,11,617.7,56876.166666666664
23,99.0,3.93,11,617.8,56876.16736111111
24,111.0,3.91,11,617.7,56876.16805555556
22,98.0,3.89,11,617.7,56876.16875
22,106.0,3.86,11,617.7,56876.169444444444
23,99.0,3.85,12,617.8,56876.17013888889
25,93.0,3.83,11,617.8,56876.17083333333
24,106.0,3.81,11,617.8,56876.17152777778
24,99.0,3.81,10,617.8,56876.17222222222
25,89.0,3.81,11,617.8,56876.17291666667
23,101.0,3.81,10,617.8,56876.17361111111
23,109.0,3.8,11,617.8,56876.174305555556
21,92.0,3.79,11,617.9,56876.175
22,103.0,3.78,11,617.9,56876.17569444444
23,98.0,3.76,11,617.8,56876.17638888889
23,96.0,3.74,11,617.8,56876.177083333336
22,98.0,3.71,11,617.8,56876.177777777775
21,92.0,3.67,11,617.8,56876.17847222222
23,100.0,3.63,11,617.8,56876.17916666667
22,102.0,3.58,11,617.8,56876.17986111111
22,98.0,3.54,11,617.9,56876.180555555555
21,98.0,3.5,11,617.9,56876.18125
23,97.0,3.46,11,617.9,56876.18194444444
23,98.0,3.4,11,617.9,56876.18263888889
21,91.0,3.35,11,617.9,56876.183333333334
21,98.0,3.31,11,617.9,56876.18402777778
20,98.0,3.27,11,617.9,56876.18472222222
21,101.0,3.23,11,617.9,56876.18541666667
24,102.0,3.18,11,617.8,56876.186111111114
23,101.0,3.15,11,617.9,56876.18680555555
23,99.0,3.13,11,617.9,56876.1875
24,86.0,3.12,11,617.9,56876.18819444445
23,106.0,3.1,11,617.9,56876.188888888886
22,98.0,3.09,11,617.9,56876.18958333333
21,101.0,3.08,11,617.9,56876.19027777778
22,85.0,3.06,12,617.9,56876.19097222222
23,99.0,3.03,11,618.0,56876.191666666666
22,98.0,3.01,11,618.0,56876.19236111111
23,102.0,2.98,11,618.0,56876.19305555556
22,101.0,2.97,11,617.9,56876.19375
22,99.0,2.94,11,617.9,56876.194444444445
23,101.0,2.91,12,617.9,56876.19513888889
23,99.0,2.87,12,617.9,56876.19583333333
23,94.0,2.84,11,618.0,56876.19652777778
22,100.0,2.81,11,618.0,56876.197222222225
22,100.0,2.79,11,618.0,56876.197916666664
23,98.0,2.76,12,618.0,56876.19861111111
25,99.0,2.72,11,618.0,56876.19930555556
22,94.0,2.7,11,618.0,56876.2
21,103.0,2.7,11,618.0,56876.200694444444
25,101.0,2.7,11,618.0,56876.20138888889
25,94.0,2.69,11,618.0,56876.20208333333
22,83.0,2.69,11,618.0,56876.20277777778
19,101.0,2.71,11,618.0,56876.20347222222
19,107.0,2.71,11,618.0,56876.20416666667
19,103.0,2.69,12,618.0,56876.20486111111
19,109.0,2.65,11,618.0,56876.205555555556
20,103.0,2.6,12,618.0,56876.20625
20,104.0,2.54,12,618.0,56876.20694444444
20,103.0,2.48,12,618.0,56876.20763888889
19,99.0,2.41,12,618.1,56876.208333333336
19,104.0,2.35,12,618.1,56876.209027777775
19,105.0,2.29,12,618.1,56876.20972222222
20,101.0,2.24,12,618.1,56876.21041666667
20,105.0,2.19,12,618.1,56876.21111111111
20,103.0,2.14,12,618.1,56876.211805555555
20,107.0,2.11,12,618.2,56876.2125
18,105.0,2.09,12,618.2,56876.21319444444
17,112.0,2.08,12,618.2,56876.21388888889
18,107.0,2.07,12,618.2,56876.214583333334
19,103.0,2.06,12,618.2,56876.21527777778
18,96.0,2.05,12,618.2,56876.21597222222
17,107.0,2.03,12,618.2,56876.21666666667
18,99.0,2.03,12,618.2,56876.217361111114
21,106.0,2.02,12,618.2,56876.21805555555
16,103.0,2.01,12,618.2,56876.21875
19,106.0,2.0,12,618.2,56876.21944444445
21,101.0,1.99,12,618.2,56876.220138888886
22,100.0,1.99,12,618.2,56876.22083333333
22,102.0,1.96,12,618.2,56876.22152777778
20,113.0,1.94,12,618.3,56876.22222222222
19,107.0,1.91,12,618.2,56876.222916666666
21,104.0,1.9,12,618.2,56876.22361111111
20,105.0,1.88,12,618.3,56876.22430555556
18,105.0,1.87,12,618.3,56876.225
16,108.0,1.86,12,618.3,56876.225694444445
19,105.0,1.83,12,618.3,56876.22638888889
24,110.0,1.79,12,618.3,56876.22708333333
23,105.0,1.78,12,618.3,56876.22777777778
24,106.0,1.75,12,618.3,56876.228472222225
22,106.0,1.75,12,618.3,56876.229166666664
20,103.0,1.75,12,618.4,56876.22986111111
16,109.0,1.75,12,618.4,56876.23055555556
18,119.0,1.75,12,618.3,56876.23125
21,101.0,1.75,13,618.3,56876.231944444444
23,103.0,1.73,13,618.3,56876.23263888889
22,109.0,1.7,13,618.3,56876.23333333333
21,101.0,1.68,12,618.3,56876.23402777778
22,111.0,1.66,12,618.3,56876.23472222222
23,103.0,1.66,12,618.3,56876.23541666667
23,110.0,1.66,12,618.3,56876.23611111111
19,113.0,1.67,12,618.4,56876.236805555556
18,108.0,1.69,12,618.3,56876.2375
21,112.0,1.69,12,618.3,56876.23819444444
22,115.0,1.69,12,618.3,56876.23888888889
22,113.0,1.68,12,618.3,56876.239583333336
21,108.0,1.68,12,618.4,56876.240277777775
20,119.0,1.66,12,618.4,56876.24097222222
20,108.0,1.66,13,618.4,56876.24166666667
19,107.0,1.66,12,618.4,56876.24236111111
19,104.0,1.64,12,618.4,56876.243055555555
21,101.0,1.63,12,618.4,56876.24375
22,104.0,1.63,12,618.4,56876.24444444444
22,112.0,1.63,12,618.4,56876.24513888889
24,105.0,1.64,12,618.4,56876.245833333334
23,106.0,1.66,12,618.4,56876.24652777778
24,109.0,1.68,12,618.4,56876.24722222222
21,105.0,1.69,12,618.5,56876.24791666667
21,104.0,1.69,12,618.5,56876.248611111114
20,111.0,1.69,13,618.5,56876.24930555555
21,113.0,1.68,13,618.5,56876.25
24,98.0,1.65,13,618.5,56876.25069444445
22,121.0,1.63,12,618.5,56876.251388888886
23,110.0,1.63,12,618.5,56876.25208333333
23,106.0,1.64,12,618.5,56876.25277777778
21,99.0,1.64,12,618.5,56876.25347222222
21,116.0,1.64,12,618.5,56876.254166666666
22,105.0,1.65,12,618.5,56876.25486111111
24,115.0,1.64,12,618.5,56876.25555555556
20,116.0,1.64,12,618.5,56876.25625
21,121.0,1.66,12,618.5,56876.256944444445
25,111.0,1.66,12,618.5,56876.25763888889
25,113.0,1.66,12,618.4,56876.25833333333
24,112.0,1.66,12,618.5,56876.25902777778
27,112.0,1.68,12,618.5,56876.259722222225
23,118.0,1.69,12,618.6,56876.260416666664
22,117.0,1.71,13,618.6,56876.26111111111
23,116.0,1.69,13,618.6,56876.26180555556
22,113.0,1.67,13,618.6,56876.2625
22,113.0,1.63,13,618.6,56876.263194444444
22,118.0,1.59,13,618.7,56876.26388888889
22,105.0,1.56,13,618.6,56876.26458333333
22,108.0,1.51,13,618.6,56876.26527777778
23,106.0,1.48,13,618.6,56876.26597222222
24,112.0,1.45,13,618.6,56876.26666666667
24,113.0,1.42,13,618.6,56876.26736111111
23,111.0,1.44,13,618.6,56876.268055555556
23,126.0,1.44,13,618.6,56876.26875
24,109.0,1.45,13,618.5,56876.26944444444
26,122.0,1.47,13,618.6,56876.27013888889
25,122.0,1.48,13,618.6,56876.270833333336
25,107.0,1.49,13,618.6,56876.271527777775
22,110.0,1.51,13,618.6,56876.27222222222
23,121.0,1.53,13,618.6,56876.27291666667
23,106.0,1.53,13,618.6,56876.27361111111
25,117.0,1.53,13,618.5,56876.274305555555
28,100.0,1.52,13,618.5,56876.275
28,108.0,1.53,13,618.6,56876.27569444444
22,119.0,1.56,13,618.6,56876.27638888889
24,123.0,1.6,13,618.6,56876.277083333334
24,119.0,1.63,13,618.6,56876.27777777778
24,122.0,1.64,13,618.6,56876.27847222222
23,124.0,1.65,13,618.6,56876.27916666667
25,112.0,1.63,13,618.6,56876.279861111114
23,111.0,1.6,13,618.6,56876.28055555555
24,121.0,1.56,14,618.6,56876.28125
24,116.0,1.51,13,618.6,56876.28194444445
24,121.0,1.47,13,618.6,56876.282638888886
24,121.0,1.44,14,618.6,56876.28333333333
27,113.0,1.41,13,618.7,56876.28402777778
26,122.0,1.39,13,618.6,56876.28472222222
23,117.0,1.39,13,618.7,56876.285416666666
24,113.0,1.41,13,618.7,56876.28611111111
27,125.0,1.43,14,618.7,56876.28680555556
23,126.0,1.44,13,618.6,56876.2875
24,119.0,1.47,13,618.6,56876.288194444445
26,121.0,1.47,14,618.6,56876.28888888889
26,123.0,1.46,14,618.6,56876.28958333333
26,117.0,1.43,14,618.6,56876.29027777778
25,121.0,1.4,14,618.7,56876.290972222225
27,115.0,1.35,14,618.7,56876.291666666664
25,120.0,1.32,14,618.7,56876.29236111111
24,121.0,1.3,14,618.7,56876.29305555556
25,126.0,1.29,14,618.7,56876.29375
26,124.0,1.29,14,618.7,56876.294444444444
27,123.0,1.28,14,618.7,56876.29513888889
27,127.0,1.26,14,618.7,56876.29583333333
25,126.0,1.26,14,618.7,56876.29652777778
26,116.0,1.26,14,618.7,56876.29722222222
28,127.0,1.26,14,618.7,56876.29791666667
28,137.0,1.26,14,618.7,56876.29861111111
23,125.0,1.26,14,618.7,56876.299305555556
28,112.0,1.26,14,618.7,56876.3
26,121.0,1.26,14,618.7,56876.30069444444
26,127.0,1.26,14,618.7,56876.30138888889
26,101.0,1.27,14,618.7,56876.302083333336
29,105.0,1.29,14,618.8,56876.302777777775
27,114.0,1.29,14,618.8,56876.30347222222
27,124.0,1.29,15,618.8,56876.30416666667
28,117.0,1.29,15,618.8,56876.30486111111
27,117.0,1.3,14,618.8,56876.305555555555
28,121.0,1.31,15,618.8,56876.30625
28,122.0,1.32,14,618.8,56876.30694444444
29,125.0,1.32,14,618.7,56876.30763888889
26,126.0,1.32,14,618.7,56876.308333333334
30,124.0,1.33,14,618.7,56876.30902777778
27,119.0,1.34,14,618.7,56876.30972222222
30,126.0,1.33,15,618.7,56876.31041666667
29,130.0,1.32,14,618.7,56876.311111111114
28,130.0,1.32,14,618.8,56876.31180555555
28,125.0,1.32,14,618.8,56876.3125
28,114.0,1.32,15,618.8,56876.31319444445
27,125.0,1.32,15,618.8,56876.313888888886
29,125.0,1.32,15,618.7,56876.31458333333
31,128.0,1.3,15,618.8,56876.31527777778
30,129.0,1.29,14,618.8,56876.31597222222
29,121.0,1.29,14,618.7,56876.316666666666
29,118.0,1.31,14,618.7,56876.31736111111
29,127.0,1.34,14,618.8,56876.31805555556
26,127.0,1.37,14,618.8,56876.31875
25,125.0,1.4,14,618.8,56876.319444444445
26,122.0,1.43,14,618.9,56876.32013888889
28,128.0,1.44,14,618.8,56876.32083333333
30,124.0,1.45,14,618.8,56876.32152777778
28,121.0,1.47,14,618.8,56876.322222222225
29,128.0,1.48,14,618.8,56876.322916666664
29,123.0,1.49,14,618.8,56876.32361111111
28,122.0,1.49,14,618.8,56876.32430555556
31,118.0,1.47,14,618.7,56876.325
30,134.0,1.47,14,618.8,56876.325694444444
30,111.0,1.47,14,618.8,56876.32638888889
27,125.0,1.47,14,618.8,56876.32708333333
28,125.0,1.49,14,618.8,56876.32777777778
29,131.0,1.48,14,618.8,56876.32847222222
29,127.0,1.46,14,618.8,56876.32916666667
30,124.0,1.44,14,618.8,56876.32986111111
33,125.0,1.42,14,618.8,56876.330555555556
30,124.0,1.41,14,618.8,56876.33125
33,117.0,1.41,14,618.8,56876.33194444444
28,126.0,1.42,14,618.8,56876.33263888889
27,124.0,1.43,14,618.8,56876.333333333336
33,127.0,1.42,14,618.8,56876.334027777775
32,125.0,1.41,14,618.8,56876.33472222222
30,127.0,1.42,14,618.8,56876.33541666667
30,124.0,1.42,14,618.8,56876.33611111111
32,125.0,1.43,14,618.8,56876.336805555555
32,121.0,1.44,14,618.8,56876.3375
32,121.0,1.46,14,618.8,56876.33819444444
34,125.0,1.47,14,618.8,56876.33888888889
32,125.0,1.48,14,618.8,56876.339583333334
33,121.0,1.48,14,618.8,56876.34027777778
28,121.0,1.49,14,618.8,56876.34097222222
27,122.0,1.48,15,618.9,56876.34166666667
31,124.0,1.45,15,618.8,56876.342361111114
32,124.0,1.42,15,618.8,56876.34305555555
30,122.0,1.39,15,618.8,56876.34375
30,126.0,1.38,15,618.8,56876.34444444445
28,121.0,1.36,15,618.8,56876.345138888886
30,110.0,1.33,15,618.8,56876.34583333333
31,124.0,1.3,15,618.7,56876.34652777778
32,140.0,1.28,14,618.7,56876.34722222222
30,118.0,1.28,15,618.7,56876.347916666666
30,116.0,1.29,15,618.8,56876.34861111111
30,115.0,1.29,15,618.8,56876.34930555556
30,119.0,1.28,15,618.7,56876.35
29,115.0,1.26,15,618.7,56876.350694444445
26,130.0,1.26,15,618.7,56876.35138888889
26,135.0,1.24,16,618.7,56876.35208333333
25,130.0,1.21,17,618.7,56876.35277777778
26,121.0,1.15,17,618.8,56876.353472222225
28,123.0,1.09,17,618.7,56876.354166666664
31,122.0,1.02,16,618.7,56876.35486111111
28,133.0,0.98,16,618.8,56876.35555555556
25,128.0,0.96,16,618.8,56876.35625
27,137.0,0.96,16,618.8,56876.356944444444
25,119.0,0.95,16,618.8,56876.35763888889
26,134.0,0.94,16,618.8,56876.35833333333
26,121.0,0.93,16,618.8,56876.35902777778
28,127.0,0.92,16,618.8,56876.35972222222
27,136.0,0.9,16,618.8,56876.36041666667
25,124.0,0.89,17,618.8,56876.36111111111
30,117.0,0.89,16,618.8,56876.361805555556
29,130.0,0.89,16,618.8,56876.3625
28,132.0,0.9,16,618.8,56876.36319444444
29,130.0,0.9,16,618.7,56876.36388888889
33,125.0,0.89,16,618.7,56876.364583333336
31,124.0,0.9,15,618.7,56876.365277777775
29,120.0,0.93,15,618.8,56876.36597222222
31,124.0,0.96,15,618.8,56876.36666666667
30,124.0,0.98,15,618.8,56876.36736111111
28,127.0,1.01,15,618.8,56876.368055555555
31,137.0,1.02,16,618.7,56876.36875
30,130.0,1.04,16,618.7,56876.36944444444
30,121.0,1.04,16,618.7,56876.37013888889
28,139.0,1.04,15,618.7,56876.370833333334
28,126.0,1.04,16,618.7,56876.37152777778
28,126.0,1.03,16,618.7,56876.37222222222
27,131.0,1.02,16,618.7,56876.37291666667
27,123.0,1.0,16,618.7,56876.373611111114
28,117.0,0.98,16,618.7,56876.37430555555
29,130.0,0.95,16,618.7,56876.375
28,121.0,0.93,15,618.7,56876.37569444445
26,125.0,0.93,15,618.7,56876.376388888886
27,117.0,0.95,16,618.7,56876.37708333333
27,139.0,0.94,17,618.6,56876.37777777778
27,123.0,0.91,16,618.6,56876.37847222222
27,130.0,0.88,16,618.6,56876.379166666666
24,129.0,0.86,16,618.6,56876.37986111111
24,143.0,0.83,18,618.7,56876.38055555556
23,122.0,0.78,18,618.7,56876.38125
23,114.0,0.71,18,618.7,56876.381944444445
23,115.0,0.64,19,618.7,56876.38263888889
23,120.0,0.58,19,618.6,56876.38333333333
23,108.0,0.51,19,618.6,56876.38402777778
23,132.0,0.46,19,618.6,56876.384722222225
23,127.0,0.42,20,618.6,56876.385416666664
25,135.0,0.36,20,618.6,56876.38611111111
25,130.0,0.32,20,618.6,56876.38680555556
25,110.0,0.28,19,618.6,56876.3875
23,134.0,0.25,19,618.6,56876.388194444444
24,116.0,0.24,20,618.5,56876.38888888889
25,126.0,0.2,20,618.6,56876.38958333333
25,127.0,0.17,20,618.6,56876.39027777778
24,119.0,0.16,20,618.6,56876.39097222222
25,115.0,0.13,20,618.5,56876.39166666667
25,117.0,0.13,19,618.5,56876.39236111111
25,117.0,0.14,19,618.6,56876.393055555556
25,130.0,0.16,19,618.6,56876.39375
27,124.0,0.17,19,618.5,56876.39444444444
27,123.0,0.2,18,618.5,56876.39513888889
26,117.0,0.24,18,618.6,56876.395833333336
29,127.0,0.28,18,618.5,56876.396527777775
33,134.0,0.32,17,618.4,56876.39722222222
27,119.0,0.4,16,618.4,56876.39791666667
28,127.0,0.51,16,618.5,56876.39861111111
25,118.0,0.58,18,618.4,56876.399305555555
28,117.0,0.62,18,618.5,56876.4
26,123.0,0.63,18,618.6,56876.40069444444
28,130.0,0.63,18,618.5,56876.40138888889
26,119.0,0.63,17,618.5,56876.402083333334
26,125.0,0.65,18,618.5,56876.40277777778
25,116.0,0.65,18,618.5,56876.40347222222
28,121.0,0.62,19,618.5,56876.40416666667
25,142.0,0.6,20,618.5,56876.404861111114
25,117.0,0.55,20,618.5,56876.40555555555
27,127.0,0.49,20,618.5,56876.40625
26,129.0,0.45,19,618.5,56876.40694444445
26,122.0,0.42,20,618.5,56876.407638888886
26,130.0,0.4,19,618.5,56876.40833333333
27,118.0,0.41,18,618.5,56876.40902777778
26,130.0,0.42,18,618.5,56876.40972222222
27,120.0,0.45,18,618.5,56876.410416666666
27,125.0,0.49,18,618.4,56876.41111111111
28,127.0,0.52,19,618.4,56876.41180555556
27,130.0,0.55,19,618.4,56876.4125
23,130.0,0.57,19,618.4,56876.413194444445
25,133.0,0.58,20,618.4,56876.41388888889
30,124.0,0.56,20,618.4,56876.41458333333
31,109.0,0.55,22,618.4,56876.41527777778
32,130.0,0.57,22,618.4,56876.415972222225
