wind_speed,wind_direction,temperature,relative_humidity,pressure,mjd
8,93.0,2.35,20,620.3,57973.416666666664
10,97.0,2.32,19,620.3,57973.41736111111
9,80.0,2.3,20,620.3,57973.41805555556
8,104.0,2.33,20,620.3,57973.41875
5,90.0,2.36,21,620.3,57973.419444444444
5,84.0,2.39,22,620.3,57973.42013888889
6,94.0,2.39,23,620.3,57973.42083333333
7,89.0,2.37,23,620.3,57973.42152777778
8,86.0,2.34,21,620.3,57973.42222222222
9,92.0,2.33,20,620.3,57973.42291666667
7,104.0,2.33,20,620.2,57973.42361111111
5,94.0,2.33,20,620.2,57973.424305555556
3,90.0,2.33,20,620.2,57973.425
5,89.0,2.32,20,620.2,57973.42569444444
8,94.0,2.3,20,620.2,57973.42638888889
8,87.0,2.27,20,620.2,57973.427083333336
10,88.0,2.23,19,620.2,57973.427777777775
10,80.0,2.21,19,620.2,57973.42847222222
8,74.0,2.21,19,620.2,57973.42916666667
10,70.0,2.21,19,620.2,57973.42986111111
10,87.0,2.23,19,620.1,57973.430555555555
11,92.0,2.26,19,620.1,57973.43125
10,89.0,2.29,18,620.1,57973.43194444444
9,100.0,2.32,18,620.1,57973.43263888889
9,79.0,2.33,18,620.1,57973.433333333334
9,87.0,2.34,18,620.1,57973.43402777778
9,96.0,2.36,19,620.1,57973.43472222222
9,94.0,2.34,19,620.1,57973.43541666667
9,88.0,2.32,18,620.1,57973.436111111114
10,94.0,2.3,18,620.1,57973.43680555555
10,99.0,2.3,19,620.1,57973.4375
9,99.0,2.3,19,620.0,57973.43819444445
9,98.0,2.3,19,620.1,57973.438888888886
10,70.0,2.3,19,620.1,57973.43958333333
7,94.0,2.3,20,620.1,57973.44027777778
8,96.0,2.3,20,620.1,57973.44097222222
8,97.0,2.3,20,620.0,57973.441666666666
8,106.0,2.29,20,620.0,57973.44236111111
8,94.0,2.27,20,620.0,57973.44305555556
8,90.0,2.27,19,620.0,57973.44375
9,86.0,2.27,18,620.0,57973.444444444445
9,88.0,2.28,19,620.0,57973.44513888889
10,95.0,2.29,19,620.0,57973.44583333333
8,89.0,2.3,18,620.0,57973.44652777778
8,74.0,2.31,18,620.0,57973.447222222225
10,108.0,2.33,18,620.0,57973.447916666664
6,97.0,2.36,19,620.0,57973.44861111111
6,98.0,2.36,19,620.0,57973.44930555556
8,98.0,2.35,19,620.0,57973.45
7,80.0,2.35,19,620.0,57973.450694444444
7,91.0,2.34,19,620.0,57973.45138888889
8,97.0,2.33,19,619.9,57973.45208333333
9,105.0,2.33,18,619.9,57973.45277777778
9,86.0,2.34,18,619.9,57973.45347222222
8,96.0,2.36,17,619.9,57973.45416666667
7,111.0,2.4,17,619.9,57973.45486111111
5,80.0,2.43,17,619.9,57973.455555555556
7,89.0,2.47,17,619.9,57973.45625
8,96.0,2.49,17,619.9,57973.45694444444
8,96.0,2.49,17,619.9,57973.45763888889
9,95.0,2.48,17,619.9,57973.458333333336
7,96.0,2.48,17,619.9,57973.459027777775
6,85.0,2.45,17,619.9,57973.45972222222
10,84.0,2.42,17,619.9,57973.46041666667
10,93.0,2.4,17,619.9,57973.46111111111
8,94.0,2.38,17,619.9,57973.461805555555
9,88.0,2.35,17,619.9,57973.4625
11,89.0,2.33,17,619.9,57973.46319444444
9,96.0,2.35,17,619.9,57973.46388888889
9,108.0,2.36,18,619.9,57973.464583333334
9,98.0,2.36,18,619.9,57973.46527777778
11,99.0,2.34,17,619.9,57973.46597222222
10,89.0,2.33,17,619.9,57973.46666666667
9,110.0,2.33,17,619.9,57973.467361111114
9,90.0,2.33,18,619.8,57973.46805555555
11,87.0,2.32,17,619.8,57973.46875
12,92.0,2.33,16,619.8,57973.46944444445
12,96.0,2.35,16,619.8,57973.470138888886
9,89.0,2.38,16,619.8,57973.47083333333
10,90.0,2.39,16,619.8,57973.47152777778
10,90.0,2.39,16,619.8,57973.47222222222
10,94.0,2.39,16,619.8,57973.472916666666
11,103.0,2.39,16,619.8,57973.47361111111
10,99.0,2.39,16,619.8,57973.47430555556
9,102.0,2.38,16,619.8,57973.475
9,94.0,2.37,16,619.8,57973.475694444445
8,91.0,2.38,16,619.8,57973.47638888889
8,94.0,2.39,17,619.8,57973.47708333333
8,128.0,2.39,17,619.8,57973.47777777778
6,82.0,2.39,16,619.8,57973.478472222225
6,87.0,2.36,16,619.8,57973.479166666664
9,83.0,2.36,16,619.7,57973.47986111111
8,97.0,2.38,16,619.7,57973.48055555556
7,91.0,2.39,16,619.7,57973.48125
10,87.0,2.42,16,619.7,57973.481944444444
10,105.0,2.43,16,619.7,57973.48263888889
8,88.0,2.46,16,619.7,57973.48333333333
10,86.0,2.48,16,619.6,57973.48402777778
10,96.0,2.48,16,619.6,57973.48472222222
7,88.0,2.49,17,619.6,57973.48541666667
8,105.0,2.48,17,619.6,57973.48611111111
9,93.0,2.46,18,619.6,57973.486805555556
10,100.0,2.4,17,619.6,57973.4875
7,88.0,2.35,17,619.6,57973.48819444444
7,85.0,2.32,17,619.6,57973.48888888889
7,75.0,2.3,17,619.6,57973.489583333336
10,86.0,2.27,17,619.6,57973.490277777775
9,91.0,2.26,18,619.6,57973.49097222222
7,99.0,2.24,17,619.6,57973.49166666667
8,81.0,2.21,18,619.6,57973.49236111111
8,89.0,2.21,18,619.6,57973.493055555555
9,98.0,2.2,18,619.5,57973.49375
8,93.0,2.19,17,619.5,57973.49444444444
8,95.0,2.18,17,619.5,57973.49513888889
10,84.0,2.15,17,619.5,57973.495833333334
10,91.0,2.12,16,619.5,57973.49652777778
10,94.0,2.11,16,619.5,57973.49722222222
10,85.0,2.08,16,619.5,57973.49791666667
12,86.0,2.05,16,619.5,57973.498611111114
11,90.0,2.06,16,619.5,57973.49930555555
8,94.0,2.09,16,619.5,57973.5
7,90.0,2.11,17,619.5,57973.50069444445
8,87.0,2.1,18,619.5,57973.501388888886
9,99.0,2.07,18,619.4,57973.50208333333
9,97.0,2.03,19,619.4,57973.50277777778
9,96.0,2.0,19,619.5,57973.50347222222
10,87.0,1.99,18,619.4,57973.504166666666
10,94.0,1.99,18,619.4,57973.50486111111
11,89.0,2.0,18,619.4,57973.50555555556
12,84.0,2.0,18,619.4,57973.50625
11,82.0,1.99,18,619.4,57973.506944444445
10,80.0,1.99,18,619.4,57973.50763888889
9,92.0,1.96,19,619.4,57973.50833333333
8,93.0,1.96,20,619.4,57973.50902777778
7,86.0,1.94,21,619.4,57973.509722222225
10,96.0,1.92,20,619.4,57973.510416666664
9,89.0,1.9,20,619.4,57973.51111111111
9,100.0,1.87,18,619.4,57973.51180555556
8,86.0,1.85,18,619.4,57973.5125
8,91.0,1.86,17,619.4,57973.513194444444
8,100.0,1.87,18,619.4,57973.51388888889
8,97.0,1.9,19,619.4,57973.51458333333
8,85.0,1.89,19,619.4,57973.51527777778
10,83.0,1.86,18,619.4,57973.51597222222
9,93.0,1.84,18,619.4,57973.51666666667
10,78.0,1.82,18,619.3,57973.51736111111
10,83.0,1.81,18,619.3,57973.518055555556
10,93.0,1.81,18,619.3,57973.51875
10,82.0,1.82,18,619.3,57973.51944444444
9,94.0,1.86,18,619.3,57973.52013888889
7,75.0,1.91,18,619.3,57973.520833333336
8,86.0,1.94,18,619.3,57973.521527777775
9,89.0,1.96,17,619.3,57973.52222222222
10,81.0,1.96,17,619.3,57973.52291666667
9,88.0,1.95,18,619.3,57973.52361111111
10,71.0,1.93,18,619.3,57973.524305555555
10,84.0,1.95,18,619.3,57973.525
9,83.0,1.98,17,619.3,57973.52569444444
10,85.0,2.02,18,619.3,57973.52638888889
11,78.0,2.03,17,619.3,57973.527083333334
9,83.0,2.05,17,619.3,57973.52777777778
10,95.0,2.06,18,619.2,57973.52847222222
7,83.0,2.08,19,619.2,57973.52916666667
9,86.0,2.09,19,619.2,57973.529861111114
11,89.0,2.08,18,619.2,57973.53055555555
11,74.0,2.08,17,619.2,57973.53125
11,78.0,2.09,18,619.2,57973.53194444445
9,96.0,2.1,18,619.2,57973.532638888886
11,85.0,2.12,18,619.2,57973.53333333333
9,94.0,2.13,16,619.2,57973.53402777778
10,85.0,2.16,17,619.2,57973.53472222222
9,90.0,2.18,17,619.2,57973.535416666666
11,82.0,2.16,17,619.2,57973.53611111111
10,81.0,2.14,16,619.2,57973.53680555556
11,80.0,2.15,17,619.2,57973.5375
11,74.0,2.16,18,619.2,57973.538194444445
8,85.0,2.17,18,619.2,57973.53888888889
10,89.0,2.16,17,619.2,57973.53958333333
8,87.0,2.14,17,619.2,57973.54027777778
7,84.0,2.11,16,619.2,57973.540972222225
8,87.0,2.07,16,619.2,57973.541666666664
10,87.0,2.02,16,619.2,57973.54236111111
10,89.0,1.98,16,619.1,57973.54305555556
9,98.0,1.95,16,619.1,57973.54375
9,96.0,1.9,16,619.1,57973.544444444444
8,94.0,1.83,16,619.2,57973.54513888889
8,93.0,1.79,16,619.2,57973.54583333333
10,83.0,1.76,16,619.2,57973.54652777778
11,86.0,1.73,16,619.1,57973.54722222222
9,80.0,1.68,18,619.1,57973.54791666667
9,79.0,1.63,17,619.1,57973.54861111111
9,79.0,1.6,17,619.1,57973.549305555556
11,82.0,1.61,17,619.1,57973.55
12,91.0,1.61,16,619.1,57973.55069444444
12,86.0,1.59,16,619.1,57973.55138888889
10,86.0,1.57,16,619.1,57973.552083333336
10,94.0,1.59,16,619.1,57973.552777777775
8,83.0,1.64,16,619.1,57973.55347222222
10,80.0,1.69,16,619.1,57973.55416666667
11,83.0,1.73,16,619.1,57973.55486111111
11,89.0,1.77,15,619.1,57973.555555555555
8,98.0,1.82,16,619.1,57973.55625
8,93.0,1.83,16,619.1,57973.55694444444
11,80.0,1.8,16,619.1,57973.55763888889
10,79.0,1.79,16,619.1,57973.558333333334
8,84.0,1.83,17,619.1,57973.55902777778
6,92.0,1.9,17,619.1,57973.55972222222
7,89.0,1.97,17,619.1,57973.56041666667
4,84.0,2.03,17,619.1,57973.561111111114
5,79.0,2.07,17,619.1,57973.56180555555
8,72.0,2.08,16,619.1,57973.5625
8,77.0,2.09,16,619.1,57973.56319444445
8,66.0,2.09,16,619.1,57973.563888888886
6,76.0,2.1,16,619.1,57973.56458333333
5,87.0,2.13,16,619.1,57973.56527777778
5,86.0,2.15,16,619.1,57973.56597222222
6,87.0,2.14,15,619.1,57973.566666666666
7,85.0,2.13,16,619.1,57973.56736111111
8,66.0,2.09,16,619.1,57973.56805555556
7,91.0,2.06,15,619.2,57973.56875
7,79.0,2.06,16,619.2,57973.569444444445
8,85.0,2.08,15,619.2,57973.57013888889
7,87.0,2.09,15,619.1,57973.57083333333
6,76.0,2.09,15,619.1,57973.57152777778
6,97.0,2.09,15,619.1,57973.572222222225
5,89.0,2.14,15,619.1,57973.572916666664
6,85.0,2.21,15,619.1,57973.57361111111
5,70.0,2.29,15,619.2,57973.57430555556
4,80.0,2.36,15,619.1,57973.575
4,80.0,2.41,15,619.1,57973.575694444444
5,85.0,2.42,15,619.1,57973.57638888889
5,87.0,2.44,15,619.1,57973.57708333333
4,77.0,2.45,15,619.1,57973.57777777778
6,76.0,2.45,15,619.1,57973.57847222222
5,78.0,2.43,15,619.1,57973.57916666667
3,83.0,2.43,15,619.1,57973.57986111111
2,77.0,2.45,15,619.2,57973.580555555556
2,81.0,2.45,15,619.2,57973.58125
3,76.0,2.45,15,619.2,57973.58194444444
3,70.0,2.42,15,619.2,57973.58263888889
4,81.0,2.42,15,619.2,57973.583333333336
3,84.0,2.42,14,619.2,57973.584027777775
3,74.0,2.42,14,619.2,57973.58472222222
5,75.0,2.45,14,619.2,57973.58541666667
5,61.0,2.46,14,619.2,57973.58611111111
2,70.0,2.5,14,619.2,57973.586805555555
1,74.0,2.54,14,619.2,57973.5875
1,78.0,2.59,14,619.2,57973.58819444444
1,78.0,2.63,14,619.2,57973.58888888889
0,78.0,2.67,14,619.2,57973.589583333334
0,84.0,2.72,14,619.2,57973.59027777778
0,74.0,2.76,14,619.2,57973.59097222222
0,85.0,2.8,14,619.2,57973.59166666667
0,74.0,2.85,14,619.2,57973.592361111114
1,72.0,2.89,14,619.2,57973.59305555555
0,75.0,2.93,14,619.2,57973.59375
0,78.0,2.96,14,619.2,57973.59444444445
0,80.0,2.99,14,619.2,57973.595138888886
1,71.0,3.0,14,619.2,57973.59583333333
4,78.0,2.99,14,619.2,57973.59652777778
3,61.0,2.97,14,619.2,57973.59722222222
1,66.0,2.97,14,619.2,57973.597916666666
0,69.0,2.97,14,619.2,57973.59861111111
0,66.0,2.97,14,619.2,57973.59930555556
1,69.0,2.97,14,619.2,57973.6
2,74.0,2.96,14,619.2,57973.600694444445
1,72.0,2.95,14,619.2,57973.60138888889
1,75.0,2.96,14,619.2,57973.60208333333
0,78.0,2.98,14,619.2,57973.60277777778
0,78.0,3.0,13,619.2,57973.603472222225
1,82.0,3.02,13,619.2,57973.604166666664
3,81.0,3.05,13,619.2,57973.60486111111
3,81.0,3.07,13,619.2,57973.60555555556
2,69.0,3.09,13,619.2,57973.60625
3,77.0,3.09,13,619.2,57973.606944444444
3,75.0,3.09,13,619.2,57973.60763888889
4,69.0,3.06,13,619.2,57973.60833333333
5,69.0,3.02,13,619.2,57973.60902777778
4,70.0,2.98,13,619.2,57973.60972222222
3,74.0,2.93,13,619.2,57973.61041666667
3,73.0,2.89,13,619.2,57973.61111111111
3,76.0,2.86,13,619.2,57973.611805555556
2,68.0,2.83,13,619.2,57973.6125
5,80.0,2.79,13,619.2,57973.61319444444
5,70.0,2.76,13,619.2,57973.61388888889
5,75.0,2.76,13,619.2,57973.614583333336
3,71.0,2.78,13,619.2,57973.615277777775
2,68.0,2.81,13,619.2,57973.61597222222
1,75.0,2.83,13,619.2,57973.61666666667
0,75.0,2.85,13,619.2,57973.61736111111
0,74.0,2.87,13,619.2,57973.618055555555
0,74.0,2.91,13,619.2,57973.61875
0,72.0,2.95,13,619.2,57973.61944444444
0,64.0,2.98,13,619.2,57973.62013888889
2,110.0,3.0,13,619.2,57973.620833333334
1,69.0,3.01,13,619.2,57973.62152777778
0,74.0,3.02,13,619.2,57973.62222222222
1,75.0,3.03,13,619.2,57973.62291666667
1,78.0,3.04,13,619.2,57973.623611111114
0,81.0,3.07,13,619.2,57973.62430555555
0,82.0,3.1,13,619.2,57973.625
0,79.0,3.12,13,619.2,57973.62569444445
0,72.0,3.14,13,619.2,57973.626388888886
0,78.0,3.15,13,619.2,57973.62708333333
0,74.0,3.16,13,619.2,57973.62777777778
0,75.0,3.18,13,619.2,57973.62847222222
0,77.0,3.18,13,619.2,57973.629166666666
0,81.0,3.17,13,619.2,57973.62986111111
0,81.0,3.15,13,619.2,57973.63055555556
0,82.0,3.15,13,619.3,57973.63125
0,82.0,3.15,13,619.3,57973.631944444445
0,82.0,3.16,13,619.2,57973.63263888889
0,83.0,3.19,13,619.3,57973.63333333333
0,85.0,3.22,13,619.2,57973.63402777778
0,83.0,3.26,13,619.2,57973.634722222225
0,69.0,3.31,13,619.2,57973.635416666664
0,79.0,3.35,13,619.2,57973.63611111111
0,78.0,3.38,13,619.2,57973.63680555556
0,72.0,3.4,13,619.2,57973.6375
1,74.0,3.42,13,619.2,57973.638194444444
2,65.0,3.41,13,619.2,57973.63888888889
1,77.0,3.37,13,619.3,57973.63958333333
0,77.0,3.32,13,619.3,57973.64027777778
0,78.0,3.28,13,619.3,57973.64097222222
0,79.0,3.24,13,619.3,57973.64166666667
0,76.0,3.22,13,619.3,57973.64236111111
0,78.0,3.21,13,619.3,57973.643055555556
0,80.0,3.21,13,619.3,57973.64375
0,81.0,3.21,13,619.3,57973.64444444444
0,72.0,3.22,13,619.3,57973.64513888889
0,72.0,3.25,13,619.3,57973.645833333336
0,72.0,3.27,13,619.3,57973.646527777775
0,72.0,3.3,13,619.3,57973.64722222222
0,72.0,3.33,13,619.4,57973.64791666667
0,72.0,3.34,13,619.4,57973.64861111111
0,72.0,3.36,13,619.4,57973.649305555555
0,69.0,3.37,13,619.4,57973.65
0,65.0,3.39,13,619.4,57973.65069444444
0,66.0,3.41,13,619.4,57973.65138888889
0,66.0,3.43,13,619.4,57973.652083333334
0,66.0,3.46,13,619.4,57973.65277777778
0,66.0,3.47,13,619.4,57973.65347222222
0,66.0,3.48,13,619.4,57973.65416666667
0,66.0,3.46,13,619.4,57973.654861111114
0,66.0,3.46,13,619.4,57973.65555555555
0,65.0,3.44,12,619.4,57973.65625
0,65.0,3.43,12,619.4,57973.65694444445
0,62.0,3.43,12,619.4,57973.657638888886
0,66.0,3.45,12,619.4,57973.65833333333
0,54.0,3.46,12,619.4,57973.65902777778
0,65.0,3.43,12,619.4,57973.65972222222
0,56.0,3.41,12,619.4,57973.660416666666
0,62.0,3.39,13,619.4,57973.66111111111
0,67.0,3.37,13,619.4,57973.66180555556
0,69.0,3.37,13,619.4,57973.6625
0,71.0,3.36,13,619.4,57973.663194444445
0,69.0,3.34,13,619.4,57973.66388888889
1,70.0,3.32,13,619.4,57973.66458333333
1,69.0,3.3,13,619.4,57973.66527777778
0,70.0,3.27,13,619.4,57973.665972222225
1,74.0,3.24,13,619.4,57973.666666666664
1,74.0,3.22,13,619.4,57973.66736111111
2,76.0,3.19,13,619.4,57973.66805555556
3,67.0,3.16,13,619.4,57973.66875
2,66.0,3.12,13,619.4,57973.669444444444
0,78.0,3.09,13,619.4,57973.67013888889
1,69.0,3.07,13,619.4,57973.67083333333
2,83.0,3.06,13,619.4,57973.67152777778
1,78.0,3.06,13,619.4,57973.67222222222
1,77.0,3.08,13,619.4,57973.67291666667
1,70.0,3.09,14,619.4,57973.67361111111
1,74.0,3.09,14,619.5,57973.674305555556
0,79.0,3.09,14,619.5,57973.675
0,83.0,3.08,14,619.5,57973.67569444444
0,77.0,3.07,13,619.5,57973.67638888889
1,75.0,3.09,13,619.5,57973.677083333336
2,77.0,3.09,13,619.5,57973.677777777775
1,85.0,3.11,13,619.5,57973.67847222222
1,75.0,3.1,14,619.5,57973.67916666667
1,76.0,3.08,14,619.5,57973.67986111111
0,80.0,3.04,14,619.5,57973.680555555555
0,76.0,3.02,14,619.5,57973.68125
0,77.0,3.01,14,619.5,57973.68194444444
1,72.0,3.03,14,619.5,57973.68263888889
1,75.0,3.03,13,619.5,57973.683333333334
1,77.0,3.06,13,619.5,57973.68402777778
1,78.0,3.08,13,619.5,57973.68472222222
1,78.0,3.11,13,619.5,57973.68541666667
0,76.0,3.14,14,619.5,57973.686111111114
0,77.0,3.16,14,619.5,57973.68680555555
0,77.0,3.19,13,619.5,57973.6875
0,81.0,3.22,13,619.5,57973.68819444445
0,86.0,3.26,14,619.5,57973.688888888886
0,93.0,3.29,13,619.5,57973.68958333333
0,94.0,3.33,13,619.5,57973.69027777778
0,94.0,3.36,13,619.6,57973.69097222222
0,86.0,3.37,13,619.6,57973.691666666666
0,80.0,3.4,13,619.6,57973.69236111111
0,74.0,3.41,13,619.6,57973.69305555556
0,72.0,3.42,13,619.6,57973.69375
0,75.0,3.42,13,619.6,57973.694444444445
0,78.0,3.4,13,619.6,57973.69513888889
0,82.0,3.4,13,619.6,57973.69583333333
0,85.0,3.4,13,619.6,57973.69652777778
0,83.0,3.4,13,619.6,57973.697222222225
0,81.0,3.42,13,619.6,57973.697916666664
0,77.0,3.44,13,619.6,57973.69861111111
0,70.0,3.48,13,619.6,57973.69930555556
0,58.0,3.52,13,619.6,57973.7
0,75.0,3.56,13,619.6,57973.700694444444
0,72.0,3.6,13,619.6,57973.70138888889
0,79.0,3.64,13,619.6,57973.70208333333
0,72.0,3.68,13,619.6,57973.70277777778
0,80.0,3.72,13,619.6,57973.70347222222
0,94.0,3.78,13,619.6,57973.70416666667
0,84.0,3.84,13,619.6,57973.70486111111
0,59.0,3.91,13,619.6,57973.705555555556
0,66.0,3.98,13,619.7,57973.70625
0,66.0,4.04,13,619.7,57973.70694444444
0,71.0,4.1,13,619.7,57973.70763888889
0,74.0,4.15,13,619.7,57973.708333333336
1,58.0,4.19,13,619.7,57973.709027777775
1,64.0,4.24,13,619.7,57973.70972222222
1,65.0,4.27,13,619.7,57973.71041666667
1,85.0,4.31,13,619.7,57973.71111111111
0,80.0,4.34,13,619.7,57973.711805555555
0,90.0,4.38,13,619.7,57973.7125
1,67.0,4.41,13,619.7,57973.71319444444
3,61.0,4.44,13,619.7,57973.71388888889
3,66.0,4.48,13,619.8,57973.714583333334
3,65.0,4.51,13,619.8,57973.71527777778
0,57.0,4.53,13,619.8,57973.71597222222
1,78.0,4.55,13,619.7,57973.71666666667
0,73.0,4.57,13,619.8,57973.717361111114
0,56.0,4.59,13,619.8,57973.71805555555
4,64.0,4.6,13,619.7,57973.71875
2,52.0,4.62,13,619.8,57973.71944444445
2,59.0,4.63,13,619.7,57973.720138888886
3,49.0,4.64,13,619.8,57973.72083333333
4,52.0,4.65,13,619.8,57973.72152777778
5,32.0,4.67,13,619.8,57973.72222222222
6,58.0,4.71,13,619.8,57973.722916666666
6,69.0,4.77,13,619.8,57973.72361111111
7,47.0,4.82,13,619.8,57973.72430555556
8,46.0,4.87,13,619.8,57973.725
7,60.0,4.89,13,619.8,57973.725694444445
5,53.0,4.91,13,619.8,57973.72638888889
6,52.0,4.9,12,619.8,57973.72708333333
6,56.0,4.9,12,619.8,57973.72777777778
7,44.0,4.92,12,619.8,57973.728472222225
8,41.0,4.93,12,619.8,57973.729166666664
10,53.0,4.95,13,619.8,57973.72986111111
9,53.0,4.98,13,619.8,57973.73055555556
10,66.0,4.99,13,619.8,57973.73125
9,56.0,5.01,13,619.8,57973.731944444444
7,50.0,5.01,13,619.8,57973.73263888889
7,49.0,5.01,13,619.8,57973.73333333333
7,72.0,5.01,13,619.8,57973.73402777778
8,43.0,5.01,13,619.8,57973.73472222222
9,48.0,5.03,13,619.8,57973.73541666667
8,36.0,5.04,12,619.8,57973.73611111111
9,47.0,5.02,12,619.8,57973.736805555556
8,31.0,5.01,12,619.8,57973.7375
8,43.0,5.01,13,619.8,57973.73819444444
11,60.0,5.01,13,619.9,57973.73888888889
9,49.0,5.01,13,619.9,57973.739583333336
11,38.0,4.99,13,619.9,57973.740277777775
11,52.0,4.98,13,619.9,57973.74097222222
11,42.0,4.94,12,619.9,57973.74166666667
8,36.0,4.9,13,619.9,57973.74236111111
10,53.0,4.87,13,619.9,57973.743055555555
6,61.0,4.85,13,619.9,57973.74375
9,49.0,4.82,13,619.9,57973.74444444444
8,49.0,4.79,12,619.9,57973.74513888889
7,55.0,4.76,12,619.9,57973.745833333334
6,42.0,4.74,13,619.9,57973.74652777778
10,55.0,4.74,13,619.9,57973.74722222222
10,53.0,4.77,13,619.9,57973.74791666667
10,55.0,4.83,13,619.9,57973.748611111114
9,42.0,4.9,13,619.9,57973.74930555555
10,52.0,4.95,13,619.9,57973.75
8,49.0,4.99,13,619.9,57973.75069444445
9,53.0,5.01,13,619.9,57973.751388888886
8,64.0,4.99,13,619.9,57973.75208333333
9,44.0,4.99,13,619.9,57973.75277777778
8,40.0,4.99,13,620.0,57973.75347222222
10,52.0,4.99,13,620.0,57973.754166666666
10,50.0,4.99,13,620.0,57973.75486111111
8,66.0,5.02,13,620.0,57973.75555555556
9,42.0,5.04,13,620.0,57973.75625
9,58.0,5.05,13,620.0,57973.756944444445
9,32.0,5.05,13,620.0,57973.75763888889
8,58.0,5.05,13,620.0,57973.75833333333
9,42.0,5.07,13,620.0,57973.75902777778
12,39.0,5.09,13,620.0,57973.759722222225
11,39.0,5.12,13,620.0,57973.760416666664
11,34.0,5.15,13,620.0,57973.76111111111
12,46.0,5.17,13,620.0,57973.76180555556
9,62.0,5.2,12,620.0,57973.7625
8,50.0,5.21,12,620.0,57973.763194444444
8,51.0,5.2,12,620.0,57973.76388888889
6,42.0,5.17,12,620.0,57973.76458333333
7,70.0,5.16,12,620.0,57973.76527777778
8,58.0,5.2,13,620.0,57973.76597222222
8,53.0,5.29,13,620.0,57973.76666666667
9,45.0,5.38,12,620.0,57973.76736111111
11,36.0,5.47,12,620.1,57973.768055555556
9,50.0,5.58,12,620.1,57973.76875
8,67.0,5.67,12,620.1,57973.76944444444
11,46.0,5.77,12,620.1,57973.77013888889
10,63.0,5.84,12,620.1,57973.770833333336
9,54.0,5.9,12,620.1,57973.771527777775
9,48.0,5.95,12,620.1,57973.77222222222
9,42.0,5.96,12,620.1,57973.77291666667
9,32.0,5.92,12,620.1,57973.77361111111
10,55.0,5.86,12,620.1,57973.774305555555
10,56.0,5.83,12,620.1,57973.775
8,5.0,5.82,12,620.2,57973.77569444444
8,37.0,5.81,12,620.2,57973.77638888889
10,33.0,5.8,12,620.2,57973.777083333334
10,26.0,5.81,12,620.2,57973.77777777778
10,59.0,5.88,12,620.2,57973.77847222222
9,58.0,5.98,12,620.2,57973.77916666667
9,60.0,6.04,12,620.2,57973.779861111114
8,30.0,6.07,12,620.2,57973.78055555555
9,36.0,6.04,11,620.2,57973.78125
8,47.0,6.0,11,620.2,57973.78194444445
7,65.0,5.96,12,620.2,57973.782638888886
10,52.0,5.96,12,620.2,57973.78333333333
7,35.0,5.97,11,620.2,57973.78402777778
7,56.0,6.0,11,620.2,57973.78472222222
8,22.0,6.08,12,620.2,57973.785416666666
8,41.0,6.18,11,620.2,57973.78611111111
9,35.0,6.28,11,620.2,57973.78680555556
11,51.0,6.4,12,620.3,57973.7875
8,48.0,6.49,12,620.3,57973.788194444445
12,55.0,6.55,12,620.3,57973.78888888889
9,32.0,6.57,12,620.3,57973.78958333333
15,40.0,6.59,12,620.2,57973.79027777778
11,36.0,6.66,12,620.2,57973.790972222225
13,22.0,6.76,12,620.2,57973.791666666664
9,39.0,6.81,12,620.2,57973.79236111111
10,60.0,6.82,12,620.2,57973.79305555556
12,65.0,6.85,12,620.2,57973.79375
10,46.0,6.86,12,620.2,57973.794444444444
10,50.0,6.83,12,620.2,57973.79513888889
11,28.0,6.79,12,620.2,57973.79583333333
10,48.0,6.8,12,620.3,57973.79652777778
11,55.0,6.84,12,620.2,57973.79722222222
9,49.0,6.89,12,620.3,57973.79791666667
9,71.0,6.96,12,620.3,57973.79861111111
10,43.0,7.01,11,620.3,57973.799305555556
11,68.0,7.03,12,620.3,57973.8
11,36.0,7.0,11,620.3,57973.80069444444
10,45.0,6.95,11,620.3,57973.80138888889
7,36.0,6.88,11,620.3,57973.802083333336
10,47.0,6.83,11,620.3,57973.802777777775
10,50.0,6.8,11,620.3,57973.80347222222
9,32.0,6.76,11,620.3,57973.80416666667
11,42.0,6.72,11,620.3,57973.80486111111
7,46.0,6.68,11,620.3,57973.805555555555
12,52.0,6.63,12,620.3,57973.80625
11,64.0,6.6,12,620.3,57973.80694444444
15,54.0,6.59,12,620.3,57973.80763888889
12,44.0,6.61,12,620.3,57973.808333333334
12,30.0,6.66,12,620.3,57973.80902777778
14,62.0,6.72,12,620.3,57973.80972222222
12,47.0,6.77,12,620.3,57973.81041666667
12,43.0,6.79,11,620.3,57973.811111111114
8,67.0,6.78,11,620.3,57973.81180555555
12,36.0,6.75,12,620.3,57973.8125
11,42.0,6.77,12,620.3,57973.81319444445
14,46.0,6.81,12,620.3,57973.813888888886
14,40.0,6.89,12,620.3,57973.81458333333
11,58.0,6.93,12,620.3,57973.81527777778
8,52.0,6.94,12,620.3,57973.81597222222
13,17.0,6.94,12,620.3,57973.816666666666
14,46.0,6.98,12,620.3,57973.81736111111
12,34.0,7.06,12,620.3,57973.81805555556
13,48.0,7.11,12,620.3,57973.81875
14,32.0,7.1,12,620.3,57973.819444444445
12,30.0,7.09,12,620.3,57973.82013888889
13,56.0,7.07,12,620.3,57973.82083333333
15,41.0,7.09,12,620.3,57973.82152777778
12,59.0,7.12,11,620.4,57973.822222222225
8,63.0,7.09,11,620.4,57973.822916666664
9,53.0,7.03,11,620.4,57973.82361111111
11,45.0,7.0,12,620.4,57973.82430555556
13,45.0,7.02,13,620.4,57973.825
11,39.0,7.1,13,620.4,57973.825694444444
15,44.0,7.19,13,620.4,57973.82638888889
9,39.0,7.27,13,620.4,57973.82708333333
8,54.0,7.3,13,620.4,57973.82777777778
9,63.0,7.28,12,620.4,57973.82847222222
14,50.0,7.26,13,620.4,57973.82916666667
13,52.0,7.29,14,620.4,57973.82986111111
11,64.0,7.3,14,620.4,57973.830555555556
10,72.0,7.29,14,620.4,57973.83125
12,50.0,7.28,13,620.4,57973.83194444444
13,58.0,7.28,13,620.4,57973.83263888889
11,58.0,7.26,13,620.5,57973.833333333336
13,44.0,7.28,13,620.4,57973.834027777775
18,27.0,7.35,13,620.4,57973.83472222222
15,68.0,7.44,13,620.4,57973.83541666667
15,51.0,7.56,13,620.4,57973.83611111111
12,53.0,7.63,13,620.4,57973.836805555555
11,36.0,7.63,13,620.4,57973.8375
15,37.0,7.58,13,620.4,57973.83819444444
15,58.0,7.57,12,620.4,57973.83888888889
13,64.0,7.59,12,620.4,57973.839583333334
11,55.0,7.61,12,620.4,57973.84027777778
10,36.0,7.58,12,620.4,57973.84097222222
13,62.0,7.54,12,620.4,57973.84166666667
12,52.0,7.51,13,620.4,57973.842361111114
14,35.0,7.44,12,620.4,57973.84305555555
13,52.0,7.4,12,620.5,57973.84375
8,67.0,7.36,12,620.4,57973.84444444445
11,49.0,7.32,12,620.5,57973.845138888886
11,33.0,7.31,12,620.5,57973.84583333333
8,28.0,7.33,12,620.5,57973.84652777778
11,48.0,7.32,12,620.5,57973.84722222222
14,59.0,7.33,13,620.4,57973.847916666666
12,57.0,7.42,12,620.4,57973.84861111111
10,71.0,7.48,12,620.5,57973.84930555556
8,46.0,7.54,12,620.5,57973.85
15,66.0,7.62,13,620.4,57973.850694444445
14,46.0,7.73,13,620.4,57973.85138888889
16,40.0,7.78,13,620.4,57973.85208333333
14,53.0,7.79,13,620.5,57973.85277777778
9,53.0,7.72,13,620.5,57973.853472222225
14,30.0,7.61,13,620.4,57973.854166666664
13,59.0,7.52,13,620.4,57973.85486111111
11,43.0,7.45,13,620.4,57973.85555555556
10,54.0,7.41,12,620.4,57973.85625
16,40.0,7.39,12,620.4,57973.856944444444
14,74.0,7.42,12,620.4,57973.85763888889
12,43.0,7.42,12,620.4,57973.85833333333
14,48.0,7.41,12,620.4,57973.85902777778
14,62.0,7.37,12,620.4,57973.85972222222
11,48.0,7.31,12,620.4,57973.86041666667
12,58.0,7.25,12,620.4,57973.86111111111
8,66.0,7.2,12,620.4,57973.861805555556
15,49.0,7.17,13,620.4,57973.8625
17,48.0,7.18,13,620.4,57973.86319444444
15,56.0,7.18,13,620.4,57973.86388888889
17,50.0,7.22,13,620.3,57973.864583333336
16,51.0,7.27,13,620.4,57973.865277777775
17,54.0,7.31,13,620.3,57973.86597222222
19,47.0,7.37,13,620.3,57973.86666666667
20,35.0,7.44,13,620.3,57973.86736111111
16,50.0,7.5,13,620.3,57973.868055555555
16,43.0,7.51,13,620.3,57973.86875
18,55.0,7.52,13,620.3,57973.86944444444
15,44.0,7.52,12,620.3,57973.87013888889
18,56.0,7.56,13,620.3,57973.870833333334
18,43.0,7.64,12,620.3,57973.87152777778
15,49.0,7.7,12,620.3,57973.87222222222
13,45.0,7.73,12,620.3,57973.87291666667
19,29.0,7.71,12,620.3,57973.873611111114
16,57.0,7.67,12,620.3,57973.87430555555
13,24.0,7.58,12,620.3,57973.875
15,50.0,7.48,12,620.3,57973.87569444445
21,50.0,7.44,13,620.3,57973.876388888886
13,64.0,7.42,12,620.3,57973.87708333333
15,66.0,7.43,12,620.3,57973.87777777778
16,47.0,7.45,12,620.3,57973.87847222222
22,39.0,7.54,13,620.2,57973.879166666666
21,58.0,7.68,14,620.2,57973.87986111111
19,37.0,7.77,14,620.3,57973.88055555556
18,42.0,7.78,14,620.3,57973.88125
18,64.0,7.75,13,620.2,57973.881944444445
17,30.0,7.73,13,620.2,57973.88263888889
21,32.0,7.73,14,620.2,57973.88333333333
22,31.0,7.77,14,620.2,57973.88402777778
19,67.0,7.79,14,620.2,57973.884722222225
18,54.0,7.74,14,620.2,57973.885416666664
14,84.0,7.65,14,620.3,57973.88611111111
12,75.0,7.55,13,620.3,57973.88680555556
18,39.0,7.46,13,620.2,57973.8875
18,35.0,7.39,13,620.2,57973.888194444444
19,37.0,7.37,13,620.2,57973.88888888889
19,58.0,7.37,13,620.2,57973.88958333333
17,55.0,7.39,13,620.2,57973.89027777778
16,37.0,7.42,13,620.2,57973.89097222222
15,56.0,7.45,12,620.2,57973.89166666667
13,72.0,7.45,12,620.2,57973.89236111111
8,56.0,7.41,12,620.2,57973.893055555556
8,44.0,7.36,12,620.3,57973.89375
16,61.0,7.31,13,620.2,57973.89444444444
20,42.0,7.38,13,620.2,57973.89513888889
15,19.0,7.47,13,620.2,57973.895833333336
17,56.0,7.54,13,620.2,57973.896527777775
20,51.0,7.63,13,620.2,57973.89722222222
19,37.0,7.71,14,620.2,57973.89791666667
15,39.0,7.74,14,620.3,57973.89861111111
10,48.0,7.7,15,620.3,57973.899305555555
6,38.0,7.58,14,620.3,57973.9
11,50.0,7.47,14,620.3,57973.90069444444
13,35.0,7.42,15,620.3,57973.90138888889
22,55.0,7.46,15,620.2,57973.902083333334
18,66.0,7.58,15,620.2,57973.90277777778
20,47.0,7.7,15,620.2,57973.90347222222
16,45.0,7.78,16,620.2,57973.90416666667
15,63.0,7.8,16,620.2,57973.904861111114
22,49.0,7.8,18,620.2,57973.90555555555
20,35.0,7.8,17,620.2,57973.90625
18,35.0,7.77,16,620.3,57973.90694444445
13,52.0,7.74,16,620.3,57973.907638888886
11,39.0,7.71,17,620.2,57973.90833333333
15,46.0,7.72,16,620.2,57973.90902777778
17,53.0,7.77,17,620.2,57973.90972222222
16,64.0,7.81,18,620.2,57973.910416666666
19,68.0,7.82,18,620.1,57973.91111111111
19,46.0,7.82,17,620.1,57973.91180555556
15,38.0,7.82,16,620.1,57973.9125
16,47.0,7.79,16,620.1,57973.913194444445
14,55.0,7.74,16,620.2,57973.91388888889
17,48.0,7.67,16,620.2,57973.91458333333
15,50.0,7.61,16,620.1,57973.91527777778
18,63.0,7.54,15,620.1,57973.915972222225
14,61.0,7.45,15,620.1,57973.916666666664
13,65.0,7.35,14,620.2,57973.91736111111
17,66.0,7.31,14,620.1,57973.91805555556
18,61.0,7.33,14,620.1,57973.91875
16,51.0,7.41,14,620.1,57973.919444444444
15,66.0,7.52,14,620.1,57973.92013888889
13,82.0,7.61,14,620.1,57973.92083333333
10,52.0,7.6,14,620.1,57973.92152777778
15,45.0,7.55,15,620.1,57973.92222222222
10,54.0,7.51,15,620.1,57973.92291666667
14,64.0,7.49,15,620.1,57973.92361111111
21,55.0,7.5,15,620.0,57973.924305555556
19,60.0,7.56,14,620.0,57973.925
19,56.0,7.63,14,620.0,57973.92569444444
12,77.0,7.67,14,620.1,57973.92638888889
8,57.0,7.63,14,620.1,57973.927083333336
10,77.0,7.56,15,620.1,57973.927777777775
10,79.0,7.51,16,620.0,57973.92847222222
15,48.0,7.49,16,620.0,57973.92916666667
16,60.0,7.52,16,620.0,57973.92986111111
13,56.0,7.51,15,620.0,57973.930555555555
10,68.0,7.46,15,620.0,57973.93125
19,44.0,7.43,16,620.0,57973.93194444444
20,54.0,7.46,16,620.0,57973.93263888889
17,33.0,7.52,15,620.0,57973.933333333334
16,50.0,7.55,15,620.0,57973.93402777778
16,9.0,7.62,16,620.0,57973.93472222222
16,60.0,7.73,16,620.0,57973.93541666667
15,58.0,7.81,15,620.0,57973.936111111114
15,31.0,7.82,15,620.0,57973.93680555555
22,41.0,7.82,15,619.9,57973.9375
17,67.0,7.82,16,619.9,57973.93819444445
15,50.0,7.8,16,620.0,57973.938888888886
15,43.0,7.77,15,619.9,57973.93958333333
13,51.0,7.73,15,619.9,57973.94027777778
19,52.0,7.7,16,619.9,57973.94097222222
17,60.0,7.71,16,619.9,57973.941666666666
15,65.0,7.78,17,619.9,57973.94236111111
19,44.0,7.83,17,619.9,57973.94305555556
19,58.0,7.89,17,619.9,57973.94375
15,63.0,7.92,17,619.9,57973.944444444445
15,47.0,7.92,17,619.9,57973.94513888889
10,109.0,7.89,16,619.9,57973.94583333333
8,90.0,7.82,16,619.9,57973.94652777778
13,40.0,7.76,16,619.9,57973.947222222225
19,46.0,7.79,15,619.9,57973.947916666664
20,55.0,7.88,14,619.9,57973.94861111111
16,51.0,7.96,14,619.9,57973.94930555556
17,49.0,8.01,17,619.9,57973.95
17,60.0,8.03,19,619.9,57973.950694444444
12,64.0,7.98,20,619.9,57973.95138888889
12,35.0,7.93,21,619.9,57973.95208333333
21,35.0,7.92,27,619.9,57973.95277777778
22,53.0,7.98,27,619.8,57973.95347222222
21,68.0,8.03,27,619.8,57973.95416666667
16,76.0,8.03,26,619.9,57973.95486111111
15,60.0,8.0,27,619.9,57973.955555555556
15,55.0,7.98,29,619.8,57973.95625
14,51.0,7.98,29,619.8,57973.95694444444
14,68.0,8.0,28,619.9,57973.95763888889
17,65.0,8.0,26,619.8,57973.958333333336
19,62.0,8.0,24,619.8,57973.959027777775
13,65.0,7.96,24,619.9,57973.95972222222
16,38.0,7.87,23,619.8,57973.96041666667
18,42.0,7.87,21,619.8,57973.96111111111
20,52.0,7.94,20,619.8,57973.961805555555
16,85.0,8.01,20,619.8,57973.9625
17,37.0,8.08,20,619.8,57973.96319444444
21,47.0,8.14,19,619.7,57973.96388888889
21,73.0,8.16,18,619.7,57973.964583333334
14,85.0,8.13,19,619.8,57973.96527777778
10,25.0,8.05,16,619.8,57973.96597222222
20,69.0,7.98,17,619.8,57973.96666666667
19,55.0,7.97,17,619.8,57973.967361111114
23,37.0,7.96,16,619.8,57973.96805555555
17,37.0,7.93,14,619.8,57973.96875
18,56.0,7.89,15,619.8,57973.96944444445
16,63.0,7.87,16,619.8,57973.970138888886
22,23.0,7.86,17,619.7,57973.97083333333
19,33.0,7.89,16,619.7,57973.97152777778
17,60.0,7.91,16,619.7,57973.97222222222
15,55.0,7.9,16,619.7,57973.972916666666
15,47.0,7.86,16,619.8,57973.97361111111
18,38.0,7.8,16,619.7,57973.97430555556
18,46.0,7.79,16,619.7,57973.975
20,39.0,7.82,16,619.7,57973.975694444445
19,41.0,7.87,16,619.7,57973.97638888889
17,61.0,7.88,17,619.7,57973.97708333333
17,56.0,7.88,17,619.7,57973.97777777778
17,61.0,7.91,16,619.6,57973.978472222225
18,69.0,7.96,16,619.7,57973.979166666664
16,35.0,8.02,15,619.7,57973.97986111111
20,33.0,8.08,14,619.7,57973.98055555556
16,67.0,8.13,14,619.7,57973.98125
11,37.0,8.11,14,619.7,57973.981944444444
8,70.0,8.06,15,619.7,57973.98263888889
15,72.0,8.03,22,619.7,57973.98333333333
10,46.0,7.97,24,619.7,57973.98402777778
13,57.0,7.87,25,619.7,57973.98472222222
20,46.0,7.82,24,619.6,57973.98541666667
17,66.0,7.86,24,619.6,57973.98611111111
14,52.0,7.92,23,619.7,57973.986805555556
15,34.0,7.95,23,619.6,57973.9875
16,40.0,7.93,23,619.6,57973.98819444444
17,49.0,7.89,21,619.6,57973.98888888889
18,51.0,7.84,20,619.6,57973.989583333336
15,50.0,7.82,20,619.6,57973.990277777775
15,38.0,7.79,19,619.6,57973.99097222222
18,50.0,7.83,20,619.6,57973.99166666667
18,71.0,7.94,21,619.5,57973.99236111111
19,51.0,8.05,21,619.5,57973.993055555555
18,73.0,8.11,19,619.6,57973.99375
15,44.0,8.09,20,619.6,57973.99444444444
13,85.0,8.01,20,619.6,57973.99513888889
11,73.0,7.91,21,619.6,57973.995833333334
17,51.0,7.83,20,619.6,57973.99652777778
12,70.0,7.76,21,619.6,57973.99722222222
16,66.0,7.71,21,619.5,57973.99791666667
15,73.0,7.7,21,619.6,57973.998611111114
10,73.0,7.69,20,619.6,57973.99930555555
13,79.0,7.65,20,619.6,57974.0
11,71.0,7.61,21,619.6,57974.00069444445
17,68.0,7.62,22,619.5,57974.001388888886
15,56.0,7.68,20,619.6,57974.00208333333
12,61.0,7.72,21,619.6,57974.00277777778
12,51.0,7.74,23,619.6,57974.00347222222
16,66.0,7.78,22,619.5,57974.004166666666
14,62.0,7.82,21,619.6,57974.00486111111
14,58.0,7.82,20,619.6,57974.00555555556
12,67.0,7.84,19,619.6,57974.00625
15,67.0,7.85,19,619.5,57974.006944444445
12,50.0,7.85,19,619.6,57974.00763888889
12,58.0,7.83,18,619.6,57974.00833333333
13,105.0,7.78,19,619.5,57974.00902777778
9,79.0,7.74,19,619.5,57974.009722222225
11,60.0,7.75,19,619.5,57974.010416666664
11,103.0,7.81,18,619.5,57974.01111111111
12,36.0,7.93,17,619.5,57974.01180555556
18,30.0,8.08,16,619.5,57974.0125
20,35.0,8.28,16,619.5,57974.013194444444
17,60.0,8.43,16,619.4,57974.01388888889
18,42.0,8.49,16,619.4,57974.01458333333
16,54.0,8.49,20,619.4,57974.01527777778
11,32.0,8.44,20,619.4,57974.01597222222
14,49.0,8.4,20,619.4,57974.01666666667
16,63.0,8.4,20,619.4,57974.01736111111
15,77.0,8.39,19,619.4,57974.018055555556
15,77.0,8.36,19,619.4,57974.01875
15,35.0,8.33,19,619.4,57974.01944444444
12,57.0,8.31,19,619.4,57974.02013888889
15,44.0,8.28,23,619.4,57974.020833333336
17,54.0,8.24,24,619.4,57974.021527777775
16,29.0,8.19,24,619.4,57974.02222222222
15,48.0,8.18,24,619.4,57974.02291666667
18,53.0,8.16,23,619.4,57974.02361111111
15,60.0,8.09,21,619.4,57974.024305555555
12,42.0,7.97,20,619.4,57974.025
18,52.0,7.84,17,619.3,57974.02569444444
21,55.0,7.76,16,619.3,57974.02638888889
20,46.0,7.71,16,619.3,57974.027083333334
15,56.0,7.68,16,619.3,57974.02777777778
12,63.0,7.6,16,619.3,57974.02847222222
13,115.0,7.53,17,619.3,57974.02916666667
11,83.0,7.49,17,619.3,57974.029861111114
14,77.0,7.51,17,619.3,57974.03055555555
13,61.0,7.59,17,619.3,57974.03125
12,70.0,7.72,16,619.3,57974.03194444445
13,50.0,7.85,16,619.3,57974.032638888886
17,58.0,7.97,15,619.3,57974.03333333333
13,75.0,8.04,15,619.3,57974.03402777778
14,57.0,8.07,15,619.3,57974.03472222222
14,61.0,8.04,16,619.3,57974.035416666666
14,104.0,8.01,16,619.3,57974.03611111111
12,100.0,8.01,16,619.3,57974.03680555556
15,76.0,8.02,16,619.2,57974.0375
13,53.0,8.03,16,619.2,57974.038194444445
11,81.0,7.98,16,619.2,57974.03888888889
9,79.0,7.88,15,619.2,57974.03958333333
13,64.0,7.76,16,619.2,57974.04027777778
14,53.0,7.66,16,619.2,57974.040972222225
13,75.0,7.57,15,619.2,57974.041666666664
13,81.0,7.5,16,619.2,57974.04236111111
17,60.0,7.49,18,619.2,57974.04305555556
16,54.0,7.48,19,619.1,57974.04375
15,66.0,7.46,18,619.1,57974.044444444444
12,79.0,7.46,18,619.2,57974.04513888889
14,39.0,7.47,18,619.1,57974.04583333333
15,63.0,7.54,17,619.1,57974.04652777778
15,61.0,7.64,17,619.1,57974.04722222222
12,69.0,7.72,16,619.1,57974.04791666667
16,57.0,7.75,19,619.1,57974.04861111111
18,36.0,7.72,19,619.1,57974.049305555556
20,66.0,7.65,19,619.1,57974.05
16,75.0,7.59,20,619.1,57974.05069444444
15,53.0,7.53,22,619.1,57974.05138888889
22,76.0,7.52,25,619.1,57974.052083333336
16,66.0,7.53,25,619.1,57974.052777777775
15,64.0,7.51,24,619.1,57974.05347222222
14,48.0,7.47,23,619.1,57974.05416666667
13,57.0,7.45,23,619.1,57974.05486111111
16,57.0,7.44,21,619.1,57974.055555555555
19,54.0,7.46,20,619.1,57974.05625
17,38.0,7.44,21,619.1,57974.05694444444
12,340.0,7.39,21,619.1,57974.05763888889
10,107.0,7.3,21,619.1,57974.058333333334
14,57.0,7.25,19,619.1,57974.05902777778
12,70.0,7.2,19,619.1,57974.05972222222
12,57.0,7.14,18,619.1,57974.06041666667
8,76.0,7.06,18,619.1,57974.061111111114
14,94.0,6.99,17,619.1,57974.06180555555
13,49.0,6.92,16,619.1,57974.0625
13,74.0,6.88,16,619.1,57974.06319444445
12,81.0,6.85,15,619.0,57974.063888888886
9,86.0,6.83,15,619.0,57974.06458333333
5,70.0,6.82,15,619.1,57974.06527777778
9,51.0,6.9,15,619.0,57974.06597222222
14,54.0,7.01,15,619.0,57974.066666666666
14,53.0,7.09,15,619.0,57974.06736111111
17,61.0,7.13,15,619.0,57974.06805555556
16,59.0,7.12,16,619.0,57974.06875
11,65.0,7.09,16,619.0,57974.069444444445
11,60.0,7.02,17,619.1,57974.07013888889
17,59.0,6.95,18,619.0,57974.07083333333
14,38.0,6.89,18,619.1,57974.07152777778
10,61.0,6.83,17,619.1,57974.072222222225
11,93.0,6.79,16,619.1,57974.072916666664
11,49.0,6.78,15,619.1,57974.07361111111
12,62.0,6.76,15,619.1,57974.07430555556
12,57.0,6.75,15,619.1,57974.075
10,34.0,6.74,15,619.1,57974.075694444444
11,54.0,6.71,15,619.1,57974.07638888889
10,50.0,6.68,14,619.1,57974.07708333333
13,56.0,6.66,14,619.0,57974.07777777778
12,100.0,6.66,14,619.0,57974.07847222222
11,76.0,6.66,14,619.1,57974.07916666667
11,70.0,6.66,14,619.1,57974.07986111111
9,72.0,6.66,14,619.0,57974.080555555556
11,69.0,6.68,14,619.1,57974.08125
12,70.0,6.72,14,619.1,57974.08194444444
13,74.0,6.73,14,619.1,57974.08263888889
10,76.0,6.71,15,619.1,57974.083333333336
10,56.0,6.63,15,619.1,57974.084027777775
11,53.0,6.56,15,619.0,57974.08472222222
15,63.0,6.49,14,619.0,57974.08541666667
12,66.0,6.42,13,619.0,57974.08611111111
11,56.0,6.35,14,619.0,57974.086805555555
14,66.0,6.3,14,619.0,57974.0875
16,54.0,6.27,13,619.0,57974.08819444444
12,80.0,6.26,13,619.0,57974.08888888889
10,61.0,6.25,13,619.0,57974.089583333334
11,65.0,6.26,14,619.0,57974.09027777778
7,72.0,6.28,15,619.0,57974.09097222222
12,59.0,6.3,17,619.0,57974.09166666667
12,64.0,6.3,17,619.0,57974.092361111114
11,64.0,6.3,17,619.0,57974.09305555555
11,48.0,6.27,16,619.0,57974.09375
12,54.0,6.24,15,619.0,57974.09444444445
12,23.0,6.21,14,619.0,57974.095138888886
12,43.0,6.19,14,619.0,57974.09583333333
15,77.0,6.21,14,619.0,57974.09652777778
15,55.0,6.24,14,619.0,57974.09722222222
15,57.0,6.26,13,619.0,57974.097916666666
13,65.0,6.26,13,619.0,57974.09861111111
11,59.0,6.24,13,619.0,57974.09930555556
10,40.0,6.2,13,619.0,57974.1
15,49.0,6.17,13,619.0,57974.100694444445
16,46.0,6.15,14,619.0,57974.10138888889
14,37.0,6.13,15,619.0,57974.10208333333
11,50.0,6.09,15,619.0,57974.10277777778
9,65.0,6.05,15,619.0,57974.103472222225
10,65.0,6.01,16,619.0,57974.104166666664
10,45.0,5.99,16,619.0,57974.10486111111
8,64.0,5.97,16,619.0,57974.10555555556
11,56.0,5.94,15,619.0,57974.10625
13,58.0,5.89,15,619.0,57974.106944444444
8,68.0,5.83,15,619.0,57974.10763888889
10,45.0,5.77,15,619.0,57974.10833333333
12,40.0,5.72,15,619.0,57974.10902777778
12,45.0,5.66,15,619.0,57974.10972222222
9,56.0,5.61,14,619.0,57974.11041666667
13,46.0,5.57,14,619.0,57974.11111111111
10,57.0,5.58,14,619.0,57974.111805555556
11,66.0,5.6,14,619.0,57974.1125
8,44.0,5.59,14,619.0,57974.11319444444
11,57.0,5.59,15,619.0,57974.11388888889
11,57.0,5.59,15,619.0,57974.114583333336
7,52.0,5.57,15,619.0,57974.115277777775
5,63.0,5.54,14,619.0,57974.11597222222
9,50.0,5.54,14,619.0,57974.11666666667
9,61.0,5.56,13,619.0,57974.11736111111
7,64.0,5.59,13,619.0,57974.118055555555
10,70.0,5.59,13,619.0,57974.11875
10,69.0,5.6,13,619.0,57974.11944444444
9,68.0,5.63,13,619.0,57974.12013888889
7,52.0,5.66,13,619.0,57974.120833333334
4,54.0,5.68,13,619.0,57974.12152777778
7,50.0,5.68,14,619.0,57974.12222222222
11,46.0,5.69,14,619.0,57974.12291666667
10,42.0,5.71,14,619.0,57974.123611111114
10,67.0,5.73,13,619.0,57974.12430555555
11,57.0,5.77,13,619.0,57974.125
9,81.0,5.79,13,619.1,57974.12569444445
8,58.0,5.8,13,619.1,57974.126388888886
11,77.0,5.8,12,619.1,57974.12708333333
7,87.0,5.79,12,619.1,57974.12777777778
7,77.0,5.78,12,619.1,57974.12847222222
5,64.0,5.76,13,619.1,57974.129166666666
4,94.0,5.72,13,619.1,57974.12986111111
1,58.0,5.65,14,619.1,57974.13055555556
6,40.0,5.59,14,619.1,57974.13125
5,81.0,5.54,14,619.1,57974.131944444445
3,80.0,5.5,14,619.1,57974.13263888889
1,56.0,5.46,15,619.1,57974.13333333333
4,39.0,5.44,15,619.1,57974.13402777778
8,48.0,5.45,14,619.2,57974.134722222225
7,65.0,5.48,14,619.2,57974.135416666664
7,66.0,5.5,13,619.2,57974.13611111111
8,54.0,5.51,12,619.2,57974.13680555556
6,66.0,5.53,13,619.2,57974.1375
4,59.0,5.53,13,619.2,57974.138194444444
2,66.0,5.53,13,619.2,57974.13888888889
1,44.0,5.54,13,619.2,57974.13958333333
4,57.0,5.56,14,619.2,57974.14027777778
4,46.0,5.57,13,619.2,57974.14097222222
4,55.0,5.57,13,619.2,57974.14166666667
2,37.0,5.57,14,619.2,57974.14236111111
1,51.0,5.56,14,619.2,57974.143055555556
4,32.0,5.56,14,619.2,57974.14375
9,27.0,5.57,14,619.2,57974.14444444444
10,27.0,5.6,13,619.2,57974.14513888889
9,51.0,5.63,13,619.2,57974.145833333336
9,45.0,5.65,13,619.2,57974.146527777775
10,39.0,5.66,13,619.2,57974.14722222222
8,41.0,5.66,13,619.2,57974.14791666667
6,45.0,5.63,13,619.2,57974.14861111111
4,56.0,5.6,13,619.2,57974.149305555555
9,50.0,5.55,13,619.2,57974.15
7,49.0,5.5,13,619.2,57974.15069444444
4,62.0,5.45,13,619.2,57974.15138888889
3,66.0,5.4,13,619.2,57974.152083333334
2,74.0,5.36,13,619.2,57974.15277777778
2,47.0,5.33,13,619.2,57974.15347222222
3,54.0,5.33,14,619.2,57974.15416666667
3,51.0,5.35,13,619.2,57974.154861111114
4,42.0,5.37,13,619.2,57974.15555555555
1,30.0,5.39,13,619.2,57974.15625
4,54.0,5.41,12,619.3,57974.15694444445
4,41.0,5.44,13,619.3,57974.157638888886
4,40.0,5.46,13,619.3,57974.15833333333
3,85.0,5.48,13,619.3,57974.15902777778
3,40.0,5.5,12,619.3,57974.15972222222
7,46.0,5.5,12,619.3,57974.160416666666
8,46.0,5.51,12,619.3,57974.16111111111
6,43.0,5.49,12,619.3,57974.16180555556
4,47.0,5.46,12,619.3,57974.1625
8,45.0,5.4,12,619.3,57974.163194444445
10,50.0,5.36,12,619.3,57974.16388888889
8,42.0,5.31,12,619.3,57974.16458333333
6,56.0,5.27,12,619.3,57974.16527777778
6,46.0,5.23,13,619.3,57974.165972222225
8,51.0,5.19,13,619.3,57974.166666666664
8,64.0,5.16,12,619.3,57974.16736111111
8,61.0,5.12,12,619.3,57974.16805555556
7,65.0,5.09,12,619.3,57974.16875
8,56.0,5.06,12,619.3,57974.169444444444
10,62.0,5.03,12,619.3,57974.17013888889
8,58.0,5.0,12,619.4,57974.17083333333
8,47.0,4.98,12,619.3,57974.17152777778
10,36.0,4.94,12,619.3,57974.17222222222
11,56.0,4.89,12,619.3,57974.17291666667
9,56.0,4.83,12,619.3,57974.17361111111
10,54.0,4.75,12,619.3,57974.174305555556
11,63.0,4.68,12,619.3,57974.175
10,60.0,4.6,12,619.3,57974.17569444444
10,51.0,4.51,12,619.3,57974.17638888889
11,52.0,4.44,12,619.3,57974.177083333336
11,54.0,4.36,12,619.3,57974.177777777775
11,69.0,4.29,12,619.3,57974.17847222222
10,56.0,4.23,12,619.3,57974.17916666667
11,56.0,4.16,11,619.3,57974.17986111111
9,60.0,4.11,12,619.3,57974.180555555555
9,60.0,4.06,12,619.3,57974.18125
9,58.0,4.02,12,619.3,57974.18194444444
7,64.0,3.97,12,619.3,57974.18263888889
7,63.0,3.94,12,619.3,57974.183333333334
8,59.0,3.92,12,619.3,57974.18402777778
7,59.0,3.91,12,619.3,57974.18472222222
6,56.0,3.91,12,619.4,57974.18541666667
8,56.0,3.92,12,619.4,57974.186111111114
7,57.0,3.92,12,619.4,57974.18680555555
5,61.0,3.92,12,619.4,57974.1875
4,61.0,3.92,12,619.4,57974.18819444445
5,58.0,3.92,12,619.4,57974.188888888886
6,57.0,3.92,12,619.4,57974.18958333333
5,56.0,3.91,12,619.4,57974.19027777778
6,54.0,3.91,12,619.4,57974.19097222222
4,59.0,3.9,12,619.4,57974.191666666666
5,64.0,3.9,12,619.4,57974.19236111111
5,61.0,3.9,12,619.4,57974.19305555556
4,66.0,3.89,12,619.4,57974.19375
3,67.0,3.89,12,619.4,57974.194444444445
2,77.0,3.86,12,619.4,57974.19513888889
0,72.0,3.84,12,619.4,57974.19583333333
0,65.0,3.81,12,619.4,57974.19652777778
1,61.0,3.78,12,619.4,57974.197222222225
1,59.0,3.75,12,619.4,57974.197916666664
1,56.0,3.72,12,619.4,57974.19861111111
2,70.0,3.7,12,619.4,57974.19930555556
1,55.0,3.67,12,619.4,57974.2
1,67.0,3.65,12,619.4,57974.200694444444
1,58.0,3.64,12,619.5,57974.20138888889
1,65.0,3.62,12,619.5,57974.20208333333
0,60.0,3.61,12,619.5,57974.20277777778
0,60.0,3.58,12,619.5,57974.20347222222
3,63.0,3.54,12,619.5,57974.20416666667
5,70.0,3.51,12,619.5,57974.20486111111
4,61.0,3.47,12,619.5,57974.205555555556
3,65.0,3.44,12,619.5,57974.20625
5,47.0,3.4,12,619.5,57974.20694444444
4,61.0,3.37,12,619.5,57974.20763888889
6,57.0,3.35,12,619.5,57974.208333333336
5,52.0,3.33,11,619.5,57974.209027777775
4,64.0,3.31,11,619.5,57974.20972222222
6,55.0,3.29,11,619.5,57974.21041666667
7,64.0,3.27,11,619.5,57974.21111111111
6,59.0,3.25,11,619.5,57974.211805555555
6,56.0,3.23,11,619.5,57974.2125
7,55.0,3.21,11,619.5,57974.21319444444
8,58.0,3.18,11,619.5,57974.21388888889
7,57.0,3.15,11,619.5,57974.214583333334
8,58.0,3.13,11,619.5,57974.21527777778
8,64.0,3.1,11,619.5,57974.21597222222
9,55.0,3.07,11,619.5,57974.21666666667
8,61.0,3.04,11,619.4,57974.217361111114
9,58.0,3.02,11,619.5,57974.21805555555
9,59.0,3.0,11,619.5,57974.21875
9,59.0,2.97,11,619.5,57974.21944444445
10,45.0,2.95,11,619.5,57974.220138888886
10,64.0,2.94,11,619.5,57974.22083333333
9,60.0,2.93,11,619.5,57974.22152777778
9,52.0,2.92,11,619.5,57974.22222222222
10,55.0,2.91,11,619.5,57974.222916666666
11,64.0,2.91,11,619.5,57974.22361111111
10,60.0,2.9,12,619.5,57974.22430555556
10,59.0,2.88,11,619.5,57974.225
9,60.0,2.87,11,619.5,57974.225694444445
10,56.0,2.85,11,619.6,57974.22638888889
10,65.0,2.84,11,619.6,57974.22708333333
10,61.0,2.82,11,619.6,57974.22777777778
10,64.0,2.82,11,619.6,57974.228472222225
9,57.0,2.8,11,619.6,57974.229166666664
9,70.0,2.78,11,619.6,57974.22986111111
9,67.0,2.76,11,619.6,57974.23055555556
10,62.0,2.76,11,619.6,57974.23125
11,77.0,2.76,11,619.6,57974.231944444444
10,60.0,2.76,11,619.6,57974.23263888889
11,63.0,2.75,11,619.6,57974.23333333333
9,68.0,2.74,11,619.6,57974.23402777778
9,76.0,2.73,11,619.6,57974.23472222222
9,48.0,2.72,11,619.6,57974.23541666667
10,59.0,2.71,11,619.6,57974.23611111111
11,58.0,2.69,11,619.6,57974.236805555556
11,55.0,2.69,11,619.6,57974.2375
11,69.0,2.68,11,619.6,57974.23819444444
10,73.0,2.68,11,619.6,57974.23888888889
10,72.0,2.68,11,619.6,57974.239583333336
10,53.0,2.67,11,619.6,57974.240277777775
10,72.0,2.66,11,619.6,57974.24097222222
10,58.0,2.66,11,619.6,57974.24166666667
11,57.0,2.66,11,619.6,57974.24236111111
11,57.0,2.65,11,619.7,57974.243055555555
12,67.0,2.64,11,619.7,57974.24375
11,61.0,2.63,12,619.7,57974.24444444444
10,46.0,2.62,12,619.7,57974.24513888889
10,57.0,2.61,11,619.7,57974.245833333334
12,56.0,2.6,12,619.7,57974.24652777778
12,53.0,2.59,12,619.7,57974.24722222222
12,55.0,2.57,12,619.7,57974.24791666667
12,54.0,2.55,12,619.7,57974.248611111114
13,57.0,2.54,12,619.7,57974.24930555555
13,57.0,2.53,12,619.7,57974.25
13,55.0,2.53,12,619.7,57974.25069444445
14,59.0,2.52,12,619.7,57974.251388888886
13,67.0,2.52,12,619.7,57974.25208333333
13,73.0,2.52,12,619.7,57974.25277777778
13,57.0,2.54,12,619.7,57974.25347222222
13,55.0,2.54,12,619.7,57974.254166666666
12,57.0,2.54,12,619.7,57974.25486111111
13,61.0,2.55,12,619.7,57974.25555555556
13,60.0,2.55,12,619.7,57974.25625
14,57.0,2.54,12,619.7,57974.256944444445
15,57.0,2.51,12,619.7,57974.25763888889
15,59.0,2.49,12,619.7,57974.25833333333
15,56.0,2.48,12,619.7,57974.25902777778
15,66.0,2.48,12,619.7,57974.259722222225
14,59.0,2.48,12,619.8,57974.260416666664
14,59.0,2.48,12,619.8,57974.26111111111
13,55.0,2.48,12,619.8,57974.26180555556
14,61.0,2.48,12,619.8,57974.2625
13,60.0,2.48,12,619.8,57974.263194444444
13,58.0,2.48,12,619.8,57974.26388888889
13,52.0,2.49,13,619.8,57974.26458333333
12,58.0,2.51,13,619.8,57974.26527777778
12,52.0,2.51,12,619.8,57974.26597222222
12,58.0,2.54,12,619.8,57974.26666666667
13,74.0,2.54,12,619.9,57974.26736111111
12,60.0,2.55,12,619.9,57974.268055555556
14,60.0,2.55,12,619.9,57974.26875
12,52.0,2.56,12,619.9,57974.26944444444
11,64.0,2.57,12,619.9,57974.27013888889
12,53.0,2.57,12,619.9,57974.270833333336
11,56.0,2.57,12,619.9,57974.271527777775
14,54.0,2.57,12,619.9,57974.27222222222
13,71.0,2.57,12,619.9,57974.27291666667
13,60.0,2.59,12,619.9,57974.27361111111
13,62.0,2.6,12,619.9,57974.274305555555
13,55.0,2.6,12,619.9,57974.275
11,52.0,2.6,12,619.9,57974.27569444444
11,54.0,2.6,12,619.9,57974.27638888889
12,59.0,2.6,12,619.9,57974.277083333334
12,68.0,2.59,12,620.0,57974.27777777778
11,70.0,2.58,13,620.0,57974.27847222222
10,63.0,2.57,13,620.0,57974.27916666667
11,52.0,2.58,12,620.0,57974.279861111114
11,64.0,2.57,12,620.0,57974.28055555555
11,68.0,2.57,12,620.0,57974.28125
13,59.0,2.57,12,620.0,57974.28194444445
13,59.0,2.57,13,620.0,57974.282638888886
13,56.0,2.57,13,620.0,57974.28333333333
14,65.0,2.57,12,620.0,57974.28402777778
14,59.0,2.59,12,620.0,57974.28472222222
15,61.0,2.6,13,620.0,57974.285416666666
15,57.0,2.61,12,620.0,57974.28611111111
14,59.0,2.63,12,620.0,57974.28680555556
15,60.0,2.66,12,620.0,57974.2875
16,62.0,2.68,12,620.0,57974.288194444445
14,56.0,2.7,12,620.0,57974.28888888889
12,52.0,2.72,12,620.0,57974.28958333333
12,69.0,2.73,12,620.0,57974.29027777778
13,47.0,2.73,13,620.1,57974.290972222225
13,54.0,2.71,13,620.1,57974.291666666664
13,55.0,2.69,13,620.1,57974.29236111111
13,78.0,2.67,13,620.1,57974.29305555556
12,64.0,2.64,13,620.1,57974.29375
12,55.0,2.63,13,620.1,57974.294444444444
12,71.0,2.6,13,620.1,57974.29513888889
13,72.0,2.58,13,620.1,57974.29583333333
12,73.0,2.57,13,620.1,57974.29652777778
11,75.0,2.56,13,620.1,57974.29722222222
11,69.0,2.54,13,620.1,57974.29791666667
12,52.0,2.54,13,620.1,57974.29861111111
12,79.0,2.52,13,620.1,57974.299305555556
11,67.0,2.51,13,620.1,57974.3
12,66.0,2.51,13,620.1,57974.30069444444
12,73.0,2.51,13,620.1,57974.30138888889
13,56.0,2.51,13,620.2,57974.302083333336
9,83.0,2.51,13,620.2,57974.302777777775
11,55.0,2.51,13,620.2,57974.30347222222
12,73.0,2.5,13,620.2,57974.30416666667
11,68.0,2.49,13,620.2,57974.30486111111
12,64.0,2.48,13,620.2,57974.305555555555
11,86.0,2.48,13,620.2,57974.30625
9,62.0,2.48,13,620.2,57974.30694444444
10,75.0,2.46,13,620.2,57974.30763888889
12,63.0,2.42,13,620.2,57974.308333333334
12,73.0,2.37,13,620.2,57974.30902777778
12,55.0,2.33,13,620.2,57974.30972222222
12,72.0,2.31,13,620.2,57974.31041666667
11,69.0,2.29,13,620.2,57974.311111111114
12,60.0,2.3,13,620.2,57974.31180555555
12,62.0,2.3,13,620.2,57974.3125
12,76.0,2.3,13,620.2,57974.31319444445
12,64.0,2.29,13,620.2,57974.313888888886
11,44.0,2.27,13,620.2,57974.31458333333
12,79.0,2.27,13,620.2,57974.31527777778
11,70.0,2.27,13,620.2,57974.31597222222
12,64.0,2.27,13,620.2,57974.316666666666
12,81.0,2.27,13,620.2,57974.31736111111
12,69.0,2.27,13,620.3,57974.31805555556
12,87.0,2.27,13,620.3,57974.31875
13,61.0,2.27,13,620.3,57974.319444444445
13,70.0,2.27,13,620.3,57974.32013888889
13,89.0,2.27,13,620.3,57974.32083333333
13,44.0,2.27,13,620.3,57974.32152777778
14,53.0,2.3,13,620.3,57974.322222222225
11,73.0,2.32,13,620.3,57974.322916666664
14,65.0,2.35,13,620.3,57974.32361111111
13,76.0,2.37,13,620.3,57974.32430555556
13,78.0,2.38,13,620.4,57974.325
13,79.0,2.38,13,620.4,57974.325694444444
13,49.0,2.36,13,620.4,57974.32638888889
14,71.0,2.35,13,620.4,57974.32708333333
12,81.0,2.33,13,620.4,57974.32777777778
13,57.0,2.33,13,620.4,57974.32847222222
14,73.0,2.33,13,620.4,57974.32916666667
13,63.0,2.34,13,620.4,57974.32986111111
11,80.0,2.37,12,620.4,57974.330555555556
12,73.0,2.4,12,620.4,57974.33125
14,72.0,2.43,12,620.4,57974.33194444444
12,56.0,2.46,12,620.4,57974.33263888889
14,74.0,2.49,12,620.4,57974.333333333336
14,72.0,2.52,12,620.4,57974.334027777775
14,58.0,2.54,12,620.4,57974.33472222222
14,69.0,2.57,12,620.3,57974.33541666667
12,61.0,2.6,12,620.3,57974.33611111111
14,65.0,2.62,12,620.3,57974.336805555555
12,71.0,2.63,12,620.3,57974.3375
12,43.0,2.63,12,620.3,57974.33819444444
13,81.0,2.63,12,620.3,57974.33888888889
14,48.0,2.6,12,620.3,57974.339583333334
12,74.0,2.6,12,620.3,57974.34027777778
13,61.0,2.58,12,620.3,57974.34097222222
13,59.0,2.57,12,620.3,57974.34166666667
11,68.0,2.55,12,620.3,57974.342361111114
12,73.0,2.52,12,620.3,57974.34305555555
11,79.0,2.48,12,620.3,57974.34375
13,57.0,2.45,12,620.3,57974.34444444445
13,60.0,2.42,12,620.3,57974.345138888886
13,66.0,2.4,12,620.3,57974.34583333333
13,63.0,2.39,12,620.3,57974.34652777778
12,69.0,2.39,12,620.3,57974.34722222222
11,79.0,2.4,12,620.3,57974.347916666666
13,65.0,2.41,12,620.3,57974.34861111111
13,48.0,2.42,12,620.3,57974.34930555556
14,68.0,2.42,12,620.3,57974.35
14,65.0,2.4,12,620.3,57974.350694444445
13,51.0,2.39,12,620.3,57974.35138888889
13,70.0,2.4,12,620.3,57974.35208333333
15,57.0,2.39,12,620.3,57974.35277777778
14,63.0,2.39,12,620.3,57974.353472222225
14,63.0,2.38,12,620.3,57974.354166666664
14,55.0,2.39,12,620.3,57974.35486111111
12,64.0,2.39,12,620.3,57974.35555555556
12,58.0,2.41,12,620.3,57974.35625
14,57.0,2.41,12,620.3,57974.356944444444
15,59.0,2.41,12,620.3,57974.35763888889
13,70.0,2.42,12,620.3,57974.35833333333
12,64.0,2.42,12,620.3,57974.35902777778
13,60.0,2.42,12,620.3,57974.35972222222
13,65.0,2.42,12,620.2,57974.36041666667
12,52.0,2.41,12,620.3,57974.36111111111
14,60.0,2.39,13,620.3,57974.361805555556
14,55.0,2.37,13,620.3,57974.3625
14,64.0,2.35,13,620.2,57974.36319444444
14,58.0,2.32,13,620.2,57974.36388888889
14,51.0,2.29,13,620.2,57974.364583333336
15,66.0,2.26,13,620.2,57974.365277777775
17,66.0,2.23,13,620.2,57974.36597222222
15,60.0,2.21,13,620.2,57974.36666666667
15,61.0,2.21,13,620.2,57974.36736111111
16,63.0,2.21,13,620.2,57974.368055555555
17,67.0,2.21,13,620.2,57974.36875
17,57.0,2.21,13,620.2,57974.36944444444
16,64.0,2.21,13,620.2,57974.37013888889
14,67.0,2.21,13,620.2,57974.370833333334
15,55.0,2.21,13,620.2,57974.37152777778
15,58.0,2.21,13,620.2,57974.37222222222
16,57.0,2.21,13,620.2,57974.37291666667
16,62.0,2.21,13,620.2,57974.373611111114
14,65.0,2.21,13,620.2,57974.37430555555
14,61.0,2.2,13,620.2,57974.375
13,49.0,2.19,13,620.2,57974.37569444445
14,68.0,2.19,13,620.2,57974.376388888886
15,39.0,2.18,13,620.1,57974.37708333333
14,61.0,2.16,13,620.1,57974.37777777778
13,70.0,2.14,13,620.1,57974.37847222222
13,59.0,2.12,13,620.1,57974.379166666666
13,57.0,2.09,13,620.1,57974.37986111111
14,64.0,2.06,14,620.1,57974.38055555556
13,63.0,2.03,13,620.1,57974.38125
12,74.0,2.02,13,620.1,57974.381944444445
12,80.0,2.0,13,620.1,57974.38263888889
15,76.0,1.99,13,620.1,57974.38333333333
14,65.0,1.98,13,620.1,57974.38402777778
13,73.0,1.99,13,620.1,57974.384722222225
14,63.0,2.01,13,620.1,57974.385416666664
16,60.0,2.03,13,620.1,57974.38611111111
15,57.0,2.07,13,620.1,57974.38680555556
13,65.0,2.09,13,620.2,57974.3875
12,72.0,2.11,13,620.2,57974.388194444444
13,56.0,2.1,13,620.1,57974.38888888889
11,58.0,2.08,13,620.1,57974.38958333333
12,72.0,2.06,13,620.1,57974.39027777778
13,76.0,2.03,13,620.1,57974.39097222222
13,60.0,2.02,13,620.1,57974.39166666667
10,74.0,2.02,13,620.1,57974.39236111111
11,79.0,2.02,13,620.1,57974.393055555556
12,69.0,2.01,13,620.1,57974.39375
13,59.0,1.99,13,620.1,57974.39444444444
11,85.0,1.99,13,620.1,57974.39513888889
12,69.0,1.96,13,620.1,57974.395833333336
13,79.0,1.95,13,620.1,57974.396527777775
13,55.0,1.94,13,620.1,57974.39722222222
10,69.0,1.96,13,620.1,57974.39791666667
10,64.0,1.96,13,620.1,57974.39861111111
12,66.0,1.96,13,620.1,57974.399305555555
12,57.0,1.96,13,620.1,57974.4
14,57.0,1.98,13,620.1,57974.40069444444
13,70.0,2.0,13,620.1,57974.40138888889
11,81.0,2.02,13,620.1,57974.402083333334
12,77.0,2.03,13,620.1,57974.40277777778
13,73.0,2.02,13,620.1,57974.40347222222
11,60.0,2.02,13,620.1,57974.40416666667
11,66.0,2.02,13,620.1,57974.404861111114
12,73.0,2.0,13,620.1,57974.40555555555
13,80.0,1.96,13,620.1,57974.40625
12,60.0,1.94,13,620.1,57974.40694444445
12,68.0,1.93,13,620.1,57974.407638888886
12,60.0,1.93,13,620.1,57974.40833333333
13,65.0,1.93,13,620.1,57974.40902777778
14,65.0,1.93,13,620.1,57974.40972222222
14,57.0,1.93,13,620.1,57974.410416666666
13,36.0,1.93,13,620.1,57974.41111111111
14,58.0,1.95,13,620.1,57974.41180555556
12,80.0,1.96,13,620.1,57974.4125
13,59.0,1.99,13,620.1,57974.413194444445
13,76.0,1.99,13,620.0,57974.41388888889
13,57.0,2.0,13,620.1,57974.41458333333
13,52.0,2.01,13,620.1,57974.41527777778
13,83.0,2.0,13,620.1,57974.415972222225
