wind_speed,wind_direction,temperature,relative_humidity,pressure,mjd
18,220,0.47,97,618.3,56503.416666666664
16,131,0.51,98,618.4,56503.41736111111
19,246,0.54,98,618.3,56503.41805555556
15,206,0.58,98,618.3,56503.41875
13,233,0.61,98,618.3,56503.419444444444
15,108,0.63,98,618.3,56503.42013888889
15,178,0.65,98,618.2,56503.42083333333
16,228,0.67,98,618.3,56503.42152777778
16,128,0.69,98,618.3,56503.42222222222
15,147,0.71,98,618.3,56503.42291666667
13,194,0.73,98,618.4,56503.42361111111
13,205,0.77,98,618.4,56503.424305555556
15,296,0.8,98,618.4,56503.425
12,115,0.82,98,618.4,56503.42569444444
11,172,0.84,98,618.4,56503.42638888889
15,218,0.87,98,618.4,56503.427083333336
13,97,0.89,98,618.5,56503.427777777775
16,160,0.87,98,618.4,56503.42847222222
12,186,0.86,98,618.4,56503.42916666667
10,228,0.86,98,618.4,56503.42986111111
12,256,0.86,98,618.4,56503.430555555555
12,157,0.85,97,618.4,56503.43125
11,246,0.85,97,618.4,56503.43194444444
12,242,0.85,97,618.3,56503.43263888889
14,201,0.83,97,618.4,56503.433333333334
12,236,0.83,97,618.3,56503.43402777778
14,96,0.84,97,618.3,56503.43472222222
14,232,0.86,97,618.4,56503.43541666667
15,189,0.88,97,618.3,56503.436111111114
12,342,0.89,97,618.3,56503.43680555555
13,225,0.89,97,618.2,56503.4375
13,237,0.89,97,618.2,56503.43819444445
15,183,0.88,97,618.2,56503.438888888886
12,130,0.88,97,618.1,56503.43958333333
11,178,0.87,97,618.2,56503.44027777778
10,158,0.87,97,618.1,56503.44097222222
15,136,0.86,97,618.1,56503.441666666666
16,291,0.84,97,618.1,56503.44236111111
16,191,0.84,97,618.2,56503.44305555556
13,236,0.85,97,618.2,56503.44375
15,167,0.83,97,618.2,56503.444444444445
14,132,0.85,97,618.2,56503.44513888889
16,20,0.83,97,618.2,56503.44583333333
16,179,0.83,97,618.2,56503.44652777778
14,155,0.83,97,618.3,56503.447222222225
15,110,0.82,97,618.3,56503.447916666664
16,175,0.8,97,618.2,56503.44861111111
14,187,0.79,97,618.3,56503.44930555556
16,187,0.79,97,618.4,56503.45
15,138,0.78,97,618.3,56503.450694444444
14,120,0.77,97,618.2,56503.45138888889
14,164,0.77,97,618.2,56503.45208333333
15,192,0.77,97,618.3,56503.45277777778
14,224,0.77,97,618.4,56503.45347222222
15,279,0.77,97,618.4,56503.45416666667
14,234,0.77,97,618.4,56503.45486111111
12,192,0.77,97,618.5,56503.455555555556
10,36,0.76,97,618.5,56503.45625
13,175,0.73,97,618.5,56503.45694444444
11,204,0.71,97,618.5,56503.45763888889
15,156,0.69,97,618.4,56503.458333333336
13,145,0.68,97,618.4,56503.459027777775
12,157,0.65,97,618.4,56503.45972222222
10,78,0.65,97,618.4,56503.46041666667
10,148,0.63,97,618.5,56503.46111111111
12,129,0.61,97,618.5,56503.461805555555
14,165,0.58,97,618.5,56503.4625
12,199,0.55,97,618.4,56503.46319444444
13,112,0.5,96,618.4,56503.46388888889
13,193,0.48,96,618.5,56503.464583333334
13,186,0.44,96,618.5,56503.46527777778
13,230,0.42,95,618.5,56503.46597222222
11,350,0.4,95,618.5,56503.46666666667
10,177,0.39,95,618.5,56503.467361111114
11,87,0.37,96,618.5,56503.46805555555
11,145,0.38,96,618.5,56503.46875
11,154,0.35,96,618.5,56503.46944444445
12,109,0.33,96,618.5,56503.470138888886
12,291,0.33,96,618.4,56503.47083333333
13,199,0.3,96,618.4,56503.47152777778
13,161,0.28,95,618.4,56503.47222222222
14,167,0.26,95,618.4,56503.472916666666
15,163,0.23,95,618.4,56503.47361111111
14,180,0.21,95,618.4,56503.47430555556
14,106,0.18,95,618.4,56503.475
13,139,0.16,95,618.3,56503.475694444445
17,260,0.13,96,618.3,56503.47638888889
17,214,0.1,96,618.3,56503.47708333333
17,137,0.03,95,618.3,56503.47777777778
17,125,-0.07,91,618.2,56503.478472222225
18,150,-0.15,86,618.2,56503.479166666664
19,144,-0.24,82,618.2,56503.47986111111
18,153,-0.31,82,618.2,56503.48055555556
16,169,-0.38,80,618.2,56503.48125
18,137,-0.43,82,618.2,56503.481944444444
19,150,-0.49,84,618.3,56503.48263888889
19,180,-0.53,86,618.3,56503.48333333333
20,144,-0.57,84,618.2,56503.48402777778
16,101,-0.59,82,618.2,56503.48472222222
15,145,-0.61,83,618.3,56503.48541666667
15,188,-0.61,85,618.3,56503.48611111111
14,102,-0.62,86,618.4,56503.486805555556
14,216,-0.62,88,618.4,56503.4875
15,195,-0.61,88,618.4,56503.48819444444
14,215,-0.62,87,618.4,56503.48888888889
16,208,-0.62,86,618.3,56503.489583333336
17,200,-0.6,87,618.3,56503.490277777775
15,159,-0.58,89,618.3,56503.49097222222
16,162,-0.56,89,618.4,56503.49166666667
19,129,-0.52,90,618.4,56503.49236111111
18,176,-0.48,91,618.4,56503.493055555555
16,146,-0.44,92,618.4,56503.49375
17,199,-0.42,92,618.4,56503.49444444444
17,118,-0.39,91,618.4,56503.49513888889
17,140,-0.34,91,618.4,56503.495833333334
20,152,-0.29,93,618.4,56503.49652777778
21,134,-0.25,94,618.4,56503.49722222222
19,154,-0.24,92,618.4,56503.49791666667
21,159,-0.22,91,618.4,56503.498611111114
21,173,-0.2,91,618.5,56503.49930555555
19,140,-0.16,91,618.5,56503.5
20,161,-0.14,92,618.5,56503.50069444445
20,120,-0.12,92,618.5,56503.501388888886
18,136,-0.07,94,618.6,56503.50208333333
18,124,-0.03,95,618.5,56503.50277777778
18,175,0.02,96,618.6,56503.50347222222
16,156,0.07,96,618.6,56503.504166666666
19,141,0.13,97,618.6,56503.50486111111
16,115,0.19,97,618.6,56503.50555555556
18,164,0.25,98,618.6,56503.50625
17,130,0.3,98,618.6,56503.506944444445
16,136,0.36,98,618.6,56503.50763888889
15,159,0.4,98,618.5,56503.50833333333
15,135,0.43,98,618.5,56503.50902777778
15,216,0.46,98,618.5,56503.509722222225
15,98,0.49,98,618.5,56503.510416666664
14,100,0.51,98,618.5,56503.51111111111
15,241,0.53,98,618.4,56503.51180555556
14,154,0.55,98,618.4,56503.5125
16,125,0.53,98,618.4,56503.513194444444
16,124,0.5,98,618.4,56503.51388888889
15,157,0.5,98,618.4,56503.51458333333
14,142,0.5,98,618.4,56503.51527777778
16,178,0.51,97,618.3,56503.51597222222
15,216,0.52,97,618.3,56503.51666666667
13,145,0.53,97,618.4,56503.51736111111
14,226,0.54,97,618.3,56503.518055555556
11,205,0.56,98,618.3,56503.51875
12,188,0.59,98,618.3,56503.51944444444
15,213,0.6,98,618.3,56503.52013888889
13,67,0.62,98,618.3,56503.520833333336
14,228,0.63,98,618.3,56503.521527777775
13,154,0.66,98,618.3,56503.52222222222
15,152,0.66,98,618.3,56503.52291666667
14,68,0.67,98,618.3,56503.52361111111
13,148,0.68,98,618.3,56503.524305555555
14,335,0.67,98,618.3,56503.525
14,194,0.68,98,618.3,56503.52569444444
16,82,0.68,97,618.3,56503.52638888889
14,223,0.67,97,618.3,56503.527083333334
16,167,0.66,97,618.3,56503.52777777778
16,133,0.62,97,618.2,56503.52847222222
17,179,0.56,97,618.3,56503.52916666667
15,179,0.52,96,618.2,56503.529861111114
17,207,0.5,96,618.2,56503.53055555555
17,189,0.47,95,618.2,56503.53125
16,161,0.46,95,618.2,56503.53194444445
15,180,0.47,96,618.3,56503.532638888886
18,142,0.47,96,618.2,56503.53333333333
18,250,0.47,96,618.2,56503.53402777778
19,141,0.47,97,618.2,56503.53472222222
17,160,0.46,97,618.2,56503.535416666666
16,186,0.45,97,618.2,56503.53611111111
17,186,0.44,96,618.1,56503.53680555556
17,123,0.43,96,618.2,56503.5375
16,130,0.44,96,618.2,56503.538194444445
15,133,0.44,96,618.1,56503.53888888889
17,198,0.46,96,618.1,56503.53958333333
16,91,0.49,97,618.2,56503.54027777778
18,185,0.5,97,618.2,56503.540972222225
18,141,0.51,97,618.2,56503.541666666664
19,146,0.53,97,618.2,56503.54236111111
20,141,0.56,97,618.1,56503.54305555556
22,132,0.58,98,618.2,56503.54375
21,138,0.61,98,618.2,56503.544444444444
18,148,0.63,98,618.1,56503.54513888889
18,140,0.63,98,618.1,56503.54583333333
19,258,0.65,98,618.1,56503.54652777778
19,177,0.67,98,618.1,56503.54722222222
19,161,0.68,98,618.1,56503.54791666667
17,175,0.68,98,618.2,56503.54861111111
16,132,0.68,98,618.1,56503.549305555556
14,164,0.67,98,618.2,56503.55
14,150,0.66,98,618.2,56503.55069444444
13,152,0.62,97,618.2,56503.55138888889
13,185,0.58,97,618.2,56503.552083333336
15,111,0.55,96,618.2,56503.552777777775
13,163,0.53,96,618.2,56503.55347222222
14,134,0.5,95,618.2,56503.55416666667
13,209,0.47,94,618.3,56503.55486111111
14,192,0.45,94,618.2,56503.555555555555
15,192,0.44,93,618.3,56503.55625
13,162,0.44,93,618.3,56503.55694444444
13,116,0.43,93,618.3,56503.55763888889
14,172,0.42,93,618.3,56503.558333333334
14,173,0.43,93,618.3,56503.55902777778
14,156,0.43,94,618.3,56503.55972222222
14,299,0.46,94,618.3,56503.56041666667
15,123,0.48,95,618.3,56503.561111111114
15,120,0.5,95,618.3,56503.56180555555
16,192,0.49,95,618.3,56503.5625
18,213,0.46,93,618.3,56503.56319444445
18,141,0.46,91,618.4,56503.563888888886
16,164,0.47,90,618.4,56503.56458333333
16,127,0.48,90,618.4,56503.56527777778
14,186,0.48,90,618.4,56503.56597222222
13,123,0.49,91,618.4,56503.566666666666
13,194,0.5,91,618.4,56503.56736111111
14,155,0.49,89,618.4,56503.56805555556
13,204,0.5,88,618.4,56503.56875
15,141,0.5,86,618.4,56503.569444444445
13,303,0.5,85,618.4,56503.57013888889
16,121,0.49,83,618.4,56503.57083333333
19,192,0.48,83,618.4,56503.57152777778
16,187,0.5,82,618.4,56503.572222222225
15,156,0.49,81,618.3,56503.572916666664
14,137,0.49,80,618.3,56503.57361111111
16,136,0.49,80,618.3,56503.57430555556
16,154,0.49,77,618.3,56503.575
17,155,0.48,76,618.3,56503.575694444444
16,96,0.49,75,618.3,56503.57638888889
15,130,0.5,78,618.3,56503.57708333333
15,167,0.51,80,618.3,56503.57777777778
18,189,0.5,81,618.2,56503.57847222222
16,136,0.51,82,618.3,56503.57916666667
17,177,0.52,82,618.2,56503.57986111111
18,169,0.53,82,618.2,56503.580555555556
18,191,0.54,83,618.2,56503.58125
19,160,0.55,83,618.2,56503.58194444444
19,142,0.56,84,618.2,56503.58263888889
18,159,0.59,83,618.2,56503.583333333336
19,109,0.61,82,618.2,56503.584027777775
19,135,0.63,83,618.2,56503.58472222222
19,172,0.64,83,618.2,56503.58541666667
19,143,0.66,82,618.2,56503.58611111111
18,147,0.65,81,618.2,56503.586805555555
19,145,0.67,82,618.2,56503.5875
21,142,0.66,83,618.2,56503.58819444444
20,92,0.66,82,618.2,56503.58888888889
18,148,0.67,81,618.2,56503.589583333334
20,219,0.67,79,618.2,56503.59027777778
17,156,0.68,77,618.1,56503.59097222222
20,123,0.67,74,618.2,56503.59166666667
19,118,0.67,70,618.2,56503.592361111114
21,126,0.66,65,618.1,56503.59305555555
20,159,0.66,63,618.2,56503.59375
21,169,0.65,67,618.2,56503.59444444445
19,138,0.65,69,618.2,56503.595138888886
17,148,0.65,69,618.2,56503.59583333333
17,171,0.66,71,618.2,56503.59652777778
18,82,0.67,73,618.2,56503.59722222222
19,136,0.69,74,618.2,56503.597916666666
16,158,0.69,73,618.3,56503.59861111111
15,85,0.7,72,618.3,56503.59930555556
17,293,0.71,72,618.3,56503.6
15,325,0.72,72,618.3,56503.600694444445
16,136,0.73,71,618.4,56503.60138888889
17,200,0.74,71,618.4,56503.60208333333
16,209,0.74,69,618.4,56503.60277777778
15,150,0.73,68,618.4,56503.603472222225
19,134,0.72,68,618.4,56503.604166666664
18,146,0.73,69,618.4,56503.60486111111
18,150,0.72,70,618.4,56503.60555555556
17,138,0.72,70,618.4,56503.60625
17,194,0.73,72,618.4,56503.606944444444
17,174,0.73,74,618.4,56503.60763888889
18,142,0.74,76,618.4,56503.60833333333
19,13,0.74,76,618.4,56503.60902777778
18,180,0.74,77,618.4,56503.60972222222
17,148,0.75,75,618.4,56503.61041666667
19,138,0.75,75,618.4,56503.61111111111
18,107,0.77,75,618.4,56503.611805555556
18,136,0.77,75,618.4,56503.6125
20,109,0.78,77,618.4,56503.61319444444
20,129,0.78,80,618.4,56503.61388888889
22,178,0.78,81,618.4,56503.614583333336
21,147,0.78,81,618.4,56503.615277777775
20,116,0.79,86,618.4,56503.61597222222
21,132,0.77,86,618.4,56503.61666666667
22,152,0.75,88,618.4,56503.61736111111
23,139,0.73,90,618.5,56503.618055555555
24,129,0.68,91,618.4,56503.61875
24,144,0.67,92,618.4,56503.61944444444
24,126,0.65,92,618.4,56503.62013888889
25,94,0.66,93,618.4,56503.620833333334
23,144,0.65,93,618.4,56503.62152777778
24,130,0.65,94,618.5,56503.62222222222
25,143,0.68,95,618.5,56503.62291666667
25,169,0.71,96,618.5,56503.623611111114
26,198,0.75,96,618.5,56503.62430555555
25,148,0.81,97,618.5,56503.625
25,130,0.87,97,618.5,56503.62569444445
25,136,0.92,97,618.5,56503.626388888886
25,129,0.97,98,618.5,56503.62708333333
24,139,1.01,98,618.5,56503.62777777778
24,125,1.05,98,618.5,56503.62847222222
25,146,1.11,98,618.5,56503.629166666666
24,134,1.15,98,618.6,56503.62986111111
25,131,1.21,98,618.6,56503.63055555556
26,140,1.28,98,618.6,56503.63125
26,138,1.31,98,618.6,56503.631944444445
25,126,1.31,98,618.6,56503.63263888889
26,130,1.28,98,618.6,56503.63333333333
26,139,1.25,98,618.6,56503.63402777778
24,134,1.23,98,618.7,56503.634722222225
24,135,1.23,98,618.7,56503.635416666664
22,131,1.22,98,618.6,56503.63611111111
24,173,1.25,98,618.6,56503.63680555556
22,148,1.26,98,618.6,56503.6375
21,137,1.28,98,618.6,56503.638194444444
21,171,1.3,98,618.5,56503.63888888889
21,136,1.32,98,618.5,56503.63958333333
20,154,1.34,98,618.6,56503.64027777778
21,145,1.36,98,618.6,56503.64097222222
22,147,1.37,98,618.6,56503.64166666667
22,152,1.38,98,618.6,56503.64236111111
21,127,1.38,98,618.7,56503.643055555556
22,130,1.38,98,618.7,56503.64375
22,138,1.39,98,618.7,56503.64444444444
22,149,1.4,98,618.7,56503.64513888889
23,134,1.42,98,618.8,56503.645833333336
22,133,1.45,98,618.8,56503.646527777775
26,136,1.49,98,618.8,56503.64722222222
25,130,1.52,98,618.8,56503.64791666667
24,121,1.55,98,618.9,56503.64861111111
25,135,1.57,98,618.9,56503.649305555555
24,127,1.6,98,619.0,56503.65
22,130,1.6,98,619.0,56503.65069444444
23,134,1.6,98,619.0,56503.65138888889
23,130,1.6,98,619.0,56503.652083333334
21,130,1.61,98,619.1,56503.65277777778
20,132,1.6,98,619.1,56503.65347222222
20,126,1.6,98,619.1,56503.65416666667
20,130,1.59,98,619.1,56503.654861111114
20,133,1.59,98,619.1,56503.65555555555
20,124,1.6,98,619.1,56503.65625
20,133,1.62,98,619.1,56503.65694444445
20,134,1.63,98,619.1,56503.657638888886
21,134,1.65,98,619.1,56503.65833333333
21,131,1.66,98,619.2,56503.65902777778
20,129,1.65,98,619.2,56503.65972222222
20,130,1.64,98,619.2,56503.660416666666
18,137,1.63,98,619.2,56503.66111111111
17,123,1.63,98,619.2,56503.66180555556
20,140,1.61,98,619.2,56503.6625
20,142,1.59,98,619.2,56503.663194444445
17,146,1.57,98,619.2,56503.66388888889
18,151,1.54,98,619.3,56503.66458333333
17,104,1.53,98,619.3,56503.66527777778
18,138,1.52,98,619.3,56503.665972222225
18,143,1.49,98,619.3,56503.666666666664
17,141,1.47,98,619.3,56503.66736111111
17,139,1.45,98,619.3,56503.66805555556
17,144,1.45,98,619.3,56503.66875
16,138,1.44,98,619.4,56503.669444444444
16,139,1.44,98,619.4,56503.67013888889
18,105,1.45,98,619.4,56503.67083333333
17,160,1.46,98,619.4,56503.67152777778
17,153,1.47,98,619.4,56503.67222222222
18,140,1.48,98,619.4,56503.67291666667
18,141,1.48,98,619.4,56503.67361111111
19,138,1.49,98,619.4,56503.674305555556
17,133,1.52,98,619.4,56503.675
19,134,1.55,98,619.4,56503.67569444444
19,135,1.6,98,619.4,56503.67638888889
22,130,1.7,98,619.4,56503.677083333336
22,133,1.82,98,619.4,56503.677777777775
21,130,1.89,98,619.5,56503.67847222222
21,130,1.95,99,619.5,56503.67916666667
19,124,2.0,99,619.5,56503.67986111111
21,119,2.04,99,619.5,56503.680555555555
21,142,2.06,99,619.5,56503.68125
19,134,2.07,99,619.5,56503.68194444444
18,133,2.1,99,619.5,56503.68263888889
18,130,2.11,99,619.5,56503.683333333334
20,133,2.11,99,619.5,56503.68402777778
20,129,2.09,99,619.5,56503.68472222222
21,136,2.08,99,619.5,56503.68541666667
20,137,2.07,99,619.5,56503.686111111114
20,137,2.06,99,619.5,56503.68680555555
18,134,2.05,99,619.6,56503.6875
18,142,2.03,99,619.6,56503.68819444445
17,133,2.01,99,619.6,56503.688888888886
19,140,1.98,98,619.6,56503.68958333333
21,176,1.92,98,619.6,56503.69027777778
19,133,1.87,98,619.6,56503.69097222222
22,152,1.8,98,619.6,56503.691666666666
19,130,1.76,98,619.6,56503.69236111111
20,129,1.74,98,619.6,56503.69305555556
20,132,1.72,97,619.6,56503.69375
24,138,1.72,97,619.6,56503.694444444445
21,117,1.72,97,619.6,56503.69513888889
20,127,1.72,97,619.6,56503.69583333333
21,129,1.73,98,619.6,56503.69652777778
22,131,1.74,98,619.6,56503.697222222225
20,134,1.75,98,619.6,56503.697916666664
20,138,1.75,98,619.6,56503.69861111111
20,135,1.72,98,619.6,56503.69930555556
21,129,1.71,97,619.6,56503.7
23,135,1.72,97,619.6,56503.700694444444
23,126,1.7,97,619.6,56503.70138888889
24,133,1.66,96,619.6,56503.70208333333
23,136,1.69,95,619.6,56503.70277777778
25,132,1.71,95,619.6,56503.70347222222
24,132,1.74,95,619.6,56503.70416666667
22,133,1.79,95,619.6,56503.70486111111
22,131,1.85,96,619.6,56503.705555555556
22,129,1.87,96,619.6,56503.70625
23,145,1.9,96,619.7,56503.70694444444
21,125,1.96,96,619.7,56503.70763888889
23,151,1.99,96,619.7,56503.708333333336
18,120,2.04,96,619.7,56503.709027777775
19,157,2.11,96,619.7,56503.70972222222
21,138,2.16,96,619.7,56503.71041666667
20,130,2.21,96,619.8,56503.71111111111
22,130,2.26,97,619.7,56503.711805555555
21,126,2.3,97,619.7,56503.7125
21,136,2.32,97,619.7,56503.71319444444
22,132,2.35,97,619.7,56503.71388888889
19,130,2.38,97,619.8,56503.714583333334
20,126,2.44,97,619.8,56503.71527777778
21,140,2.49,97,619.8,56503.71597222222
23,151,2.51,97,619.8,56503.71666666667
21,130,2.52,97,619.8,56503.717361111114
23,134,2.53,97,619.8,56503.71805555555
23,134,2.57,97,619.8,56503.71875
23,132,2.59,97,619.8,56503.71944444445
22,127,2.62,97,619.8,56503.720138888886
23,131,2.67,97,619.8,56503.72083333333
22,136,2.7,97,619.8,56503.72152777778
22,133,2.74,97,619.8,56503.72222222222
22,117,2.8,97,619.8,56503.722916666666
22,137,2.85,97,619.8,56503.72361111111
22,133,2.89,97,619.8,56503.72430555556
21,159,2.86,97,619.8,56503.725
20,130,2.85,96,619.9,56503.725694444445
20,143,2.91,96,619.9,56503.72638888889
21,134,2.95,96,620.0,56503.72708333333
21,123,2.99,96,620.0,56503.72777777778
21,130,3.06,96,620.0,56503.728472222225
23,125,3.11,97,620.0,56503.729166666664
21,123,3.17,97,620.0,56503.72986111111
21,144,3.18,97,620.0,56503.73055555556
21,134,3.22,97,620.1,56503.73125
20,111,3.26,97,620.1,56503.731944444444
20,126,3.31,97,620.1,56503.73263888889
19,118,3.37,97,620.2,56503.73333333333
18,125,3.4,98,620.2,56503.73402777778
18,136,3.47,98,620.2,56503.73472222222
19,117,3.56,98,620.3,56503.73541666667
21,126,3.64,98,620.3,56503.73611111111
18,133,3.68,98,620.3,56503.736805555556
16,132,3.74,98,620.4,56503.7375
17,123,3.8,98,620.4,56503.73819444444
16,118,3.83,98,620.4,56503.73888888889
16,121,3.88,98,620.4,56503.739583333336
20,138,3.88,98,620.3,56503.740277777775
18,112,3.89,98,620.4,56503.74097222222
18,91,3.89,98,620.4,56503.74166666667
16,108,3.89,98,620.4,56503.74236111111
18,121,3.91,98,620.5,56503.743055555555
20,129,3.93,98,620.5,56503.74375
18,122,3.95,98,620.5,56503.74444444444
17,120,3.99,98,620.5,56503.74513888889
17,113,4.04,98,620.5,56503.745833333334
18,131,4.07,98,620.6,56503.74652777778
15,126,4.11,98,620.6,56503.74722222222
17,109,4.12,98,620.6,56503.74791666667
16,146,4.15,98,620.6,56503.748611111114
14,119,4.2,98,620.6,56503.74930555555
15,138,4.24,98,620.6,56503.75
14,123,4.28,98,620.6,56503.75069444445
15,144,4.29,98,620.6,56503.751388888886
15,117,4.26,98,620.6,56503.75208333333
14,125,4.25,98,620.6,56503.75277777778
15,104,4.24,98,620.6,56503.75347222222
15,130,4.19,98,620.6,56503.754166666666
14,115,4.15,97,620.6,56503.75486111111
18,137,4.11,97,620.7,56503.75555555556
16,137,4.02,96,620.6,56503.75625
14,131,3.99,95,620.7,56503.756944444445
13,130,3.96,95,620.7,56503.75763888889
16,135,3.95,95,620.7,56503.75833333333
14,132,3.95,95,620.7,56503.75902777778
15,111,3.97,96,620.7,56503.759722222225
16,134,3.96,96,620.7,56503.760416666664
15,121,3.97,96,620.7,56503.76111111111
15,117,3.97,96,620.7,56503.76180555556
18,125,3.97,96,620.7,56503.7625
17,130,3.95,96,620.7,56503.763194444444
17,132,3.92,95,620.7,56503.76388888889
16,127,3.92,95,620.7,56503.76458333333
15,121,3.92,95,620.8,56503.76527777778
15,132,3.95,95,620.8,56503.76597222222
16,126,3.97,96,620.8,56503.76666666667
17,132,3.98,96,620.8,56503.76736111111
15,117,4.0,96,620.8,56503.768055555556
16,97,4.01,96,620.8,56503.76875
13,127,4.05,96,620.8,56503.76944444444
15,132,4.07,96,620.8,56503.77013888889
16,116,4.09,96,620.8,56503.770833333336
16,123,4.08,96,620.8,56503.771527777775
15,128,4.07,96,620.8,56503.77222222222
16,128,4.08,96,620.8,56503.77291666667
17,133,4.05,96,620.8,56503.77361111111
18,123,4.02,95,620.8,56503.774305555555
17,139,4.01,95,620.8,56503.775
17,133,4.0,94,620.9,56503.77569444444
17,129,3.99,95,620.9,56503.77638888889
18,124,3.98,95,620.9,56503.777083333334
17,127,3.95,95,620.9,56503.77777777778
18,130,3.93,94,620.9,56503.77847222222
17,132,3.89,94,620.9,56503.77916666667
15,123,3.84,93,621.0,56503.779861111114
16,130,3.85,93,621.0,56503.78055555555
13,130,3.82,94,621.0,56503.78125
16,138,3.81,94,621.0,56503.78194444445
15,130,3.81,95,621.0,56503.782638888886
13,118,3.79,95,621.0,56503.78333333333
15,131,3.79,95,621.0,56503.78402777778
15,136,3.8,95,621.0,56503.78472222222
14,135,3.83,95,621.0,56503.785416666666
14,130,3.87,96,621.0,56503.78611111111
14,130,3.93,96,621.0,56503.78680555556
16,145,3.98,96,621.0,56503.7875
16,149,4.02,96,621.0,56503.788194444445
19,124,4.08,97,621.0,56503.78888888889
15,124,4.15,97,621.0,56503.78958333333
18,126,4.2,97,621.0,56503.79027777778
18,131,4.26,97,621.0,56503.790972222225
19,131,4.34,97,621.0,56503.791666666664
17,142,4.37,97,621.0,56503.79236111111
15,125,4.37,97,621.0,56503.79305555556
16,126,4.38,96,621.0,56503.79375
12,100,4.4,96,621.1,56503.794444444444
15,131,4.42,95,621.0,56503.79513888889
14,124,4.46,95,621.0,56503.79583333333
16,132,4.49,95,621.0,56503.79652777778
16,123,4.53,95,621.1,56503.79722222222
17,131,4.59,96,621.0,56503.79791666667
14,126,4.6,96,621.1,56503.79861111111
14,139,4.62,95,621.1,56503.799305555556
15,125,4.67,95,621.1,56503.8
16,131,4.73,96,621.1,56503.80069444444
15,125,4.76,96,621.1,56503.80138888889
16,127,4.77,96,621.1,56503.802083333336
15,125,4.78,96,621.1,56503.802777777775
17,119,4.77,95,621.1,56503.80347222222
19,130,4.8,95,621.1,56503.80416666667
19,138,4.81,95,621.1,56503.80486111111
17,132,4.82,95,621.1,56503.805555555555
16,134,4.8,95,621.2,56503.80625
18,126,4.83,95,621.2,56503.80694444444
16,118,4.81,94,621.2,56503.80763888889
16,118,4.84,94,621.2,56503.808333333334
17,124,4.89,95,621.2,56503.80902777778
18,125,4.93,95,621.2,56503.80972222222
16,130,4.95,95,621.2,56503.81041666667
15,134,4.97,95,621.3,56503.811111111114
15,123,4.95,95,621.3,56503.81180555555
14,113,4.95,94,621.3,56503.8125
16,131,4.99,94,621.3,56503.81319444445
13,126,5.02,94,621.3,56503.813888888886
16,126,5.05,95,621.3,56503.81458333333
15,141,5.08,95,621.3,56503.81527777778
16,130,5.11,95,621.3,56503.81597222222
17,142,5.15,95,621.3,56503.816666666666
16,127,5.23,95,621.3,56503.81736111111
18,122,5.26,95,621.2,56503.81805555556
18,107,5.3,94,621.3,56503.81875
17,128,5.34,93,621.3,56503.819444444445
17,129,5.37,92,621.3,56503.82013888889
17,125,5.38,91,621.3,56503.82083333333
16,132,5.42,91,621.3,56503.82152777778
17,123,5.44,91,621.3,56503.822222222225
15,124,5.44,90,621.3,56503.822916666664
15,121,5.47,90,621.3,56503.82361111111
17,107,5.5,92,621.3,56503.82430555556
17,130,5.55,92,621.4,56503.825
17,96,5.6,93,621.3,56503.825694444444
18,145,5.63,93,621.3,56503.82638888889
18,114,5.68,93,621.3,56503.82708333333
17,134,5.71,93,621.3,56503.82777777778
17,116,5.73,93,621.3,56503.82847222222
19,129,5.71,91,621.3,56503.82916666667
14,109,5.72,90,621.3,56503.82986111111
15,102,5.72,91,621.4,56503.830555555556
16,119,5.69,90,621.3,56503.83125
14,92,5.69,89,621.4,56503.83194444444
12,96,5.66,87,621.4,56503.83263888889
17,114,5.66,89,621.4,56503.833333333336
14,120,5.66,90,621.4,56503.834027777775
14,86,5.68,91,621.4,56503.83472222222
15,111,5.71,93,621.4,56503.83541666667
16,132,5.75,93,621.4,56503.83611111111
15,114,5.76,93,621.4,56503.836805555555
14,188,5.76,92,621.4,56503.8375
10,130,5.77,90,621.4,56503.83819444444
14,143,5.79,90,621.4,56503.83888888889
15,116,5.82,91,621.4,56503.839583333334
13,116,5.81,89,621.4,56503.84027777778
12,115,5.83,89,621.4,56503.84097222222
14,134,5.87,91,621.4,56503.84166666667
14,113,5.9,92,621.4,56503.842361111114
18,114,5.9,92,621.4,56503.84305555555
16,111,5.89,91,621.4,56503.84375
15,136,5.87,89,621.4,56503.84444444445
13,112,5.84,87,621.5,56503.845138888886
13,125,5.83,86,621.5,56503.84583333333
15,117,5.8,86,621.4,56503.84652777778
14,109,5.78,84,621.5,56503.84722222222
15,133,5.75,81,621.4,56503.847916666666
15,134,5.75,86,621.4,56503.84861111111
17,127,5.76,90,621.4,56503.84930555556
15,131,5.73,89,621.4,56503.85
16,132,5.68,87,621.4,56503.850694444445
15,126,5.64,84,621.4,56503.85138888889
14,121,5.62,84,621.4,56503.85208333333
15,126,5.62,88,621.4,56503.85277777778
12,109,5.61,87,621.4,56503.853472222225
16,129,5.62,89,621.4,56503.854166666664
17,114,5.61,87,621.4,56503.85486111111
18,136,5.6,84,621.4,56503.85555555556
17,112,5.62,86,621.4,56503.85625
15,119,5.6,85,621.4,56503.856944444444
14,125,5.58,86,621.4,56503.85763888889
14,95,5.57,87,621.4,56503.85833333333
14,121,5.57,88,621.4,56503.85902777778
15,113,5.54,85,621.4,56503.85972222222
14,109,5.54,86,621.5,56503.86041666667
17,101,5.56,88,621.5,56503.86111111111
18,89,5.52,85,621.4,56503.861805555556
15,112,5.5,83,621.4,56503.8625
16,129,5.5,86,621.4,56503.86319444444
14,112,5.51,87,621.5,56503.86388888889
17,110,5.49,86,621.5,56503.864583333336
15,121,5.47,83,621.4,56503.865277777775
14,113,5.47,84,621.5,56503.86597222222
13,86,5.46,82,621.5,56503.86666666667
14,129,5.47,82,621.4,56503.86736111111
15,125,5.46,81,621.4,56503.868055555555
14,113,5.48,83,621.4,56503.86875
11,114,5.48,84,621.5,56503.86944444444
10,140,5.48,83,621.4,56503.87013888889
10,109,5.51,85,621.4,56503.870833333334
13,100,5.52,83,621.4,56503.87152777778
15,107,5.54,81,621.4,56503.87222222222
12,97,5.58,83,621.4,56503.87291666667
10,103,5.61,80,621.5,56503.873611111114
14,110,5.63,78,621.4,56503.87430555555
13,115,5.68,81,621.4,56503.875
14,127,5.72,80,621.4,56503.87569444445
15,131,5.77,82,621.4,56503.876388888886
14,124,5.81,82,621.4,56503.87708333333
16,127,5.84,83,621.4,56503.87777777778
15,114,5.87,80,621.4,56503.87847222222
14,120,5.9,78,621.4,56503.879166666666
15,126,5.91,73,621.4,56503.87986111111
13,131,5.94,75,621.4,56503.88055555556
12,148,5.99,78,621.4,56503.88125
14,96,6.02,78,621.4,56503.881944444445
15,127,6.03,68,621.4,56503.88263888889
13,128,6.07,66,621.4,56503.88333333333
15,122,6.15,78,621.4,56503.88402777778
13,136,6.17,68,621.4,56503.884722222225
13,118,6.21,68,621.4,56503.885416666664
12,105,6.26,71,621.4,56503.88611111111
14,140,6.3,70,621.4,56503.88680555556
15,104,6.35,73,621.4,56503.8875
15,130,6.37,68,621.4,56503.888194444444
15,123,6.4,69,621.4,56503.88888888889
14,129,6.42,68,621.4,56503.88958333333
12,132,6.43,68,621.4,56503.89027777778
14,133,6.45,70,621.4,56503.89097222222
12,144,6.48,69,621.4,56503.89166666667
12,148,6.51,70,621.4,56503.89236111111
10,100,6.56,74,621.4,56503.893055555556
13,106,6.61,74,621.4,56503.89375
12,56,6.65,72,621.4,56503.89444444444
14,106,6.69,69,621.4,56503.89513888889
12,121,6.73,67,621.4,56503.895833333336
11,95,6.77,66,621.4,56503.896527777775
12,109,6.82,68,621.4,56503.89722222222
13,116,6.85,65,621.4,56503.89791666667
14,124,6.89,72,621.4,56503.89861111111
12,109,6.93,74,621.4,56503.899305555555
13,120,6.96,74,621.4,56503.9
14,93,7.0,75,621.4,56503.90069444444
14,60,7.0,67,621.4,56503.90138888889
14,117,7.02,61,621.4,56503.902083333334
14,114,7.06,61,621.4,56503.90277777778
12,87,7.09,63,621.4,56503.90347222222
9,77,7.12,65,621.4,56503.90416666667
16,90,7.15,66,621.4,56503.904861111114
15,117,7.18,68,621.4,56503.90555555555
14,102,7.23,67,621.4,56503.90625
11,86,7.25,64,621.4,56503.90694444445
14,111,7.31,63,621.4,56503.907638888886
12,96,7.36,68,621.4,56503.90833333333
10,72,7.4,65,621.4,56503.90902777778
17,94,7.45,68,621.4,56503.90972222222
17,86,7.49,67,621.4,56503.910416666666
19,91,7.52,60,621.4,56503.91111111111
20,62,7.52,60,621.3,56503.91180555556
17,110,7.58,63,621.3,56503.9125
16,79,7.6,63,621.4,56503.913194444445
18,89,7.6,58,621.4,56503.91388888889
17,89,7.58,59,621.3,56503.91458333333
17,89,7.58,60,621.3,56503.91527777778
15,95,7.57,58,621.3,56503.915972222225
13,112,7.56,57,621.4,56503.916666666664
14,91,7.58,65,621.4,56503.91736111111
16,83,7.58,63,621.4,56503.91805555556
15,52,7.59,63,621.3,56503.91875
20,114,7.61,61,621.3,56503.919444444444
20,115,7.64,55,621.3,56503.92013888889
18,92,7.67,55,621.3,56503.92083333333
17,128,7.69,57,621.3,56503.92152777778
15,60,7.73,58,621.3,56503.92222222222
16,91,7.77,59,621.3,56503.92291666667
16,92,7.8,57,621.3,56503.92361111111
18,118,7.84,56,621.3,56503.924305555556
14,102,7.88,58,621.3,56503.925
17,74,7.9,56,621.3,56503.92569444444
19,127,7.94,56,621.3,56503.92638888889
14,149,8.04,62,621.3,56503.927083333336
13,116,8.11,57,621.3,56503.927777777775
16,59,8.17,60,621.3,56503.92847222222
18,86,8.19,56,621.3,56503.92916666667
20,82,8.2,56,621.3,56503.92986111111
17,85,8.21,57,621.3,56503.930555555555
16,108,8.19,57,621.3,56503.93125
16,125,8.19,55,621.3,56503.93194444444
15,108,8.19,57,621.3,56503.93263888889
14,105,8.16,57,621.3,56503.933333333334
16,74,8.11,60,621.3,56503.93402777778
17,154,8.07,59,621.3,56503.93472222222
16,105,8.01,56,621.3,56503.93541666667
17,109,7.97,57,621.3,56503.936111111114
18,121,7.91,59,621.2,56503.93680555555
17,103,7.86,57,621.3,56503.9375
15,67,7.8,56,621.2,56503.93819444445
19,80,7.76,56,621.2,56503.938888888886
19,129,7.69,56,621.2,56503.93958333333
17,95,7.65,57,621.2,56503.94027777778
14,132,7.61,56,621.2,56503.94097222222
17,96,7.58,58,621.2,56503.941666666666
20,80,7.53,54,621.2,56503.94236111111
22,116,7.48,52,621.2,56503.94305555556
21,36,7.48,54,621.2,56503.94375
19,21,7.46,54,621.2,56503.944444444445
19,127,7.45,52,621.2,56503.94513888889
20,40,7.45,52,621.1,56503.94583333333
18,129,7.48,54,621.1,56503.94652777778
18,76,7.51,54,621.2,56503.947222222225
23,79,7.52,54,621.1,56503.947916666664
20,117,7.58,59,621.0,56503.94861111111
19,92,7.64,54,621.1,56503.94930555556
20,89,7.64,54,621.1,56503.95
16,117,7.67,56,621.1,56503.950694444444
18,85,7.73,55,621.1,56503.95138888889
21,80,7.76,54,621.2,56503.95208333333
22,70,7.77,52,621.0,56503.95277777778
18,106,7.8,53,621.0,56503.95347222222
21,122,7.85,57,621.1,56503.95416666667
22,94,7.88,57,621.1,56503.95486111111
17,114,7.85,56,621.1,56503.955555555556
22,125,7.85,60,621.0,56503.95625
20,108,7.84,61,621.0,56503.95694444444
16,66,7.83,61,621.1,56503.95763888889
18,104,7.82,59,621.0,56503.958333333336
17,112,7.84,65,621.0,56503.959027777775
21,120,7.85,63,621.0,56503.95972222222
19,111,7.85,60,621.0,56503.96041666667
19,83,7.82,55,621.0,56503.96111111111
19,87,7.78,58,621.0,56503.961805555555
20,119,7.74,59,621.0,56503.9625
20,194,7.67,58,621.0,56503.96319444444
17,109,7.64,60,621.0,56503.96388888889
20,116,7.58,61,621.0,56503.964583333334
21,113,7.52,61,621.0,56503.96527777778
21,92,7.47,62,620.9,56503.96597222222
20,103,7.42,63,620.9,56503.96666666667
22,110,7.4,62,620.9,56503.967361111114
19,97,7.4,61,620.9,56503.96805555555
24,103,7.41,61,620.9,56503.96875
23,91,7.42,64,620.9,56503.96944444445
23,92,7.43,62,620.9,56503.970138888886
24,100,7.46,62,620.9,56503.97083333333
23,114,7.47,61,620.9,56503.97152777778
17,105,7.56,61,620.9,56503.97222222222
22,103,7.65,62,620.9,56503.972916666666
21,116,7.73,62,620.9,56503.97361111111
19,109,7.82,62,620.9,56503.97430555556
21,102,7.92,58,620.9,56503.975
21,93,7.98,58,620.9,56503.975694444445
19,104,8.03,56,620.9,56503.97638888889
23,78,8.09,56,620.9,56503.97708333333
21,91,8.13,56,620.9,56503.97777777778
21,101,8.16,56,620.9,56503.978472222225
22,88,8.17,56,620.9,56503.979166666664
19,88,8.19,57,620.9,56503.97986111111
20,57,8.23,59,620.9,56503.98055555556
18,73,8.25,58,620.9,56503.98125
19,65,8.28,57,620.9,56503.981944444444
23,89,8.32,56,620.9,56503.98263888889
19,101,8.39,58,620.9,56503.98333333333
23,71,8.45,59,620.9,56503.98402777778
22,86,8.5,58,620.9,56503.98472222222
23,88,8.56,58,620.9,56503.98541666667
23,91,8.59,54,620.9,56503.98611111111
20,95,8.62,55,620.9,56503.986805555556
20,71,8.71,55,620.8,56503.9875
20,97,8.76,50,620.9,56503.98819444444
20,86,8.81,50,620.9,56503.98888888889
21,107,8.82,49,620.9,56503.989583333336
21,87,8.87,50,620.9,56503.990277777775
21,121,8.92,48,620.9,56503.99097222222
17,118,8.96,50,620.9,56503.99166666667
18,122,9.0,53,620.9,56503.99236111111
23,94,9.0,48,620.9,56503.993055555555
21,122,8.99,49,620.9,56503.99375
20,124,8.99,49,620.9,56503.99444444444
21,87,9.01,48,620.9,56503.99513888889
19,91,8.96,45,620.9,56503.995833333334
18,70,8.97,49,621.0,56503.99652777778
24,94,8.97,50,620.9,56503.99722222222
24,81,8.92,50,620.9,56503.99791666667
23,95,8.84,50,620.9,56503.998611111114
19,85,8.79,53,620.9,56503.99930555555
19,85,8.74,52,620.9,56504.0
20,141,8.71,52,620.9,56504.00069444445
18,91,8.7,51,620.9,56504.001388888886
20,91,8.67,50,620.9,56504.00208333333
21,117,8.64,48,620.9,56504.00277777778
21,127,8.62,49,620.9,56504.00347222222
17,96,8.62,53,620.9,56504.004166666666
17,97,8.63,53,620.9,56504.00486111111
20,73,8.65,50,620.9,56504.00555555556
22,108,8.63,46,620.9,56504.00625
23,94,8.61,50,620.9,56504.006944444445
20,114,8.61,52,620.9,56504.00763888889
22,141,8.56,48,620.8,56504.00833333333
24,96,8.52,47,620.8,56504.00902777778
25,93,8.46,49,620.9,56504.009722222225
20,112,8.4,48,620.8,56504.010416666664
18,92,8.38,53,620.9,56504.01111111111
21,79,8.33,55,620.9,56504.01180555556
21,97,8.31,52,620.9,56504.0125
19,95,8.3,53,620.9,56504.013194444444
17,119,8.28,53,620.9,56504.01388888889
16,98,8.28,51,621.0,56504.01458333333
17,132,8.29,55,621.0,56504.01527777778
23,82,8.31,55,621.0,56504.01597222222
21,93,8.31,55,621.0,56504.01666666667
19,116,8.34,57,620.9,56504.01736111111
20,72,8.32,52,620.9,56504.018055555556
20,69,8.29,53,620.9,56504.01875
18,103,8.24,53,621.0,56504.01944444444
18,102,8.19,52,621.0,56504.02013888889
19,92,8.13,50,621.0,56504.020833333336
20,119,8.07,56,621.0,56504.021527777775
21,95,8.01,57,621.0,56504.02222222222
23,90,7.92,54,621.0,56504.02291666667
17,130,7.84,54,621.0,56504.02361111111
20,101,7.76,58,621.0,56504.024305555555
21,68,7.62,54,621.0,56504.025
22,109,7.5,56,620.9,56504.02569444444
23,97,7.34,57,620.9,56504.02638888889
20,131,7.18,56,621.0,56504.027083333334
13,104,7.08,58,621.0,56504.02777777778
16,85,6.94,62,621.0,56504.02847222222
21,92,6.77,58,621.0,56504.02916666667
21,93,6.65,60,620.9,56504.029861111114
18,92,6.54,60,621.0,56504.03055555555
20,78,6.42,61,621.0,56504.03125
18,92,6.29,59,621.0,56504.03194444445
16,95,6.18,60,621.0,56504.032638888886
14,115,6.09,65,621.0,56504.03333333333
17,119,5.97,67,620.9,56504.03402777778
16,136,5.86,66,621.0,56504.03472222222
18,89,5.75,66,621.0,56504.035416666666
19,105,5.65,64,621.0,56504.03611111111
19,105,5.55,64,621.0,56504.03680555556
17,119,5.46,65,621.0,56504.0375
18,112,5.36,66,621.1,56504.038194444445
15,105,5.26,67,621.1,56504.03888888889
17,119,5.14,66,621.1,56504.03958333333
15,108,5.01,70,621.1,56504.04027777778
13,116,4.92,70,621.1,56504.040972222225
12,114,4.83,70,621.1,56504.041666666664
11,120,4.75,69,621.1,56504.04236111111
10,116,4.68,69,621.1,56504.04305555556
9,116,4.63,70,621.1,56504.04375
7,91,4.58,69,621.1,56504.044444444444
11,109,4.54,71,621.1,56504.04513888889
13,125,4.5,71,621.0,56504.04583333333
11,136,4.47,71,621.0,56504.04652777778
9,116,4.46,69,621.0,56504.04722222222
13,112,4.44,69,621.0,56504.04791666667
12,121,4.44,68,621.0,56504.04861111111
12,112,4.46,72,621.0,56504.049305555556
15,87,4.48,71,620.9,56504.05
13,117,4.51,69,620.9,56504.05069444444
11,109,4.55,70,621.0,56504.05138888889
12,89,4.6,71,621.0,56504.052083333336
14,106,4.65,73,620.9,56504.052777777775
14,83,4.71,72,620.9,56504.05347222222
16,98,4.78,74,620.9,56504.05416666667
14,116,4.85,75,620.9,56504.05486111111
14,124,4.93,72,620.9,56504.055555555555
11,124,5.03,73,620.9,56504.05625
13,74,5.09,71,620.9,56504.05694444444
11,81,5.17,70,621.0,56504.05763888889
12,88,5.24,73,621.0,56504.058333333334
13,104,5.31,72,621.0,56504.05902777778
14,108,5.35,66,621.0,56504.05972222222
12,111,5.39,67,621.0,56504.06041666667
11,125,5.44,69,621.0,56504.061111111114
12,109,5.5,71,620.9,56504.06180555555
15,100,5.53,69,620.9,56504.0625
13,99,5.56,69,620.9,56504.06319444445
15,100,5.58,70,621.0,56504.063888888886
15,93,5.59,68,620.9,56504.06458333333
17,94,5.6,66,620.9,56504.06527777778
17,90,5.61,66,620.9,56504.06597222222
21,93,5.6,66,620.9,56504.066666666666
20,93,5.58,66,620.9,56504.06736111111
19,88,5.55,64,620.9,56504.06805555556
14,91,5.53,64,620.9,56504.06875
15,105,5.5,65,620.9,56504.069444444445
18,84,5.44,62,620.9,56504.07013888889
19,63,5.4,62,620.8,56504.07083333333
19,93,5.37,62,620.9,56504.07152777778
19,87,5.3,64,620.9,56504.072222222225
18,93,5.25,65,620.8,56504.072916666664
19,86,5.19,66,620.9,56504.07361111111
17,91,5.14,67,620.9,56504.07430555556
18,95,5.08,67,620.9,56504.075
20,88,5.03,64,620.9,56504.075694444444
19,94,4.97,66,620.9,56504.07638888889
20,96,4.92,66,620.9,56504.07708333333
17,106,4.86,65,620.9,56504.07777777778
18,102,4.8,65,620.9,56504.07847222222
18,104,4.74,65,620.9,56504.07916666667
18,75,4.69,67,620.9,56504.07986111111
20,108,4.64,69,620.9,56504.080555555556
17,100,4.6,70,620.9,56504.08125
20,94,4.55,64,620.9,56504.08194444444
18,92,4.51,64,621.0,56504.08263888889
18,90,4.49,68,621.0,56504.083333333336
15,92,4.47,69,621.0,56504.084027777775
14,92,4.46,70,621.0,56504.08472222222
16,80,4.46,70,621.0,56504.08541666667
15,80,4.44,68,621.0,56504.08611111111
16,104,4.43,67,621.0,56504.086805555555
15,96,4.42,69,621.0,56504.0875
17,108,4.41,68,621.0,56504.08819444444
14,90,4.4,69,621.0,56504.08888888889
15,78,4.4,71,621.0,56504.089583333334
14,90,4.39,70,621.0,56504.09027777778
16,85,4.39,72,621.0,56504.09097222222
15,100,4.38,70,621.0,56504.09166666667
16,90,4.37,66,621.0,56504.092361111114
16,96,4.37,67,621.0,56504.09305555555
15,94,4.37,70,621.0,56504.09375
13,97,4.37,72,621.0,56504.09444444445
18,85,4.35,68,621.0,56504.095138888886
14,79,4.34,68,621.0,56504.09583333333
10,96,4.35,69,621.0,56504.09652777778
16,83,4.36,71,621.0,56504.09722222222
18,95,4.34,70,621.0,56504.097916666666
17,100,4.33,68,621.0,56504.09861111111
13,104,4.32,68,621.0,56504.09930555556
12,92,4.33,71,621.0,56504.1
14,113,4.32,71,621.0,56504.100694444445
14,96,4.32,73,620.9,56504.10138888889
14,102,4.31,72,620.9,56504.10208333333
15,109,4.3,69,620.9,56504.10277777778
16,105,4.29,71,620.9,56504.103472222225
16,95,4.28,71,620.9,56504.104166666664
18,98,4.26,71,620.9,56504.10486111111
17,87,4.24,71,620.9,56504.10555555556
17,110,4.22,73,620.9,56504.10625
13,104,4.22,74,620.9,56504.106944444444
18,94,4.21,73,620.9,56504.10763888889
16,102,4.19,74,620.9,56504.10833333333
14,97,4.19,74,621.0,56504.10902777778
17,86,4.19,73,620.9,56504.10972222222
20,110,4.19,69,620.9,56504.11041666667
18,87,4.19,70,620.9,56504.11111111111
17,76,4.22,73,620.9,56504.111805555556
16,77,4.22,75,620.9,56504.1125
14,104,4.24,77,620.9,56504.11319444444
19,97,4.26,73,620.9,56504.11388888889
19,94,4.27,66,620.9,56504.114583333336
17,107,4.31,71,620.9,56504.115277777775
18,97,4.34,74,620.9,56504.11597222222
17,107,4.36,70,620.8,56504.11666666667
21,87,4.39,70,620.8,56504.11736111111
18,92,4.4,70,620.8,56504.118055555555
17,108,4.42,70,620.8,56504.11875
19,109,4.44,69,620.8,56504.11944444444
21,89,4.46,67,620.7,56504.12013888889
23,89,4.47,67,620.8,56504.120833333334
23,83,4.47,68,620.8,56504.12152777778
23,88,4.47,69,620.8,56504.12222222222
19,94,4.48,71,620.8,56504.12291666667
19,95,4.45,68,620.8,56504.123611111114
20,95,4.43,71,620.8,56504.12430555555
22,100,4.39,69,620.8,56504.125
18,94,4.35,69,620.8,56504.12569444445
16,89,4.33,72,620.8,56504.126388888886
19,104,4.29,73,620.8,56504.12708333333
22,91,4.23,69,620.8,56504.12777777778
20,108,4.22,70,620.8,56504.12847222222
19,108,4.19,70,620.8,56504.129166666666
20,91,4.16,71,620.8,56504.12986111111
19,95,4.14,73,620.8,56504.13055555556
22,95,4.09,72,620.8,56504.13125
22,90,4.04,68,620.8,56504.131944444445
18,83,4.0,70,620.8,56504.13263888889
22,90,3.96,71,620.8,56504.13333333333
19,101,3.91,72,620.8,56504.13402777778
19,95,3.88,73,620.8,56504.134722222225
16,100,3.86,75,620.9,56504.135416666664
18,109,3.83,78,620.8,56504.13611111111
17,92,3.81,78,620.8,56504.13680555556
21,90,3.8,78,620.8,56504.1375
22,83,3.78,74,620.8,56504.138194444444
22,92,3.79,76,620.8,56504.13888888889
26,97,3.79,73,620.7,56504.13958333333
24,89,3.81,75,620.7,56504.14027777778
25,116,3.85,74,620.7,56504.14097222222
22,109,3.89,74,620.7,56504.14166666667
24,110,3.93,75,620.7,56504.14236111111
28,92,4.0,76,620.6,56504.143055555556
26,101,4.04,74,620.6,56504.14375
27,96,4.08,73,620.7,56504.14444444444
25,91,4.12,74,620.7,56504.14513888889
26,100,4.15,72,620.7,56504.145833333336
22,85,4.19,72,620.7,56504.146527777775
23,98,4.23,77,620.7,56504.14722222222
22,71,4.25,76,620.7,56504.14791666667
23,98,4.28,75,620.7,56504.14861111111
22,95,4.31,73,620.7,56504.149305555555
28,94,4.34,72,620.7,56504.15
22,98,4.37,71,620.7,56504.15069444444
24,95,4.42,71,620.7,56504.15138888889
27,80,4.44,70,620.8,56504.152083333334
24,73,4.45,72,620.8,56504.15277777778
23,84,4.46,73,620.8,56504.15347222222
26,95,4.44,72,620.7,56504.15416666667
24,90,4.41,74,620.8,56504.154861111114
29,91,4.35,71,620.7,56504.15555555555
23,87,4.3,71,620.7,56504.15625
26,97,4.25,72,620.7,56504.15694444445
26,91,4.2,72,620.8,56504.157638888886
20,86,4.15,73,620.8,56504.15833333333
24,105,4.09,72,620.8,56504.15902777778
20,104,4.07,74,620.8,56504.15972222222
26,111,4.07,74,620.8,56504.160416666666
24,91,4.06,76,620.8,56504.16111111111
24,91,4.08,77,620.8,56504.16180555556
25,87,4.1,73,620.8,56504.1625
24,92,4.1,70,620.8,56504.163194444445
24,86,4.14,72,620.8,56504.16388888889
24,103,4.17,70,620.8,56504.16458333333
28,93,4.18,74,620.8,56504.16527777778
27,91,4.16,71,620.8,56504.165972222225
29,92,4.14,73,620.8,56504.166666666664
24,89,4.12,75,620.8,56504.16736111111
24,95,4.09,73,620.9,56504.16805555556
27,95,4.05,71,620.9,56504.16875
25,96,4.02,72,620.9,56504.169444444444
26,91,3.99,75,621.0,56504.17013888889
23,84,3.96,75,621.0,56504.17083333333
25,93,3.93,75,620.9,56504.17152777778
26,94,3.88,76,620.9,56504.17222222222
23,100,3.85,76,621.0,56504.17291666667
26,95,3.79,76,621.0,56504.17361111111
24,95,3.75,76,621.0,56504.174305555556
21,94,3.7,77,621.0,56504.175
24,87,3.65,77,621.0,56504.17569444444
26,81,3.6,78,621.0,56504.17638888889
25,108,3.55,80,621.0,56504.177083333336
25,101,3.5,79,621.0,56504.177777777775
21,109,3.46,80,621.1,56504.17847222222
17,102,3.43,81,621.1,56504.17916666667
18,85,3.4,82,621.1,56504.17986111111
25,64,3.35,83,621.1,56504.180555555555
24,92,3.29,81,621.1,56504.18125
14,93,3.27,82,621.1,56504.18194444444
20,88,3.24,84,621.1,56504.18263888889
22,81,3.18,82,621.1,56504.183333333334
22,64,3.15,81,621.2,56504.18402777778
24,91,3.1,81,621.1,56504.18472222222
22,92,3.06,79,621.1,56504.18541666667
19,82,3.03,80,621.2,56504.186111111114
22,89,3.0,81,621.2,56504.18680555555
20,90,2.96,82,621.3,56504.1875
16,92,2.94,83,621.2,56504.18819444445
19,96,2.92,84,621.2,56504.188888888886
22,75,2.89,84,621.2,56504.18958333333
20,82,2.86,84,621.2,56504.19027777778
25,85,2.83,85,621.2,56504.19097222222
27,82,2.81,85,621.2,56504.191666666666
27,95,2.76,81,621.2,56504.19236111111
29,72,2.74,82,621.2,56504.19305555556
25,87,2.72,82,621.3,56504.19375
22,78,2.72,84,621.3,56504.194444444445
24,89,2.7,86,621.3,56504.19513888889
25,85,2.67,85,621.3,56504.19583333333
22,76,2.65,84,621.3,56504.19652777778
19,82,2.64,82,621.4,56504.197222222225
24,69,2.64,85,621.3,56504.197916666664
30,74,2.6,80,621.3,56504.19861111111
28,89,2.59,78,621.4,56504.19930555556
26,84,2.59,80,621.4,56504.2
26,73,2.58,81,621.4,56504.200694444444
24,81,2.59,81,621.4,56504.20138888889
21,78,2.6,82,621.4,56504.20208333333
24,87,2.6,83,621.4,56504.20277777778
22,72,2.6,82,621.5,56504.20347222222
23,82,2.6,83,621.4,56504.20416666667
30,80,2.58,83,621.4,56504.20486111111
32,77,2.57,82,621.4,56504.205555555556
26,79,2.59,80,621.5,56504.20625
24,73,2.6,81,621.4,56504.20694444444
28,85,2.59,81,621.4,56504.20763888889
25,65,2.58,78,621.5,56504.208333333336
23,66,2.6,82,621.4,56504.209027777775
28,77,2.59,84,621.4,56504.20972222222
30,72,2.57,83,621.4,56504.21041666667
29,78,2.55,82,621.5,56504.21111111111
25,79,2.54,82,621.5,56504.211805555555
26,76,2.52,82,621.5,56504.2125
21,90,2.51,83,621.5,56504.21319444444
18,77,2.52,84,621.5,56504.21388888889
17,80,2.51,84,621.5,56504.214583333334
21,73,2.49,85,621.4,56504.21527777778
22,75,2.47,87,621.4,56504.21597222222
24,82,2.44,89,621.4,56504.21666666667
28,96,2.38,87,621.3,56504.217361111114
27,82,2.33,85,621.4,56504.21805555555
26,95,2.31,87,621.4,56504.21875
27,105,2.29,88,621.4,56504.21944444445
30,83,2.24,88,621.4,56504.220138888886
26,83,2.2,86,621.4,56504.22083333333
26,94,2.17,84,621.4,56504.22152777778
25,97,2.16,86,621.4,56504.22222222222
26,85,2.14,88,621.4,56504.222916666666
26,93,2.11,88,621.4,56504.22361111111
27,77,2.09,89,621.4,56504.22430555556
29,82,2.06,90,621.4,56504.225
30,87,2.03,89,621.3,56504.225694444445
31,83,2.01,90,621.3,56504.22638888889
31,92,1.96,89,621.4,56504.22708333333
32,92,1.94,88,621.2,56504.22777777778
32,119,1.9,84,621.3,56504.228472222225
30,68,1.9,84,621.2,56504.229166666664
30,79,1.94,87,621.3,56504.22986111111
31,88,1.92,89,621.2,56504.23055555556
32,92,1.91,88,621.2,56504.23125
33,84,1.9,90,621.3,56504.231944444444
31,76,1.87,89,621.3,56504.23263888889
30,91,1.84,89,621.4,56504.23333333333
30,85,1.84,90,621.4,56504.23402777778
28,76,1.81,90,621.4,56504.23472222222
27,86,1.81,91,621.5,56504.23541666667
27,83,1.77,92,621.5,56504.23611111111
28,82,1.74,92,621.5,56504.236805555556
28,79,1.71,92,621.5,56504.2375
29,100,1.71,91,621.6,56504.23819444444
24,95,1.71,90,621.6,56504.23888888889
27,86,1.7,92,621.6,56504.239583333336
27,80,1.68,92,621.6,56504.240277777775
27,100,1.65,92,621.6,56504.24097222222
23,86,1.63,92,621.6,56504.24166666667
25,89,1.63,92,621.6,56504.24236111111
28,77,1.61,93,621.6,56504.243055555555
29,89,1.57,93,621.6,56504.24375
27,94,1.54,92,621.5,56504.24444444444
26,91,1.53,92,621.6,56504.24513888889
27,84,1.51,92,621.6,56504.245833333334
27,69,1.49,92,621.7,56504.24652777778
27,83,1.47,92,621.7,56504.24722222222
29,79,1.43,89,621.7,56504.24791666667
21,87,1.42,85,621.7,56504.248611111114
27,80,1.44,87,621.6,56504.24930555555
26,92,1.44,88,621.6,56504.25
28,89,1.44,89,621.7,56504.25069444445
27,94,1.43,87,621.7,56504.251388888886
29,94,1.43,87,621.6,56504.25208333333
28,82,1.42,86,621.7,56504.25277777778
27,83,1.42,85,621.7,56504.25347222222
25,80,1.44,89,621.7,56504.254166666666
28,86,1.43,88,621.7,56504.25486111111
29,65,1.4,85,621.7,56504.25555555556
29,84,1.39,83,621.7,56504.25625
28,73,1.38,83,621.7,56504.256944444445
26,86,1.39,84,621.6,56504.25763888889
29,92,1.38,85,621.6,56504.25833333333
29,86,1.38,85,621.6,56504.25902777778
28,78,1.37,84,621.6,56504.259722222225
27,76,1.35,82,621.6,56504.260416666664
30,81,1.34,82,621.6,56504.26111111111
32,70,1.32,81,621.6,56504.26180555556
32,78,1.3,79,621.6,56504.2625
26,90,1.31,81,621.6,56504.263194444444
29,82,1.31,80,621.6,56504.26388888889
28,90,1.31,81,621.7,56504.26458333333
29,85,1.31,80,621.8,56504.26527777778
31,76,1.3,79,621.7,56504.26597222222
30,83,1.31,79,621.8,56504.26666666667
31,79,1.31,77,621.8,56504.26736111111
31,77,1.32,79,621.7,56504.268055555556
31,91,1.32,82,621.6,56504.26875
32,99,1.32,83,621.7,56504.26944444444
32,86,1.31,82,621.7,56504.27013888889
31,89,1.29,79,621.7,56504.270833333336
33,86,1.29,81,621.6,56504.271527777775
31,91,1.27,79,621.8,56504.27222222222
27,82,1.29,82,621.8,56504.27291666667
26,81,1.28,83,621.8,56504.27361111111
30,99,1.26,81,621.8,56504.274305555555
29,78,1.26,81,621.7,56504.275
31,95,1.24,82,621.7,56504.27569444444
30,81,1.23,79,621.8,56504.27638888889
35,83,1.21,80,621.8,56504.277083333334
30,90,1.21,81,621.9,56504.27777777778
32,91,1.2,81,621.9,56504.27847222222
30,93,1.2,80,621.9,56504.27916666667
28,90,1.2,82,622.0,56504.279861111114
29,92,1.2,81,622.0,56504.28055555555
29,89,1.2,80,622.0,56504.28125
23,112,1.2,81,622.0,56504.28194444445
27,88,1.21,82,622.0,56504.282638888886
27,92,1.2,81,622.0,56504.28333333333
30,78,1.18,79,622.0,56504.28402777778
30,82,1.18,77,622.0,56504.28472222222
28,91,1.19,76,622.0,56504.285416666666
28,93,1.2,77,622.0,56504.28611111111
30,89,1.2,76,622.0,56504.28680555556
24,82,1.22,77,622.0,56504.2875
29,94,1.23,80,622.0,56504.288194444445
27,81,1.23,79,622.0,56504.28888888889
31,81,1.23,80,622.0,56504.28958333333
28,94,1.23,79,622.0,56504.29027777778
29,80,1.23,80,622.0,56504.290972222225
30,87,1.23,80,622.0,56504.291666666664
29,78,1.23,80,622.1,56504.29236111111
27,83,1.23,81,622.1,56504.29305555556
24,93,1.22,79,622.2,56504.29375
24,86,1.23,80,622.2,56504.294444444444
27,90,1.21,78,622.2,56504.29513888889
26,93,1.2,76,622.2,56504.29583333333
25,85,1.2,77,622.1,56504.29652777778
30,94,1.2,75,622.1,56504.29722222222
30,83,1.19,72,622.1,56504.29791666667
31,83,1.2,74,622.0,56504.29861111111
31,100,1.22,75,622.1,56504.299305555556
27,83,1.24,77,622.1,56504.3
29,101,1.25,79,622.1,56504.30069444444
27,70,1.26,78,622.2,56504.30138888889
28,105,1.26,75,622.1,56504.302083333336
29,83,1.26,76,622.1,56504.302777777775
29,91,1.28,76,622.2,56504.30347222222
28,67,1.29,77,622.2,56504.30416666667
28,88,1.31,76,622.2,56504.30486111111
28,88,1.32,77,622.3,56504.305555555555
29,75,1.32,77,622.2,56504.30625
30,83,1.32,77,622.2,56504.30694444444
31,86,1.34,76,622.1,56504.30763888889
31,92,1.34,76,622.1,56504.308333333334
28,87,1.35,76,622.2,56504.30902777778
29,82,1.35,76,622.2,56504.30972222222
26,89,1.36,76,622.2,56504.31041666667
26,93,1.38,77,622.3,56504.311111111114
29,97,1.38,78,622.2,56504.31180555555
29,80,1.38,77,622.2,56504.3125
32,87,1.38,78,622.1,56504.31319444445
32,82,1.37,77,622.2,56504.313888888886
31,94,1.36,77,622.2,56504.31458333333
32,86,1.36,77,622.3,56504.31527777778
31,82,1.37,77,622.3,56504.31597222222
28,100,1.37,76,622.4,56504.316666666666
29,94,1.38,75,622.3,56504.31736111111
30,101,1.38,72,622.2,56504.31805555556
30,90,1.4,73,622.2,56504.31875
32,78,1.41,73,622.2,56504.319444444445
31,79,1.41,75,622.2,56504.32013888889
29,80,1.41,75,622.3,56504.32083333333
29,73,1.41,76,622.3,56504.32152777778
31,124,1.41,75,622.3,56504.322222222225
30,70,1.42,71,622.4,56504.322916666664
27,98,1.44,73,622.4,56504.32361111111
26,102,1.45,74,622.3,56504.32430555556
25,81,1.46,74,622.4,56504.325
26,90,1.47,75,622.3,56504.325694444444
27,87,1.48,75,622.3,56504.32638888889
30,90,1.47,74,622.2,56504.32708333333
32,101,1.47,73,622.2,56504.32777777778
26,72,1.5,75,622.2,56504.32847222222
31,85,1.5,76,622.2,56504.32916666667
30,90,1.5,75,622.2,56504.32986111111
30,89,1.49,76,622.2,56504.330555555556
34,94,1.48,75,622.2,56504.33125
35,78,1.47,74,622.2,56504.33194444444
30,90,1.47,74,622.3,56504.33263888889
30,87,1.47,75,622.4,56504.333333333336
29,87,1.47,75,622.4,56504.334027777775
31,93,1.46,74,622.3,56504.33472222222
31,75,1.47,75,622.3,56504.33541666667
32,79,1.45,74,622.3,56504.33611111111
32,70,1.45,74,622.3,56504.336805555555
32,53,1.46,73,622.3,56504.3375
31,79,1.47,73,622.3,56504.33819444444
32,96,1.48,73,622.3,56504.33888888889
28,71,1.49,73,622.3,56504.339583333334
30,89,1.49,73,622.3,56504.34027777778
29,80,1.5,72,622.3,56504.34097222222
27,83,1.5,73,622.4,56504.34166666667
25,80,1.52,73,622.5,56504.342361111114
28,75,1.54,73,622.5,56504.34305555555
27,85,1.58,74,622.4,56504.34375
30,86,1.6,75,622.3,56504.34444444445
27,94,1.62,74,622.3,56504.345138888886
34,75,1.62,72,622.2,56504.34583333333
31,79,1.63,73,622.2,56504.34652777778
33,87,1.63,72,622.3,56504.34722222222
33,92,1.63,71,622.3,56504.347916666666
30,79,1.63,72,622.3,56504.34861111111
30,77,1.63,72,622.4,56504.34930555556
29,90,1.63,71,622.4,56504.35
27,78,1.63,71,622.3,56504.350694444445
28,87,1.63,72,622.3,56504.35138888889
27,91,1.62,73,622.3,56504.35208333333
28,71,1.6,73,622.2,56504.35277777778
30,77,1.58,71,622.2,56504.353472222225
28,83,1.57,71,622.2,56504.354166666664
30,85,1.54,72,622.2,56504.35486111111
29,85,1.54,73,622.2,56504.35555555556
29,64,1.51,74,622.2,56504.35625
31,71,1.48,75,622.2,56504.356944444444
28,72,1.46,76,622.2,56504.35763888889
29,74,1.43,75,622.2,56504.35833333333
30,90,1.4,75,622.1,56504.35902777778
30,108,1.38,74,622.1,56504.35972222222
31,83,1.36,72,622.1,56504.36041666667
31,71,1.34,73,622.2,56504.36111111111
31,68,1.32,70,622.2,56504.361805555556
33,90,1.32,70,622.2,56504.3625
34,67,1.32,69,622.2,56504.36319444444
32,78,1.33,68,622.1,56504.36388888889
32,84,1.35,72,622.2,56504.364583333336
28,88,1.36,73,622.2,56504.365277777775
31,79,1.36,72,622.1,56504.36597222222
32,85,1.36,70,622.1,56504.36666666667
32,102,1.38,70,622.2,56504.36736111111
34,75,1.38,69,622.1,56504.368055555555
32,97,1.41,70,622.0,56504.36875
27,96,1.43,70,622.2,56504.36944444444
33,96,1.44,71,622.1,56504.37013888889
33,90,1.45,70,622.1,56504.370833333334
31,106,1.45,71,622.2,56504.37152777778
29,80,1.46,69,622.2,56504.37222222222
27,100,1.48,70,622.2,56504.37291666667
30,72,1.49,70,622.2,56504.373611111114
29,80,1.5,73,622.1,56504.37430555555
30,91,1.5,74,622.1,56504.375
29,79,1.5,73,622.1,56504.37569444445
30,79,1.49,74,622.1,56504.376388888886
31,75,1.48,74,622.1,56504.37708333333
34,98,1.45,73,622.1,56504.37777777778
34,79,1.44,72,622.1,56504.37847222222
33,94,1.44,72,622.0,56504.379166666666
28,89,1.44,73,622.1,56504.37986111111
30,67,1.43,74,622.1,56504.38055555556
30,92,1.43,72,622.1,56504.38125
31,85,1.42,73,622.1,56504.381944444445
29,78,1.42,75,622.1,56504.38263888889
29,80,1.41,71,622.1,56504.38333333333
31,85,1.41,74,622.1,56504.38402777778
32,92,1.39,75,622.0,56504.384722222225
33,83,1.38,73,622.0,56504.385416666664
31,79,1.38,73,622.0,56504.38611111111
32,84,1.38,73,622.0,56504.38680555556
32,82,1.37,73,622.0,56504.3875
28,83,1.38,71,622.1,56504.388194444444
27,92,1.39,74,622.1,56504.38888888889
28,81,1.38,74,622.1,56504.38958333333
29,82,1.38,74,622.1,56504.39027777778
32,71,1.37,72,622.1,56504.39097222222
28,83,1.38,74,622.1,56504.39166666667
32,97,1.37,71,622.1,56504.39236111111
31,87,1.37,72,622.1,56504.393055555556
31,84,1.37,72,622.0,56504.39375
26,77,1.38,75,622.0,56504.39444444444
28,81,1.37,74,622.0,56504.39513888889
28,77,1.36,77,622.0,56504.395833333336
31,87,1.33,75,622.0,56504.396527777775
31,85,1.29,76,622.1,56504.39722222222
31,73,1.28,75,622.1,56504.39791666667
32,69,1.24,74,622.0,56504.39861111111
33,83,1.23,75,622.1,56504.399305555555
30,72,1.22,75,622.1,56504.4
30,77,1.2,75,622.1,56504.40069444444
31,81,1.2,75,622.1,56504.40138888889
31,80,1.19,75,622.0,56504.402083333334
31,96,1.18,75,622.0,56504.40277777778
30,86,1.17,74,622.0,56504.40347222222
30,88,1.17,75,622.0,56504.40416666667
31,68,1.17,77,622.0,56504.404861111114
33,55,1.15,76,622.0,56504.40555555555
32,82,1.15,75,622.0,56504.40625
30,74,1.15,76,621.8,56504.40694444445
32,91,1.14,76,621.8,56504.407638888886
31,71,1.14,76,621.8,56504.40833333333
30,83,1.13,78,621.8,56504.40902777778
31,88,1.11,78,621.9,56504.40972222222
32,76,1.11,78,621.9,56504.410416666666
32,80,1.09,76,622.0,56504.41111111111
29,79,1.09,78,621.9,56504.41180555556
32,75,1.08,77,621.9,56504.4125
35,71,1.08,76,621.9,56504.413194444445
34,73,1.11,74,622.0,56504.41388888889
28,77,1.16,75,621.9,56504.41458333333
28,74,1.17,77,621.9,56504.41527777778
31,67,1.17,77,621.8,56504.415972222225
