wind_speed,wind_direction,temperature,relative_humidity,pressure,mjd
6,71,1.42,11,616.4,56409.416666666664
6,70,1.44,11,616.4,56409.41736111111
5,85,1.43,10,616.4,56409.41805555556
4,85,1.43,11,616.4,56409.41875
3,90,1.44,10,616.4,56409.419444444444
3,93,1.45,10,616.4,56409.42013888889
2,103,1.49,10,616.4,56409.42083333333
2,85,1.51,10,616.4,56409.42152777778
2,85,1.5,10,616.4,56409.42222222222
2,79,1.46,10,616.4,56409.42291666667
3,76,1.42,10,616.4,56409.42361111111
2,70,1.44,10,616.4,56409.424305555556
1,70,1.45,11,616.4,56409.425
1,66,1.48,11,616.4,56409.42569444444
0,66,1.53,11,616.4,56409.42638888889
0,66,1.57,11,616.4,56409.427083333336
0,72,1.6,11,616.4,56409.427777777775
0,74,1.62,11,616.4,56409.42847222222
0,74,1.64,11,616.4,56409.42916666667
1,108,1.67,11,616.4,56409.42986111111
1,76,1.71,12,616.4,56409.430555555555
2,75,1.72,12,616.4,56409.43125
2,78,1.71,11,616.4,56409.43194444444
3,97,1.72,11,616.4,56409.43263888889
4,73,1.7,11,616.4,56409.433333333334
3,80,1.7,11,616.3,56409.43402777778
3,65,1.69,12,616.3,56409.43472222222
1,65,1.71,12,616.3,56409.43541666667
1,75,1.71,13,616.3,56409.436111111114
2,72,1.72,13,616.3,56409.43680555555
4,75,1.69,12,616.3,56409.4375
5,83,1.66,12,616.3,56409.43819444445
5,88,1.66,11,616.3,56409.438888888886
6,77,1.63,11,616.3,56409.43958333333
6,84,1.56,11,616.3,56409.44027777778
6,84,1.54,11,616.3,56409.44097222222
6,86,1.51,10,616.3,56409.441666666666
4,86,1.5,10,616.3,56409.44236111111
5,75,1.49,11,616.3,56409.44305555556
5,77,1.47,11,616.3,56409.44375
5,81,1.45,11,616.3,56409.444444444445
6,79,1.44,11,616.3,56409.44513888889
7,78,1.39,11,616.3,56409.44583333333
7,77,1.37,10,616.3,56409.44652777778
6,75,1.38,10,616.3,56409.447222222225
6,76,1.39,10,616.2,56409.447916666664
5,80,1.39,10,616.2,56409.44861111111
4,91,1.41,11,616.2,56409.44930555556
5,91,1.38,10,616.2,56409.45
4,79,1.36,10,616.2,56409.450694444444
5,87,1.36,10,616.2,56409.45138888889
6,84,1.37,10,616.2,56409.45208333333
8,75,1.36,10,616.2,56409.45277777778
8,76,1.36,10,616.2,56409.45347222222
8,80,1.35,10,616.1,56409.45416666667
8,81,1.35,10,616.1,56409.45486111111
8,88,1.33,11,616.1,56409.455555555556
8,81,1.29,11,616.1,56409.45625
9,81,1.29,10,616.1,56409.45694444444
8,78,1.3,10,616.1,56409.45763888889
7,78,1.32,10,616.1,56409.458333333336
7,89,1.32,10,616.1,56409.459027777775
7,82,1.34,11,616.1,56409.45972222222
6,79,1.37,11,616.1,56409.46041666667
6,78,1.4,11,616.1,56409.46111111111
5,86,1.44,11,616.1,56409.461805555555
5,81,1.46,10,616.1,56409.4625
7,77,1.48,10,616.1,56409.46319444444
8,83,1.49,10,616.1,56409.46388888889
7,79,1.47,9,616.1,56409.464583333334
6,82,1.47,9,616.1,56409.46527777778
5,108,1.47,10,616.1,56409.46597222222
4,88,1.49,11,616.1,56409.46666666667
3,92,1.49,11,616.1,56409.467361111114
1,96,1.5,11,616.1,56409.46805555555
1,99,1.49,11,616.1,56409.46875
1,99,1.51,11,616.1,56409.46944444445
0,97,1.5,10,616.1,56409.470138888886
0,101,1.48,10,616.1,56409.47083333333
0,104,1.49,10,616.1,56409.47152777778
0,104,1.53,10,616.1,56409.47222222222
0,104,1.58,10,616.1,56409.472916666666
0,104,1.64,11,616.1,56409.47361111111
0,104,1.67,11,616.1,56409.47430555556
0,104,1.71,12,616.0,56409.475
0,102,1.76,13,616.0,56409.475694444445
0,97,1.8,13,616.0,56409.47638888889
0,93,1.82,13,616.0,56409.47708333333
0,90,1.84,13,616.0,56409.47777777778
0,88,1.84,12,616.0,56409.478472222225
0,88,1.84,12,616.0,56409.479166666664
0,88,1.84,12,616.0,56409.47986111111
0,88,1.84,12,616.0,56409.48055555556
0,89,1.84,12,616.0,56409.48125
0,88,1.78,12,615.9,56409.481944444444
1,88,1.69,12,615.9,56409.48263888889
0,89,1.6,12,615.9,56409.48333333333
0,91,1.47,12,615.9,56409.48402777778
0,91,1.37,12,615.9,56409.48472222222
1,84,1.28,12,615.9,56409.48541666667
1,80,1.2,13,615.9,56409.48611111111
2,80,1.18,13,615.9,56409.486805555556
3,84,1.17,12,615.8,56409.4875
3,84,1.18,12,615.8,56409.48819444444
3,81,1.24,11,615.8,56409.48888888889
3,88,1.29,11,615.8,56409.489583333336
3,92,1.3,10,615.8,56409.490277777775
1,94,1.27,10,615.8,56409.49097222222
0,93,1.24,10,615.8,56409.49166666667
0,93,1.26,9,615.8,56409.49236111111
0,93,1.29,9,615.8,56409.493055555555
0,93,1.32,9,615.8,56409.49375
0,89,1.37,10,615.8,56409.49444444444
0,83,1.42,10,615.8,56409.49513888889
0,83,1.46,10,615.8,56409.495833333334
0,83,1.47,10,615.8,56409.49652777778
0,83,1.5,11,615.8,56409.49722222222
0,84,1.55,11,615.8,56409.49791666667
0,84,1.59,11,615.8,56409.498611111114
0,84,1.64,10,615.8,56409.49930555555
0,85,1.65,10,615.8,56409.5
0,86,1.66,9,615.8,56409.50069444445
0,87,1.64,9,615.8,56409.501388888886
0,87,1.62,9,615.7,56409.50208333333
0,87,1.63,9,615.7,56409.50277777778
0,102,1.61,10,615.7,56409.50347222222
0,87,1.62,10,615.7,56409.504166666666
0,87,1.66,10,615.7,56409.50486111111
0,87,1.71,11,615.7,56409.50555555556
0,87,1.73,11,615.7,56409.50625
0,87,1.76,11,615.7,56409.506944444445
0,87,1.79,10,615.7,56409.50763888889
0,87,1.82,10,615.7,56409.50833333333
0,87,1.85,11,615.7,56409.50902777778
0,87,1.89,11,615.7,56409.509722222225
0,89,1.92,11,615.7,56409.510416666664
0,89,1.93,9,615.7,56409.51111111111
0,89,1.96,11,615.7,56409.51180555556
0,89,1.99,11,615.7,56409.5125
0,89,1.99,11,615.7,56409.513194444444
0,89,1.98,12,615.7,56409.51388888889
0,89,1.91,14,615.6,56409.51458333333
1,89,1.89,16,615.6,56409.51527777778
1,88,1.88,16,615.6,56409.51597222222
1,88,1.87,13,615.6,56409.51666666667
2,87,1.85,12,615.6,56409.51736111111
1,87,1.82,10,615.6,56409.518055555556
0,87,1.79,10,615.6,56409.51875
0,87,1.76,10,615.6,56409.51944444444
0,87,1.72,10,615.6,56409.52013888889
0,87,1.74,13,615.6,56409.520833333336
0,87,1.75,14,615.6,56409.521527777775
0,89,1.73,14,615.6,56409.52222222222
0,91,1.7,15,615.6,56409.52291666667
0,92,1.66,15,615.6,56409.52361111111
0,96,1.64,15,615.6,56409.524305555555
0,96,1.65,13,615.6,56409.525
1,93,1.68,12,615.6,56409.52569444444
3,93,1.69,11,615.5,56409.52638888889
3,92,1.71,10,615.5,56409.527083333334
3,92,1.72,10,615.5,56409.52777777778
3,92,1.72,10,615.5,56409.52847222222
3,92,1.7,11,615.5,56409.52916666667
3,93,1.69,11,615.5,56409.529861111114
3,92,1.69,10,615.5,56409.53055555555
4,88,1.67,10,615.4,56409.53125
4,87,1.63,10,615.4,56409.53194444445
4,89,1.58,10,615.4,56409.532638888886
4,91,1.52,10,615.4,56409.53333333333
3,91,1.51,9,615.4,56409.53402777778
2,91,1.54,9,615.4,56409.53472222222
1,91,1.59,9,615.4,56409.535416666666
0,91,1.66,11,615.4,56409.53611111111
0,91,1.72,11,615.4,56409.53680555556
0,91,1.8,14,615.4,56409.5375
0,91,1.88,15,615.4,56409.538194444445
0,92,1.95,14,615.4,56409.53888888889
0,91,1.98,13,615.4,56409.53958333333
0,92,2.0,12,615.4,56409.54027777778
0,91,2.0,11,615.4,56409.540972222225
0,91,1.99,10,615.4,56409.541666666664
0,91,1.97,9,615.4,56409.54236111111
0,86,1.96,9,615.3,56409.54305555556
1,84,1.96,9,615.3,56409.54375
2,83,1.94,9,615.3,56409.544444444444
3,82,1.9,9,615.3,56409.54513888889
3,84,1.9,8,615.3,56409.54583333333
2,83,1.87,9,615.3,56409.54652777778
1,82,1.86,9,615.3,56409.54722222222
1,82,1.83,9,615.3,56409.54791666667
1,82,1.81,9,615.3,56409.54861111111
0,83,1.81,9,615.3,56409.549305555556
0,83,1.81,10,615.3,56409.55
0,83,1.79,10,615.3,56409.55069444444
2,84,1.78,10,615.2,56409.55138888889
2,85,1.75,9,615.2,56409.552083333336
3,86,1.74,9,615.2,56409.552777777775
3,86,1.74,9,615.3,56409.55347222222
2,86,1.77,10,615.3,56409.55416666667
1,88,1.76,10,615.3,56409.55486111111
1,88,1.78,9,615.3,56409.555555555555
1,88,1.78,9,615.3,56409.55625
1,88,1.78,9,615.3,56409.55694444444
1,88,1.78,9,615.3,56409.55763888889
1,89,1.8,9,615.3,56409.558333333334
0,89,1.81,9,615.3,56409.55902777778
1,88,1.8,9,615.3,56409.55972222222
2,85,1.78,9,615.3,56409.56041666667
2,84,1.78,9,615.3,56409.561111111114
2,84,1.76,9,615.3,56409.56180555555
2,86,1.74,8,615.3,56409.5625
2,86,1.74,8,615.3,56409.56319444445
2,88,1.71,9,615.3,56409.563888888886
3,92,1.66,9,615.3,56409.56458333333
3,92,1.65,8,615.3,56409.56527777778
2,92,1.62,8,615.3,56409.56597222222
1,93,1.61,8,615.3,56409.566666666666
0,94,1.64,8,615.3,56409.56736111111
0,94,1.67,8,615.3,56409.56805555556
0,94,1.69,8,615.3,56409.56875
0,110,1.73,8,615.3,56409.569444444445
0,111,1.77,8,615.3,56409.57013888889
0,111,1.8,8,615.4,56409.57083333333
0,111,1.84,8,615.4,56409.57152777778
0,111,1.89,9,615.3,56409.572222222225
0,111,1.93,9,615.3,56409.572916666664
0,111,1.98,10,615.3,56409.57361111111
0,111,2.02,12,615.3,56409.57430555556
0,110,2.05,14,615.3,56409.575
0,107,2.08,14,615.3,56409.575694444444
0,102,2.09,14,615.3,56409.57638888889
0,102,2.1,13,615.3,56409.57708333333
0,102,2.13,15,615.3,56409.57777777778
0,102,2.14,14,615.4,56409.57847222222
0,102,2.12,10,615.4,56409.57916666667
0,102,2.13,12,615.4,56409.57986111111
0,101,2.14,12,615.4,56409.580555555556
0,102,2.15,13,615.4,56409.58125
0,102,2.17,14,615.4,56409.58194444444
0,102,2.2,15,615.3,56409.58263888889
0,102,2.24,15,615.3,56409.583333333336
0,102,2.26,15,615.3,56409.584027777775
0,102,2.27,15,615.3,56409.58472222222
0,102,2.29,15,615.3,56409.58541666667
0,102,2.28,15,615.3,56409.58611111111
0,102,2.21,15,615.3,56409.586805555555
0,102,2.17,15,615.4,56409.5875
0,102,2.12,14,615.4,56409.58819444444
0,103,2.09,14,615.4,56409.58888888889
0,106,2.06,12,615.4,56409.589583333334
0,106,2.08,14,615.4,56409.59027777778
0,106,2.1,14,615.4,56409.59097222222
0,106,2.12,14,615.4,56409.59166666667
0,106,2.09,11,615.4,56409.592361111114
0,106,2.06,10,615.4,56409.59305555555
0,106,2.01,9,615.4,56409.59375
0,106,1.93,9,615.4,56409.59444444445
0,106,1.87,9,615.4,56409.595138888886
0,106,1.83,9,615.3,56409.59583333333
0,106,1.79,8,615.3,56409.59652777778
0,106,1.75,8,615.3,56409.59722222222
0,94,1.73,8,615.4,56409.597916666666
0,97,1.68,8,615.4,56409.59861111111
0,103,1.65,8,615.4,56409.59930555556
0,108,1.63,8,615.4,56409.6
0,108,1.61,8,615.3,56409.600694444445
2,106,1.54,8,615.3,56409.60138888889
3,106,1.49,8,615.3,56409.60208333333
4,115,1.43,8,615.3,56409.60277777778
6,118,1.41,8,615.3,56409.603472222225
4,117,1.42,8,615.3,56409.604166666664
1,112,1.43,8,615.3,56409.60486111111
2,114,1.42,8,615.3,56409.60555555556
4,105,1.4,8,615.3,56409.60625
5,109,1.38,8,615.4,56409.606944444444
6,111,1.34,9,615.4,56409.60763888889
5,112,1.32,9,615.4,56409.60833333333
5,108,1.3,9,615.4,56409.60902777778
4,111,1.28,9,615.4,56409.60972222222
4,115,1.26,9,615.4,56409.61041666667
3,114,1.26,9,615.4,56409.61111111111
2,114,1.28,9,615.4,56409.611805555556
1,139,1.29,9,615.4,56409.6125
1,143,1.31,9,615.4,56409.61319444444
1,143,1.29,9,615.4,56409.61388888889
1,141,1.33,8,615.4,56409.614583333336
1,141,1.41,8,615.4,56409.615277777775
1,138,1.5,8,615.4,56409.61597222222
1,136,1.6,8,615.4,56409.61666666667
2,131,1.66,8,615.4,56409.61736111111
2,130,1.71,8,615.4,56409.618055555555
3,131,1.73,8,615.4,56409.61875
3,131,1.73,8,615.5,56409.61944444444
1,132,1.73,8,615.5,56409.62013888889
1,137,1.72,8,615.5,56409.620833333334
0,144,1.7,8,615.5,56409.62152777778
0,148,1.69,8,615.5,56409.62222222222
0,166,1.68,9,615.5,56409.62291666667
0,166,1.68,9,615.5,56409.623611111114
0,166,1.68,10,615.5,56409.62430555555
0,166,1.71,12,615.5,56409.625
0,166,1.72,13,615.5,56409.62569444445
0,166,1.75,13,615.5,56409.626388888886
0,168,1.74,13,615.5,56409.62708333333
0,168,1.77,14,615.5,56409.62777777778
0,168,1.8,12,615.5,56409.62847222222
0,167,1.81,12,615.5,56409.629166666666
0,167,1.82,13,615.5,56409.62986111111
0,167,1.85,14,615.5,56409.63055555556
0,167,1.89,14,615.5,56409.63125
0,167,1.92,15,615.5,56409.631944444445
0,167,1.97,15,615.5,56409.63263888889
0,167,2.0,15,615.5,56409.63333333333
0,167,2.04,15,615.5,56409.63402777778
0,167,2.08,15,615.5,56409.634722222225
0,167,2.12,14,615.6,56409.635416666664
0,167,2.14,14,615.6,56409.63611111111
0,167,2.15,14,615.6,56409.63680555556
0,167,2.17,14,615.6,56409.6375
0,167,2.21,15,615.6,56409.638194444444
0,167,2.25,15,615.6,56409.63888888889
0,167,2.26,14,615.6,56409.63958333333
0,167,2.24,14,615.6,56409.64027777778
0,167,2.24,15,615.6,56409.64097222222
0,167,2.25,14,615.6,56409.64166666667
0,167,2.27,14,615.6,56409.64236111111
0,167,2.28,15,615.6,56409.643055555556
0,167,2.27,15,615.6,56409.64375
0,167,2.27,15,615.6,56409.64444444444
0,167,2.25,15,615.6,56409.64513888889
0,167,2.26,15,615.6,56409.645833333336
0,167,2.26,14,615.6,56409.646527777775
0,167,2.27,14,615.6,56409.64722222222
0,167,2.25,14,615.6,56409.64791666667
0,115,2.23,14,615.6,56409.64861111111
0,102,2.19,14,615.7,56409.649305555555
0,102,2.12,14,615.7,56409.65
0,102,2.05,14,615.7,56409.65069444444
0,102,2.0,12,615.7,56409.65138888889
0,102,1.96,10,615.7,56409.652083333334
0,102,1.94,10,615.7,56409.65277777778
0,102,1.91,9,615.8,56409.65347222222
0,102,1.9,9,615.8,56409.65416666667
0,102,1.89,9,615.7,56409.654861111114
0,102,1.87,9,615.7,56409.65555555555
0,102,1.87,9,615.7,56409.65625
0,102,1.87,9,615.7,56409.65694444445
0,102,1.87,9,615.8,56409.657638888886
0,102,1.91,13,615.7,56409.65833333333
0,102,1.95,14,615.8,56409.65902777778
0,102,1.99,13,615.8,56409.65972222222
0,102,2.02,14,615.8,56409.660416666666
0,102,2.06,14,615.8,56409.66111111111
0,102,2.09,14,615.8,56409.66180555556
0,102,2.11,14,615.8,56409.6625
0,102,2.13,14,615.8,56409.663194444445
0,102,2.14,14,615.8,56409.66388888889
0,102,2.14,14,615.8,56409.66458333333
0,102,2.12,14,615.8,56409.66527777778
0,102,2.12,14,615.8,56409.665972222225
0,102,2.11,13,615.8,56409.666666666664
0,102,2.1,14,615.8,56409.66736111111
0,102,2.08,13,615.8,56409.66805555556
0,102,2.07,13,615.8,56409.66875
0,102,2.06,13,615.8,56409.669444444444
0,102,2.05,11,615.8,56409.67013888889
0,102,2.04,10,615.8,56409.67083333333
0,102,2.02,10,615.8,56409.67152777778
0,102,2.0,9,615.8,56409.67222222222
0,102,1.99,9,615.8,56409.67291666667
0,102,1.97,9,615.8,56409.67361111111
0,102,1.98,9,615.9,56409.674305555556
0,102,1.99,9,615.9,56409.675
0,107,2.0,10,615.9,56409.67569444444
0,109,2.02,10,615.9,56409.67638888889
0,119,2.05,10,615.9,56409.677083333336
0,123,2.05,10,615.9,56409.677777777775
0,125,2.06,10,615.9,56409.67847222222
0,131,2.05,10,615.9,56409.67916666667
0,133,2.03,10,615.9,56409.67986111111
0,134,2.02,10,616.0,56409.680555555555
0,134,2.02,10,616.0,56409.68125
0,137,2.03,11,616.0,56409.68194444444
0,145,2.06,11,616.0,56409.68263888889
1,136,2.09,10,616.0,56409.683333333334
1,132,2.13,10,616.0,56409.68402777778
1,122,2.16,10,616.0,56409.68472222222
2,127,2.21,10,616.1,56409.68541666667
2,126,2.24,10,616.1,56409.686111111114
2,121,2.28,9,616.1,56409.68680555555
2,118,2.31,9,616.1,56409.6875
3,112,2.33,9,616.1,56409.68819444445
4,107,2.36,9,616.1,56409.688888888886
5,113,2.39,10,616.1,56409.68958333333
7,111,2.42,10,616.1,56409.69027777778
7,109,2.45,10,616.1,56409.69097222222
8,115,2.48,10,616.1,56409.691666666666
7,122,2.51,9,616.1,56409.69236111111
5,123,2.53,9,616.1,56409.69305555556
4,140,2.6,9,616.1,56409.69375
3,136,2.66,10,616.1,56409.694444444445
5,128,2.73,9,616.2,56409.69513888889
4,130,2.76,9,616.2,56409.69583333333
5,119,2.8,9,616.2,56409.69652777778
6,113,2.86,10,616.2,56409.697222222225
6,112,2.89,9,616.2,56409.697916666664
6,121,2.91,9,616.2,56409.69861111111
5,125,2.94,10,616.2,56409.69930555556
6,122,2.96,9,616.2,56409.7
5,115,2.94,9,616.2,56409.700694444444
6,115,2.94,9,616.2,56409.70138888889
6,114,2.97,9,616.2,56409.70208333333
7,128,2.99,9,616.2,56409.70277777778
7,136,3.02,9,616.2,56409.70347222222
5,120,3.02,9,616.2,56409.70416666667
6,123,3.03,9,616.2,56409.70486111111
6,115,3.07,10,616.2,56409.705555555556
7,117,3.11,9,616.2,56409.70625
6,121,3.15,11,616.2,56409.70694444444
5,123,3.2,11,616.2,56409.70763888889
5,134,3.24,11,616.2,56409.708333333336
5,132,3.28,10,616.3,56409.709027777775
7,119,3.34,10,616.3,56409.70972222222
7,131,3.4,9,616.3,56409.71041666667
7,103,3.48,10,616.3,56409.71111111111
6,108,3.54,10,616.3,56409.711805555555
5,108,3.62,10,616.3,56409.7125
5,96,3.63,9,616.3,56409.71319444444
5,113,3.65,10,616.3,56409.71388888889
8,130,3.68,10,616.3,56409.714583333334
7,133,3.7,9,616.4,56409.71527777778
7,117,3.74,10,616.4,56409.71597222222
7,128,3.78,9,616.4,56409.71666666667
7,98,3.85,9,616.4,56409.717361111114
7,116,3.9,9,616.4,56409.71805555555
7,129,3.93,10,616.4,56409.71875
6,123,3.95,10,616.4,56409.71944444445
5,102,3.93,9,616.4,56409.720138888886
5,116,3.94,9,616.4,56409.72083333333
7,122,3.98,10,616.4,56409.72152777778
6,113,4.03,11,616.5,56409.72222222222
6,95,4.05,10,616.5,56409.722916666666
7,106,4.08,10,616.4,56409.72361111111
7,122,4.12,11,616.5,56409.72430555556
6,102,4.14,12,616.5,56409.725
7,125,4.15,11,616.5,56409.725694444445
7,109,4.16,12,616.5,56409.72638888889
9,121,4.19,11,616.5,56409.72708333333
9,117,4.25,12,616.5,56409.72777777778
9,104,4.32,12,616.5,56409.728472222225
8,133,4.33,11,616.5,56409.729166666664
8,99,4.37,11,616.5,56409.72986111111
8,122,4.4,11,616.5,56409.73055555556
7,117,4.44,11,616.5,56409.73125
8,125,4.49,11,616.5,56409.731944444444
7,110,4.52,12,616.5,56409.73263888889
7,103,4.56,12,616.5,56409.73333333333
8,139,4.67,12,616.5,56409.73402777778
8,100,4.67,11,616.5,56409.73472222222
9,123,4.67,11,616.5,56409.73541666667
10,118,4.65,11,616.5,56409.73611111111
9,117,4.65,11,616.5,56409.736805555556
9,99,4.63,10,616.5,56409.7375
8,99,4.64,10,616.5,56409.73819444444
10,125,4.63,10,616.6,56409.73888888889
9,115,4.64,10,616.6,56409.739583333336
8,106,4.62,10,616.6,56409.740277777775
8,110,4.53,10,616.6,56409.74097222222
8,132,4.49,10,616.6,56409.74166666667
8,113,4.48,10,616.6,56409.74236111111
9,100,4.44,9,616.6,56409.743055555555
8,101,4.4,9,616.6,56409.74375
8,103,4.42,10,616.6,56409.74444444444
8,107,4.36,10,616.6,56409.74513888889
7,114,4.33,11,616.6,56409.745833333334
7,136,4.28,11,616.6,56409.74652777778
6,142,4.24,10,616.6,56409.74722222222
7,139,4.2,9,616.6,56409.74791666667
8,90,4.16,9,616.6,56409.748611111114
9,114,4.21,9,616.6,56409.74930555555
9,119,4.27,9,616.6,56409.75
8,127,4.35,9,616.6,56409.75069444445
7,88,4.41,9,616.6,56409.751388888886
7,85,4.47,9,616.6,56409.75208333333
9,163,4.57,9,616.6,56409.75277777778
7,123,4.67,9,616.6,56409.75347222222
7,132,4.73,10,616.6,56409.754166666666
8,133,4.82,11,616.6,56409.75486111111
7,174,4.85,9,616.6,56409.75555555556
8,91,4.93,11,616.7,56409.75625
9,122,4.99,13,616.7,56409.756944444445
9,109,4.99,11,616.7,56409.75763888889
8,93,4.96,13,616.7,56409.75833333333
9,115,4.88,13,616.7,56409.75902777778
9,123,4.85,11,616.7,56409.759722222225
7,99,4.81,12,616.7,56409.760416666664
7,73,4.8,14,616.7,56409.76111111111
8,138,4.77,14,616.7,56409.76180555556
9,95,4.76,14,616.7,56409.7625
8,133,4.73,13,616.7,56409.763194444444
8,102,4.76,15,616.8,56409.76388888889
8,127,4.72,14,616.8,56409.76458333333
7,152,4.75,14,616.8,56409.76527777778
6,134,4.74,15,616.8,56409.76597222222
4,70,4.71,15,616.8,56409.76666666667
5,104,4.69,15,616.8,56409.76736111111
7,100,4.64,14,616.8,56409.768055555556
7,92,4.62,13,616.8,56409.76875
6,97,4.66,14,616.8,56409.76944444444
7,75,4.66,14,616.8,56409.77013888889
8,119,4.6,13,616.8,56409.770833333336
7,117,4.65,13,616.8,56409.771527777775
6,118,4.74,12,616.8,56409.77222222222
6,79,4.9,12,616.8,56409.77291666667
8,106,5.02,11,616.8,56409.77361111111
8,128,5.14,11,616.8,56409.774305555555
6,122,5.12,11,616.8,56409.775
9,107,5.14,12,616.8,56409.77569444444
8,117,5.21,12,616.8,56409.77638888889
6,110,5.24,13,616.8,56409.777083333334
8,89,5.26,12,616.8,56409.77777777778
9,126,5.2,15,616.8,56409.77847222222
8,113,5.12,14,616.8,56409.77916666667
6,82,5.05,15,616.8,56409.779861111114
6,78,5.06,17,616.8,56409.78055555555
8,94,4.98,16,616.8,56409.78125
7,112,4.93,15,616.8,56409.78194444445
7,134,4.97,15,616.8,56409.782638888886
6,89,5.01,15,616.8,56409.78333333333
8,85,4.95,18,616.8,56409.78402777778
7,54,4.93,16,616.8,56409.78472222222
6,88,4.96,16,616.8,56409.785416666666
6,108,4.94,15,616.8,56409.78611111111
6,137,4.92,13,616.8,56409.78680555556
5,105,4.9,14,616.8,56409.7875
3,133,4.88,15,616.9,56409.788194444445
5,93,4.93,15,616.8,56409.78888888889
7,129,4.91,15,616.8,56409.78958333333
4,97,4.91,14,616.9,56409.79027777778
5,134,5.01,15,616.9,56409.790972222225
4,246,5.1,14,616.9,56409.791666666664
3,105,5.09,13,616.9,56409.79236111111
3,125,5.16,15,616.9,56409.79305555556
2,123,5.3,15,616.9,56409.79375
4,142,5.48,15,616.9,56409.794444444444
3,223,5.58,14,616.9,56409.79513888889
3,133,5.68,14,616.9,56409.79583333333
4,207,5.8,14,616.9,56409.79652777778
4,116,5.87,13,616.9,56409.79722222222
3,236,5.91,14,616.9,56409.79791666667
4,135,5.88,13,616.9,56409.79861111111
4,164,5.93,14,616.9,56409.799305555556
3,100,6.01,15,616.9,56409.8
5,109,6.13,14,616.9,56409.80069444444
4,124,6.18,14,617.0,56409.80138888889
2,214,6.26,13,617.0,56409.802083333336
3,297,6.31,13,617.0,56409.802777777775
3,76,6.42,14,617.0,56409.80347222222
3,217,6.52,13,617.0,56409.80416666667
2,198,6.56,12,617.0,56409.80486111111
3,237,6.5,12,617.0,56409.805555555555
5,254,6.41,12,617.0,56409.80625
5,225,6.24,12,617.0,56409.80694444444
5,232,6.09,12,617.0,56409.80763888889
6,261,5.94,11,617.0,56409.808333333334
7,227,5.79,11,617.0,56409.80902777778
3,255,5.67,11,617.0,56409.80972222222
5,219,5.53,11,617.0,56409.81041666667
2,218,5.44,11,617.0,56409.811111111114
5,233,5.34,11,617.1,56409.81180555555
4,228,5.24,11,617.1,56409.8125
3,77,5.26,13,617.1,56409.81319444445
4,129,5.43,14,617.1,56409.813888888886
4,202,5.61,14,617.1,56409.81458333333
2,296,5.73,12,617.1,56409.81527777778
3,243,5.89,12,617.1,56409.81597222222
2,97,6.03,13,617.1,56409.816666666666
3,258,6.18,12,617.1,56409.81736111111
6,238,6.12,11,617.1,56409.81805555556
7,236,6.05,11,617.1,56409.81875
5,211,5.95,11,617.1,56409.819444444445
4,244,5.88,12,617.1,56409.82013888889
5,265,5.8,11,617.1,56409.82083333333
11,266,5.78,12,617.1,56409.82152777778
10,242,5.83,12,617.1,56409.822222222225
7,235,5.86,11,617.1,56409.822916666664
8,260,5.85,11,617.1,56409.82361111111
8,235,5.92,11,617.1,56409.82430555556
8,253,5.91,9,617.1,56409.825
11,229,5.86,11,617.1,56409.825694444444
6,207,5.78,12,617.1,56409.82638888889
6,259,5.76,12,617.2,56409.82708333333
8,282,5.77,11,617.2,56409.82777777778
4,252,5.73,11,617.2,56409.82847222222
8,242,5.78,11,617.2,56409.82916666667
9,259,5.87,11,617.2,56409.82986111111
4,227,5.98,11,617.2,56409.830555555556
2,126,6.16,12,617.2,56409.83125
3,3,6.4,13,617.2,56409.83194444444
4,140,6.62,13,617.2,56409.83263888889
4,102,6.69,14,617.2,56409.833333333336
6,122,6.94,15,617.2,56409.834027777775
10,271,7.17,13,617.2,56409.83472222222
3,136,7.18,13,617.2,56409.83541666667
3,263,7.26,14,617.2,56409.83611111111
1,323,7.21,12,617.2,56409.836805555555
0,191,7.13,12,617.2,56409.8375
0,233,7.09,13,617.2,56409.83819444444
0,107,7.08,16,617.2,56409.83888888889
1,237,7.15,13,617.2,56409.839583333334
1,303,7.12,12,617.2,56409.84027777778
0,160,7.04,11,617.2,56409.84097222222
0,104,7.05,14,617.2,56409.84166666667
7,254,7.1,14,617.1,56409.842361111114
8,218,7.06,12,617.2,56409.84305555555
4,241,7.02,12,617.2,56409.84375
3,302,7.0,13,617.2,56409.84444444445
2,248,6.99,13,617.2,56409.845138888886
0,280,6.98,13,617.1,56409.84583333333
4,278,7.0,13,617.2,56409.84652777778
2,247,7.06,14,617.2,56409.84722222222
1,104,7.1,14,617.2,56409.847916666666
2,192,7.22,15,617.2,56409.84861111111
0,93,7.25,15,617.2,56409.84930555556
1,345,7.3,15,617.2,56409.85
3,225,7.32,14,617.2,56409.850694444445
3,50,7.34,15,617.2,56409.85138888889
3,117,7.37,15,617.2,56409.85208333333
2,41,7.36,15,617.2,56409.85277777778
0,260,7.31,14,617.2,56409.853472222225
0,24,7.27,15,617.2,56409.854166666664
4,33,7.17,15,617.2,56409.85486111111
8,196,7.14,14,617.2,56409.85555555556
7,220,7.08,14,617.2,56409.85625
5,211,6.97,15,617.2,56409.856944444444
4,228,6.9,14,617.2,56409.85763888889
5,234,6.94,16,617.2,56409.85833333333
8,239,6.95,16,617.2,56409.85902777778
6,224,6.88,16,617.2,56409.85972222222
11,221,6.79,15,617.2,56409.86041666667
5,261,6.67,13,617.2,56409.86111111111
2,141,6.61,14,617.2,56409.861805555556
5,292,6.68,16,617.2,56409.8625
8,214,6.72,15,617.2,56409.86319444444
7,229,6.68,11,617.2,56409.86388888889
4,277,6.6,11,617.2,56409.864583333336
1,334,6.56,13,617.2,56409.865277777775
1,311,6.6,13,617.2,56409.86597222222
4,317,6.57,11,617.2,56409.86666666667
7,317,6.46,12,617.2,56409.86736111111
5,75,6.6,16,617.2,56409.868055555555
9,199,6.88,21,617.2,56409.86875
6,228,7.13,18,617.2,56409.86944444444
9,244,7.18,16,617.2,56409.87013888889
5,241,7.15,17,617.2,56409.870833333334
6,231,7.18,19,617.2,56409.87152777778
7,283,7.13,19,617.2,56409.87222222222
10,246,7.16,21,617.2,56409.87291666667
8,222,7.07,25,617.2,56409.873611111114
9,244,6.93,23,617.2,56409.87430555555
7,26,6.83,20,617.2,56409.875
2,221,6.81,21,617.2,56409.87569444445
4,259,6.89,21,617.2,56409.876388888886
9,249,6.99,23,617.2,56409.87708333333
9,242,7.19,26,617.2,56409.87777777778
7,224,7.24,28,617.1,56409.87847222222
5,224,7.28,28,617.2,56409.879166666666
3,73,7.3,28,617.2,56409.87986111111
3,250,7.42,24,617.2,56409.88055555556
9,136,7.39,25,617.2,56409.88125
7,46,7.44,24,617.2,56409.881944444445
10,64,7.52,23,617.2,56409.88263888889
14,82,7.66,24,617.2,56409.88333333333
10,139,7.75,22,617.2,56409.88402777778
9,208,7.83,24,617.2,56409.884722222225
9,97,7.78,25,617.1,56409.885416666664
9,69,7.79,22,617.2,56409.88611111111
8,93,7.89,22,617.2,56409.88680555556
8,161,7.88,21,617.2,56409.8875
9,75,7.82,21,617.2,56409.888194444444
13,284,7.74,23,617.2,56409.88888888889
9,102,7.74,23,617.1,56409.88958333333
9,98,7.62,22,617.2,56409.89027777778
9,65,7.57,22,617.2,56409.89097222222
9,146,7.63,23,617.2,56409.89166666667
9,186,7.74,24,617.1,56409.89236111111
8,95,7.73,22,617.1,56409.893055555556
10,169,7.8,22,617.1,56409.89375
9,135,8.07,21,617.1,56409.89444444444
5,158,8.04,21,617.1,56409.89513888889
7,161,8.11,22,617.1,56409.895833333336
7,238,8.08,24,617.1,56409.896527777775
8,101,7.87,25,617.1,56409.89722222222
11,94,7.87,25,617.1,56409.89791666667
6,236,7.9,24,617.2,56409.89861111111
6,225,7.76,24,617.2,56409.899305555555
5,264,7.65,24,617.2,56409.9
5,251,7.48,26,617.2,56409.90069444444
9,233,7.42,23,617.1,56409.90138888889
8,283,7.27,20,617.1,56409.902083333334
6,280,7.08,20,617.2,56409.90277777778
6,252,7.02,19,617.2,56409.90347222222
8,282,6.97,19,617.2,56409.90416666667
3,270,6.93,23,617.2,56409.904861111114
4,211,7.05,20,617.2,56409.90555555555
5,19,7.21,29,617.2,56409.90625
7,330,7.34,41,617.1,56409.90694444445
8,19,7.34,50,617.1,56409.907638888886
5,8,7.25,50,617.1,56409.90833333333
3,42,7.07,48,617.2,56409.90902777778
7,29,6.92,32,617.2,56409.90972222222
8,43,6.84,27,617.1,56409.910416666666
5,127,6.97,25,617.1,56409.91111111111
1,176,7.14,23,617.1,56409.91180555556
0,307,7.3,25,617.1,56409.9125
3,78,7.38,30,617.1,56409.913194444445
6,129,7.51,32,617.1,56409.91388888889
12,276,7.7,35,617.1,56409.91458333333
9,222,7.83,31,617.0,56409.91527777778
6,99,7.82,30,617.0,56409.915972222225
11,169,7.93,31,617.0,56409.916666666664
8,170,8.0,32,617.0,56409.91736111111
6,178,8.06,37,617.0,56409.91805555556
5,239,8.1,34,616.9,56409.91875
8,204,8.25,33,616.9,56409.919444444444
5,173,8.37,36,616.9,56409.92013888889
4,134,8.49,35,616.9,56409.92083333333
5,218,8.62,30,617.0,56409.92152777778
4,253,8.66,24,617.0,56409.92222222222
6,133,8.65,29,617.0,56409.92291666667
4,77,8.69,35,617.0,56409.92361111111
7,93,8.71,35,617.0,56409.924305555556
7,124,8.8,38,617.0,56409.925
11,86,8.73,37,617.0,56409.92569444444
10,120,8.77,36,617.0,56409.92638888889
8,93,8.78,34,617.0,56409.927083333336
9,246,8.92,33,616.9,56409.927777777775
11,261,9.03,35,616.9,56409.92847222222
9,43,9.09,35,616.9,56409.92916666667
10,117,9.13,36,616.9,56409.92986111111
11,143,8.95,36,616.9,56409.930555555555
9,162,8.81,36,616.9,56409.93125
6,166,8.72,36,616.9,56409.93194444444
8,179,8.66,37,616.9,56409.93263888889
9,175,8.46,38,616.9,56409.933333333334
8,180,8.35,36,616.9,56409.93402777778
9,130,8.33,35,616.9,56409.93472222222
7,127,8.28,36,616.9,56409.93541666667
7,213,8.33,38,616.9,56409.936111111114
9,167,8.33,37,616.9,56409.93680555555
10,79,8.33,40,616.9,56409.9375
8,123,8.34,39,616.9,56409.93819444445
8,235,8.31,38,616.9,56409.938888888886
10,247,8.14,35,616.9,56409.93958333333
6,208,8.11,38,616.9,56409.94027777778
5,223,8.12,40,616.9,56409.94097222222
4,136,8.09,39,617.0,56409.941666666666
3,132,8.14,35,617.0,56409.94236111111
3,129,8.13,35,617.0,56409.94305555556
8,260,8.2,33,616.9,56409.94375
5,302,8.18,31,616.9,56409.944444444445
4,283,8.1,28,617.0,56409.94513888889
4,240,8.07,32,616.8,56409.94583333333
17,70,8.19,42,617.0,56409.94652777778
15,71,8.14,37,617.0,56409.947222222225
12,68,8.08,37,617.0,56409.947916666664
14,86,8.05,38,617.0,56409.94861111111
12,139,8.02,38,616.9,56409.94930555556
12,193,7.96,42,616.9,56409.95
9,119,7.93,43,616.9,56409.950694444444
12,150,8.13,40,616.8,56409.95138888889
16,105,8.2,38,616.7,56409.95208333333
16,80,8.05,37,616.7,56409.95277777778
13,136,8.1,39,616.8,56409.95347222222
12,213,8.26,41,616.8,56409.95416666667
9,277,8.3,41,616.8,56409.95486111111
4,259,8.19,45,616.8,56409.955555555556
6,238,8.18,45,616.8,56409.95625
6,297,8.14,44,616.9,56409.95694444444
2,186,8.08,42,616.9,56409.95763888889
0,215,8.05,39,616.9,56409.958333333336
3,246,7.88,42,616.9,56409.959027777775
7,302,7.74,52,616.9,56409.95972222222
9,284,7.58,56,616.9,56409.96041666667
8,296,7.34,58,616.8,56409.96111111111
11,271,7.23,53,616.9,56409.961805555555
5,316,6.97,57,616.9,56409.9625
2,342,6.77,59,616.9,56409.96319444444
0,17,6.55,60,616.9,56409.96388888889
2,319,6.46,57,616.9,56409.964583333334
5,25,6.54,43,616.9,56409.96527777778
5,348,6.51,47,616.9,56409.96597222222
10,49,6.58,51,616.8,56409.96666666667
9,60,6.59,56,616.9,56409.967361111114
6,21,6.59,54,616.8,56409.96805555555
3,11,6.75,58,616.8,56409.96875
2,309,6.93,58,616.8,56409.96944444445
3,64,7.06,56,616.8,56409.970138888886
4,61,7.07,38,616.8,56409.97083333333
6,29,7.02,38,616.8,56409.97152777778
6,75,6.96,44,616.8,56409.97222222222
6,49,6.84,43,616.8,56409.972916666666
7,50,6.71,45,616.8,56409.97361111111
6,46,6.58,45,616.8,56409.97430555556
3,78,6.58,47,616.7,56409.975
1,45,6.45,43,616.7,56409.975694444445
7,67,6.35,42,616.7,56409.97638888889
7,59,6.31,54,616.7,56409.97708333333
6,77,6.42,52,616.7,56409.97777777778
9,57,6.58,51,616.7,56409.978472222225
8,15,6.68,50,616.7,56409.979166666664
5,317,6.6,52,616.7,56409.97986111111
4,339,6.72,57,616.7,56409.98055555556
1,293,6.74,58,616.8,56409.98125
2,64,6.77,50,616.7,56409.981944444444
5,20,6.8,49,616.8,56409.98263888889
1,47,6.79,52,616.8,56409.98333333333
3,9,6.9,59,616.7,56409.98402777778
5,69,6.94,54,616.7,56409.98472222222
5,75,6.82,52,616.7,56409.98541666667
6,65,6.74,55,616.7,56409.98611111111
11,77,6.69,56,616.6,56409.986805555556
15,52,6.65,58,616.6,56409.9875
14,69,6.69,53,616.6,56409.98819444444
16,56,6.75,53,616.5,56409.98888888889
12,70,6.78,52,616.6,56409.989583333336
11,70,6.87,54,616.6,56409.990277777775
15,85,6.9,50,616.6,56409.99097222222
14,91,6.89,46,616.6,56409.99166666667
13,143,6.86,46,616.5,56409.99236111111
7,276,6.89,51,616.5,56409.993055555555
3,102,6.75,54,616.5,56409.99375
4,216,6.7,56,616.5,56409.99444444444
1,172,6.74,49,616.5,56409.99513888889
1,235,6.85,55,616.6,56409.995833333334
1,267,6.86,60,616.5,56409.99652777778
2,127,6.76,59,616.5,56409.99722222222
3,302,6.73,57,616.5,56409.99791666667
9,174,6.74,45,616.5,56409.998611111114
5,133,6.78,40,616.5,56409.99930555555
3,192,6.76,50,616.6,56410.0
4,88,6.69,52,616.5,56410.00069444445
8,158,6.52,47,616.5,56410.001388888886
9,102,6.49,55,616.5,56410.00208333333
11,103,6.37,56,616.4,56410.00277777778
13,104,6.29,60,616.4,56410.00347222222
12,76,6.27,59,616.4,56410.004166666666
15,95,6.19,65,616.4,56410.00486111111
17,85,6.02,64,616.4,56410.00555555556
17,114,5.89,61,616.4,56410.00625
16,70,5.77,55,616.4,56410.006944444445
15,125,5.66,61,616.4,56410.00763888889
14,127,5.51,59,616.4,56410.00833333333
12,124,5.43,59,616.4,56410.00902777778
12,121,5.3,53,616.4,56410.009722222225
13,109,5.29,57,616.4,56410.010416666664
14,112,5.25,57,616.4,56410.01111111111
13,119,5.25,49,616.4,56410.01180555556
11,121,5.23,48,616.4,56410.0125
12,82,5.28,50,616.4,56410.013194444444
13,125,5.4,52,616.4,56410.01388888889
11,85,5.59,50,616.4,56410.01458333333
11,158,5.74,48,616.4,56410.01527777778
7,82,5.75,45,616.4,56410.01597222222
7,117,5.91,44,616.4,56410.01666666667
9,125,6.1,46,616.4,56410.01736111111
8,99,6.22,43,616.4,56410.018055555556
10,82,6.36,44,616.4,56410.01875
8,205,6.51,38,616.4,56410.01944444444
7,98,6.67,38,616.4,56410.02013888889
7,105,6.77,40,616.5,56410.020833333336
10,66,6.83,37,616.4,56410.021527777775
7,112,6.91,35,616.4,56410.02222222222
6,104,7.11,35,616.4,56410.02291666667
8,67,7.27,35,616.4,56410.02361111111
8,109,7.28,32,616.4,56410.024305555555
8,56,7.26,28,616.4,56410.025
9,111,7.18,28,616.4,56410.02569444444
6,148,7.03,29,616.4,56410.02638888889
3,92,6.9,31,616.3,56410.027083333334
6,130,6.76,32,616.3,56410.02777777778
7,91,6.8,33,616.4,56410.02847222222
6,201,6.75,34,616.3,56410.02916666667
7,118,6.79,33,616.3,56410.029861111114
9,99,6.76,31,616.3,56410.03055555555
11,138,6.75,34,616.3,56410.03125
8,107,6.81,34,616.3,56410.03194444445
5,103,6.83,35,616.3,56410.032638888886
5,89,6.91,34,616.3,56410.03333333333
8,113,6.94,35,616.2,56410.03402777778
9,102,6.81,37,616.3,56410.03472222222
5,63,6.63,39,616.3,56410.035416666666
8,81,6.49,41,616.2,56410.03611111111
7,142,6.4,44,616.2,56410.03680555556
10,110,6.38,47,616.2,56410.0375
10,120,6.26,49,616.2,56410.038194444445
8,97,6.11,47,616.2,56410.03888888889
10,129,5.91,41,616.2,56410.03958333333
8,55,5.8,38,616.2,56410.04027777778
6,114,5.75,41,616.2,56410.040972222225
3,282,5.79,42,616.2,56410.041666666664
4,260,5.93,41,616.2,56410.04236111111
10,265,5.98,51,616.2,56410.04305555556
6,242,5.95,51,616.2,56410.04375
1,257,5.96,58,616.2,56410.044444444444
0,266,5.96,56,616.2,56410.04513888889
0,286,6.03,54,616.3,56410.04583333333
4,270,6.07,56,616.2,56410.04652777778
12,248,6.14,66,616.2,56410.04722222222
9,268,6.15,67,616.2,56410.04791666667
13,261,6.25,66,616.2,56410.04861111111
9,291,6.26,64,616.2,56410.049305555556
8,290,6.25,59,616.2,56410.05
4,78,6.17,56,616.2,56410.05069444444
7,60,6.04,49,616.2,56410.05138888889
14,309,5.97,51,616.2,56410.052083333336
13,303,6.04,58,616.1,56410.052777777775
11,275,6.11,61,616.1,56410.05347222222
11,255,6.08,65,616.1,56410.05416666667
7,239,6.0,67,616.2,56410.05486111111
3,285,5.95,67,616.2,56410.055555555555
6,274,5.98,68,616.2,56410.05625
11,268,6.03,68,616.2,56410.05694444444
12,253,6.04,68,616.1,56410.05763888889
6,232,6.0,65,616.2,56410.058333333334
2,240,6.02,67,616.2,56410.05902777778
0,34,5.96,61,616.2,56410.05972222222
0,114,5.81,43,616.2,56410.06041666667
1,329,5.68,57,616.2,56410.061111111114
6,294,5.58,72,616.2,56410.06180555555
7,270,5.49,71,616.2,56410.0625
12,297,5.45,74,616.2,56410.06319444445
12,274,5.32,75,616.2,56410.063888888886
10,277,5.21,75,616.2,56410.06458333333
12,276,5.15,75,616.2,56410.06527777778
12,292,5.17,76,616.2,56410.06597222222
10,280,5.12,75,616.2,56410.066666666666
10,293,5.06,75,616.2,56410.06736111111
8,307,5.1,75,616.2,56410.06805555556
5,32,5.28,74,616.2,56410.06875
4,297,5.56,72,616.2,56410.069444444445
6,335,5.75,67,616.2,56410.07013888889
7,284,5.95,69,616.2,56410.07083333333
9,276,6.02,66,616.2,56410.07152777778
4,71,6.06,57,616.2,56410.072222222225
3,237,6.13,58,616.2,56410.072916666664
5,57,6.24,70,616.2,56410.07361111111
3,309,6.28,70,616.2,56410.07430555556
5,319,6.26,67,616.2,56410.075
4,319,6.17,68,616.2,56410.075694444444
3,186,6.15,65,616.2,56410.07638888889
1,129,6.21,57,616.2,56410.07708333333
1,76,6.19,60,616.2,56410.07777777778
2,309,6.16,60,616.2,56410.07847222222
0,70,6.15,50,616.2,56410.07916666667
0,311,6.15,53,616.2,56410.07986111111
2,266,6.07,50,616.2,56410.080555555556
4,276,5.98,51,616.2,56410.08125
3,292,5.89,53,616.1,56410.08194444444
5,14,5.89,66,616.1,56410.08263888889
8,305,5.93,66,616.1,56410.083333333336
4,246,5.95,67,616.1,56410.084027777775
1,0,5.84,68,616.1,56410.08472222222
0,55,5.74,67,616.1,56410.08541666667
0,19,5.67,59,616.1,56410.08611111111
5,16,5.66,64,616.1,56410.086805555555
4,7,5.65,62,616.1,56410.0875
9,64,5.58,52,616.1,56410.08819444444
6,59,5.56,55,616.2,56410.08888888889
1,278,5.51,67,616.2,56410.089583333334
1,337,5.48,70,616.2,56410.09027777778
12,84,5.57,61,616.2,56410.09097222222
10,81,5.59,39,616.2,56410.09166666667
8,55,5.6,30,616.2,56410.092361111114
3,86,5.62,42,616.2,56410.09305555555
7,83,5.58,32,616.2,56410.09375
8,85,5.54,31,616.1,56410.09444444445
11,75,5.46,31,616.1,56410.095138888886
9,64,5.37,31,616.1,56410.09583333333
10,83,5.29,31,616.1,56410.09652777778
8,83,5.23,32,616.1,56410.09722222222
6,75,5.19,32,616.1,56410.097916666666
6,72,5.15,33,616.1,56410.09861111111
6,73,5.13,33,616.1,56410.09930555556
4,92,5.12,32,616.1,56410.1
7,87,5.16,30,616.1,56410.100694444445
9,58,5.18,29,616.1,56410.10138888889
8,90,5.21,28,616.1,56410.10208333333
5,80,5.26,27,616.1,56410.10277777778
5,83,5.31,27,616.1,56410.103472222225
5,92,5.37,26,616.1,56410.104166666664
8,75,5.46,27,616.1,56410.10486111111
8,63,5.53,27,616.1,56410.10555555556
9,74,5.56,27,616.1,56410.10625
10,112,5.6,26,616.1,56410.106944444444
8,90,5.62,25,616.1,56410.10763888889
7,71,5.59,24,616.1,56410.10833333333
8,105,5.57,26,616.1,56410.10902777778
10,101,5.58,28,616.1,56410.10972222222
12,66,5.54,31,616.1,56410.11041666667
12,64,5.49,31,616.1,56410.11111111111
11,71,5.43,30,616.1,56410.111805555556
10,75,5.41,28,616.1,56410.1125
8,78,5.32,27,616.1,56410.11319444444
8,128,5.23,30,616.1,56410.11388888889
6,92,5.14,32,616.1,56410.114583333336
6,99,5.07,32,616.1,56410.115277777775
9,85,4.99,32,616.1,56410.11597222222
8,75,4.92,32,616.1,56410.11666666667
5,88,4.87,32,616.1,56410.11736111111
5,77,4.84,32,616.1,56410.118055555555
6,88,4.83,33,616.1,56410.11875
8,118,4.89,33,616.1,56410.11944444444
8,91,4.96,32,616.1,56410.12013888889
7,123,4.98,32,616.1,56410.120833333334
7,99,4.98,31,616.1,56410.12152777778
7,92,4.97,31,616.1,56410.12222222222
7,181,4.96,31,616.1,56410.12291666667
5,161,4.99,31,616.1,56410.123611111114
3,141,5.02,30,616.1,56410.12430555555
3,133,5.07,29,616.1,56410.125
4,139,5.13,29,616.1,56410.12569444445
3,106,5.11,29,616.1,56410.126388888886
2,129,5.13,29,616.1,56410.12708333333
2,115,5.13,28,616.1,56410.12777777778
3,109,5.1,27,616.1,56410.12847222222
3,101,5.08,27,616.1,56410.129166666666
3,125,5.08,26,616.1,56410.12986111111
5,123,5.07,26,616.1,56410.13055555556
5,129,5.03,26,616.1,56410.13125
3,140,4.99,26,616.1,56410.131944444445
4,123,4.92,23,616.1,56410.13263888889
7,124,4.89,22,616.1,56410.13333333333
7,98,4.87,21,616.1,56410.13402777778
11,87,4.85,25,616.1,56410.134722222225
12,77,4.83,23,616.1,56410.135416666664
9,108,4.81,20,616.2,56410.13611111111
8,89,4.8,20,616.2,56410.13680555556
7,95,4.77,19,616.2,56410.1375
7,78,4.75,18,616.2,56410.138194444444
8,81,4.74,19,616.2,56410.13888888889
9,80,4.72,19,616.2,56410.13958333333
8,85,4.69,19,616.2,56410.14027777778
6,101,4.68,20,616.2,56410.14097222222
4,88,4.65,19,616.3,56410.14166666667
3,100,4.61,20,616.3,56410.14236111111
2,90,4.57,20,616.3,56410.143055555556
2,88,4.52,21,616.3,56410.14375
1,90,4.46,22,616.3,56410.14444444444
0,90,4.39,22,616.3,56410.14513888889
0,90,4.32,22,616.4,56410.145833333336
0,95,4.27,22,616.4,56410.146527777775
1,92,4.25,22,616.4,56410.14722222222
1,92,4.22,23,616.4,56410.14791666667
1,94,4.23,23,616.4,56410.14861111111
0,113,4.24,23,616.4,56410.149305555555
0,118,4.22,23,616.4,56410.15
0,115,4.22,23,616.4,56410.15069444444
0,98,4.22,23,616.4,56410.15138888889
0,98,4.22,23,616.4,56410.152083333334
0,95,4.23,23,616.4,56410.15277777778
0,94,4.28,23,616.5,56410.15347222222
0,102,4.31,22,616.5,56410.15416666667
0,102,4.31,22,616.5,56410.154861111114
0,102,4.37,23,616.5,56410.15555555555
0,102,4.43,22,616.5,56410.15625
0,102,4.49,24,616.5,56410.15694444445
0,102,4.56,25,616.5,56410.157638888886
0,99,4.67,28,616.5,56410.15833333333
0,88,4.79,29,616.5,56410.15902777778
0,318,4.93,30,616.5,56410.15972222222
1,181,5.14,38,616.5,56410.160416666666
5,296,5.28,61,616.5,56410.16111111111
4,284,5.29,68,616.5,56410.16180555556
8,275,5.28,67,616.5,56410.1625
7,273,5.19,64,616.5,56410.163194444445
8,312,5.16,59,616.5,56410.16388888889
10,296,5.25,55,616.5,56410.16458333333
7,314,5.24,67,616.5,56410.16527777778
7,311,5.14,68,616.5,56410.165972222225
5,321,5.04,66,616.5,56410.166666666664
3,296,4.98,67,616.5,56410.16736111111
4,297,4.94,68,616.5,56410.16805555556
3,324,4.91,65,616.5,56410.16875
2,280,4.86,64,616.5,56410.169444444444
0,284,4.82,64,616.5,56410.17013888889
1,289,4.82,64,616.5,56410.17083333333
2,293,4.85,64,616.5,56410.17152777778
0,296,4.83,66,616.5,56410.17222222222
0,280,4.81,66,616.5,56410.17291666667
2,262,4.83,65,616.5,56410.17361111111
0,316,4.84,65,616.5,56410.174305555556
0,322,4.82,65,616.5,56410.175
0,310,4.83,63,616.5,56410.17569444444
2,298,4.91,62,616.5,56410.17638888889
5,285,4.97,67,616.5,56410.177083333336
3,280,4.93,66,616.5,56410.177777777775
2,274,4.93,61,616.5,56410.17847222222
1,278,4.96,57,616.5,56410.17916666667
0,232,4.94,32,616.6,56410.17986111111
0,105,4.88,27,616.6,56410.180555555555
0,108,4.77,24,616.6,56410.18125
0,126,4.69,23,616.6,56410.18194444444
2,175,4.58,26,616.6,56410.18263888889
1,152,4.56,29,616.6,56410.183333333334
0,152,4.44,21,616.6,56410.18402777778
0,82,4.35,21,616.6,56410.18472222222
0,61,4.25,21,616.6,56410.18541666667
2,306,4.3,65,616.6,56410.186111111114
1,321,4.25,69,616.6,56410.18680555555
4,245,4.24,52,616.6,56410.1875
8,275,4.26,50,616.6,56410.18819444445
8,268,4.26,49,616.6,56410.188888888886
8,258,4.25,40,616.6,56410.18958333333
7,260,4.22,46,616.6,56410.19027777778
6,265,4.19,58,616.6,56410.19097222222
3,266,4.12,61,616.6,56410.191666666666
1,265,4.05,57,616.7,56410.19236111111
0,267,4.0,54,616.7,56410.19305555556
0,261,3.97,46,616.7,56410.19375
0,262,3.93,44,616.7,56410.194444444445
0,261,3.91,46,616.7,56410.19513888889
0,257,3.84,29,616.7,56410.19583333333
0,252,3.75,22,616.7,56410.19652777778
0,253,3.74,45,616.7,56410.197222222225
0,257,3.73,58,616.7,56410.197916666664
0,261,3.69,63,616.7,56410.19861111111
0,300,3.66,66,616.7,56410.19930555556
1,4,3.62,63,616.7,56410.2
1,318,3.63,67,616.7,56410.200694444444
5,301,3.63,70,616.7,56410.20138888889
6,304,3.57,73,616.7,56410.20208333333
5,316,3.49,71,616.7,56410.20277777778
4,305,3.43,72,616.7,56410.20347222222
6,291,3.34,70,616.7,56410.20416666667
6,320,3.28,69,616.7,56410.20486111111
6,297,3.23,71,616.7,56410.205555555556
5,296,3.16,73,616.7,56410.20625
3,280,3.11,72,616.7,56410.20694444444
3,296,3.08,72,616.8,56410.20763888889
4,277,3.03,73,616.8,56410.208333333336
3,288,2.99,71,616.8,56410.209027777775
3,288,2.95,70,616.8,56410.20972222222
1,270,2.91,71,616.8,56410.21041666667
0,278,2.88,71,616.8,56410.21111111111
0,280,2.87,73,616.8,56410.211805555555
0,280,2.85,72,616.8,56410.2125
0,280,2.84,69,616.8,56410.21319444444
0,280,2.83,54,616.8,56410.21388888889
0,240,2.89,64,616.8,56410.214583333334
0,240,2.9,70,616.8,56410.21527777778
0,240,2.88,67,616.8,56410.21597222222
0,79,2.86,58,616.8,56410.21666666667
0,78,2.86,54,616.8,56410.217361111114
0,78,2.86,58,616.8,56410.21805555555
0,79,2.85,59,616.8,56410.21875
0,79,2.82,53,616.8,56410.21944444445
0,79,2.83,57,616.8,56410.220138888886
0,79,2.82,55,616.8,56410.22083333333
0,79,2.82,57,616.8,56410.22152777778
0,226,2.81,58,616.8,56410.22222222222
0,298,2.76,52,616.8,56410.222916666666
0,339,2.72,53,616.8,56410.22361111111
0,321,2.7,57,616.8,56410.22430555556
0,32,2.67,62,616.8,56410.225
0,64,2.63,66,616.8,56410.225694444445
0,70,2.61,68,616.8,56410.22638888889
0,0,2.59,66,616.8,56410.22708333333
0,0,2.57,64,616.8,56410.22777777778
0,0,2.54,60,616.8,56410.228472222225
0,0,2.55,54,616.8,56410.229166666664
0,2,2.56,58,616.8,56410.22986111111
0,0,2.55,57,616.8,56410.23055555556
0,0,2.54,56,616.8,56410.23125
0,0,2.54,54,616.8,56410.231944444444
0,7,2.54,51,616.8,56410.23263888889
0,10,2.54,47,616.8,56410.23333333333
0,5,2.52,47,616.8,56410.23402777778
0,5,2.51,47,616.8,56410.23472222222
0,4,2.52,44,616.8,56410.23541666667
0,6,2.51,43,616.8,56410.23611111111
0,5,2.52,41,616.9,56410.236805555556
0,5,2.51,41,616.9,56410.2375
0,6,2.53,41,616.9,56410.23819444444
0,6,2.53,41,616.9,56410.23888888889
0,11,2.52,42,616.9,56410.239583333336
0,11,2.51,41,616.9,56410.240277777775
0,54,2.49,40,616.9,56410.24097222222
0,65,2.48,39,616.9,56410.24166666667
0,88,2.46,40,616.9,56410.24236111111
0,89,2.41,41,616.9,56410.243055555555
0,105,2.36,38,616.9,56410.24375
0,109,2.31,36,616.9,56410.24444444444
0,121,2.27,28,616.9,56410.24513888889
0,121,2.23,20,616.9,56410.245833333334
0,121,2.22,18,616.9,56410.24652777778
0,121,2.23,17,616.9,56410.24722222222
0,121,2.25,18,616.9,56410.24791666667
0,122,2.27,19,616.9,56410.248611111114
0,122,2.3,19,616.9,56410.24930555555
0,126,2.32,19,616.9,56410.25
0,126,2.33,22,616.9,56410.25069444445
0,126,2.31,23,616.9,56410.251388888886
2,133,2.27,27,616.9,56410.25208333333
1,125,2.24,26,617.0,56410.25277777778
2,125,2.2,25,617.0,56410.25347222222
3,126,2.14,25,617.0,56410.254166666666
4,132,2.08,27,617.0,56410.25486111111
4,140,2.04,27,617.0,56410.25555555556
3,137,2.02,26,617.0,56410.25625
3,143,2.0,27,617.0,56410.256944444445
2,142,2.01,26,617.0,56410.25763888889
2,153,2.02,26,617.0,56410.25833333333
2,146,2.04,27,617.0,56410.25902777778
2,154,2.06,28,617.0,56410.259722222225
1,150,2.07,29,617.1,56410.260416666664
1,153,2.09,29,617.1,56410.26111111111
1,147,2.12,29,617.1,56410.26180555556
1,149,2.13,33,617.1,56410.2625
2,150,2.14,33,617.0,56410.263194444444
3,148,2.15,33,617.0,56410.26388888889
2,154,2.16,33,617.0,56410.26458333333
3,163,2.18,31,617.0,56410.26527777778
2,182,2.18,31,617.1,56410.26597222222
2,190,2.2,30,617.1,56410.26666666667
4,252,2.22,29,617.1,56410.26736111111
3,197,2.25,30,617.1,56410.268055555556
1,154,2.27,29,617.1,56410.26875
1,121,2.29,30,617.2,56410.26944444444
1,203,2.29,30,617.2,56410.27013888889
0,198,2.3,30,617.2,56410.270833333336
0,188,2.31,30,617.2,56410.271527777775
0,271,2.35,29,617.2,56410.27222222222
0,279,2.39,29,617.2,56410.27291666667
0,257,2.43,29,617.2,56410.27361111111
0,271,2.49,28,617.2,56410.274305555555
0,264,2.52,29,617.2,56410.275
0,244,2.55,28,617.2,56410.27569444444
0,242,2.58,28,617.2,56410.27638888889
1,228,2.61,29,617.2,56410.277083333334
1,227,2.62,29,617.2,56410.27777777778
2,229,2.64,29,617.2,56410.27847222222
2,229,2.66,29,617.2,56410.27916666667
1,229,2.68,29,617.2,56410.279861111114
1,229,2.7,29,617.3,56410.28055555555
0,229,2.72,28,617.3,56410.28125
0,229,2.74,28,617.3,56410.28194444445
0,229,2.77,27,617.3,56410.282638888886
0,229,2.81,25,617.3,56410.28333333333
0,228,2.85,22,617.4,56410.28402777778
0,221,2.9,21,617.4,56410.28472222222
0,221,2.95,20,617.4,56410.285416666666
0,221,3.0,20,617.4,56410.28611111111
0,220,3.03,19,617.4,56410.28680555556
0,220,3.07,19,617.4,56410.2875
0,219,3.1,20,617.5,56410.288194444445
0,219,3.12,20,617.5,56410.28888888889
0,219,3.11,26,617.5,56410.28958333333
1,219,3.07,30,617.4,56410.29027777778
1,217,3.02,30,617.4,56410.290972222225
1,216,2.98,29,617.4,56410.291666666664
1,219,2.93,28,617.4,56410.29236111111
1,224,2.9,27,617.3,56410.29305555556
0,225,2.88,24,617.3,56410.29375
0,230,2.88,22,617.3,56410.294444444444
0,232,2.88,23,617.3,56410.29513888889
0,221,2.89,21,617.4,56410.29583333333
1,243,2.89,21,617.4,56410.29652777778
4,242,2.92,20,617.5,56410.29722222222
5,229,2.95,20,617.5,56410.29791666667
4,226,2.99,22,617.5,56410.29861111111
2,223,3.0,24,617.5,56410.299305555556
1,225,2.99,25,617.5,56410.3
0,229,2.96,25,617.5,56410.30069444444
0,229,2.92,26,617.5,56410.30138888889
0,228,2.89,26,617.5,56410.302083333336
0,228,2.86,26,617.5,56410.302777777775
0,227,2.85,24,617.6,56410.30347222222
0,225,2.85,23,617.6,56410.30416666667
0,224,2.87,21,617.6,56410.30486111111
1,223,2.91,20,617.5,56410.305555555555
3,225,2.96,20,617.6,56410.30625
4,230,3.0,19,617.6,56410.30694444444
4,225,3.04,19,617.6,56410.30763888889
3,225,3.06,21,617.6,56410.308333333334
4,232,3.06,24,617.6,56410.30902777778
7,233,3.01,27,617.6,56410.30972222222
7,232,2.94,29,617.6,56410.31041666667
7,231,2.85,29,617.6,56410.311111111114
6,230,2.77,30,617.6,56410.31180555555
6,230,2.7,30,617.6,56410.3125
6,231,2.63,29,617.6,56410.31319444445
6,231,2.58,29,617.6,56410.313888888886
6,231,2.53,28,617.6,56410.31458333333
5,231,2.5,28,617.7,56410.31527777778
3,231,2.48,27,617.7,56410.31597222222
1,230,2.48,26,617.7,56410.316666666666
0,229,2.48,25,617.7,56410.31736111111
1,228,2.46,26,617.7,56410.31805555556
5,230,2.45,29,617.7,56410.31875
5,230,2.42,31,617.7,56410.319444444445
5,230,2.38,31,617.7,56410.32013888889
4,233,2.36,26,617.7,56410.32083333333
5,230,2.39,23,617.7,56410.32152777778
5,231,2.44,23,617.8,56410.322222222225
3,227,2.47,24,617.8,56410.322916666664
2,227,2.5,22,617.7,56410.32361111111
2,230,2.54,19,617.8,56410.32430555556
3,230,2.61,20,617.8,56410.325
2,230,2.66,20,617.8,56410.325694444444
1,231,2.7,20,617.8,56410.32638888889
0,231,2.75,19,617.8,56410.32708333333
0,231,2.76,19,617.8,56410.32777777778
0,229,2.77,18,617.8,56410.32847222222
1,230,2.79,18,617.8,56410.32916666667
1,230,2.79,17,617.8,56410.32986111111
2,232,2.82,17,617.9,56410.330555555556
1,230,2.82,17,617.9,56410.33125
0,230,2.82,17,617.9,56410.33194444444
0,229,2.84,17,617.9,56410.33263888889
0,228,2.85,17,617.9,56410.333333333336
0,228,2.86,17,617.9,56410.334027777775
0,229,2.88,17,617.9,56410.33472222222
0,228,2.91,17,617.9,56410.33541666667
0,230,2.91,18,617.9,56410.33611111111
0,229,2.91,18,617.9,56410.336805555555
1,228,2.91,18,617.9,56410.3375
0,223,2.91,19,617.9,56410.33819444444
0,220,2.91,20,617.9,56410.33888888889
0,219,2.89,20,617.9,56410.339583333334
0,220,2.86,22,617.9,56410.34027777778
0,219,2.82,22,617.9,56410.34097222222
0,212,2.79,20,617.9,56410.34166666667
0,211,2.79,18,617.9,56410.342361111114
0,220,2.79,16,617.9,56410.34305555555
0,226,2.81,16,617.9,56410.34375
0,224,2.81,16,617.9,56410.34444444445
0,221,2.82,16,617.9,56410.345138888886
0,236,2.84,16,617.9,56410.34583333333
0,231,2.86,15,617.9,56410.34652777778
0,231,2.88,16,617.9,56410.34722222222
0,213,2.88,16,617.9,56410.347916666666
0,234,2.88,16,617.9,56410.34861111111
0,185,2.88,16,617.9,56410.34930555556
0,214,2.87,16,617.9,56410.35
0,213,2.86,16,617.9,56410.350694444445
0,205,2.85,16,617.9,56410.35138888889
0,211,2.85,16,617.9,56410.35208333333
0,204,2.84,17,617.8,56410.35277777778
0,178,2.81,18,617.8,56410.353472222225
0,165,2.77,19,617.8,56410.354166666664
1,184,2.71,20,617.8,56410.35486111111
0,173,2.65,21,617.8,56410.35555555556
0,150,2.59,21,617.8,56410.35625
0,159,2.54,21,617.8,56410.356944444444
0,159,2.48,21,617.8,56410.35763888889
0,151,2.44,20,617.8,56410.35833333333
1,150,2.41,20,617.8,56410.35902777778
1,149,2.4,20,617.8,56410.35972222222
1,152,2.38,20,617.8,56410.36041666667
0,156,2.35,20,617.8,56410.36111111111
0,152,2.32,21,617.8,56410.361805555556
0,153,2.3,21,617.8,56410.3625
0,159,2.27,21,617.8,56410.36319444444
0,159,2.26,21,617.8,56410.36388888889
0,160,2.24,20,617.8,56410.364583333336
0,180,2.25,20,617.8,56410.365277777775
0,181,2.27,20,617.8,56410.36597222222
0,179,2.3,20,617.8,56410.36666666667
0,177,2.3,20,617.8,56410.36736111111
0,174,2.28,21,617.8,56410.368055555555
0,160,2.26,21,617.8,56410.36875
0,159,2.23,21,617.8,56410.36944444444
0,165,2.21,20,617.8,56410.37013888889
0,168,2.22,20,617.8,56410.370833333334
0,165,2.24,20,617.8,56410.37152777778
0,159,2.24,20,617.7,56410.37222222222
0,161,2.24,20,617.7,56410.37291666667
0,161,2.24,20,617.7,56410.373611111114
0,160,2.27,20,617.7,56410.37430555555
0,203,2.27,21,617.8,56410.375
0,209,2.29,21,617.7,56410.37569444445
0,209,2.32,21,617.7,56410.376388888886
0,212,2.35,21,617.7,56410.37708333333
0,218,2.36,21,617.7,56410.37777777778
0,220,2.34,21,617.7,56410.37847222222
0,212,2.31,21,617.8,56410.379166666666
0,219,2.26,20,617.8,56410.37986111111
0,211,2.24,18,617.8,56410.38055555556
0,210,2.25,18,617.7,56410.38125
0,222,2.28,18,617.7,56410.381944444445
0,222,2.31,17,617.7,56410.38263888889
0,226,2.33,17,617.7,56410.38333333333
0,236,2.33,17,617.7,56410.38402777778
0,238,2.33,17,617.7,56410.384722222225
1,236,2.33,18,617.7,56410.385416666664
0,239,2.3,18,617.6,56410.38611111111
1,241,2.27,18,617.6,56410.38680555556
0,240,2.26,18,617.6,56410.3875
0,242,2.22,18,617.6,56410.388194444444
2,240,2.18,18,617.6,56410.38888888889
2,238,2.16,18,617.6,56410.38958333333
3,240,2.18,17,617.6,56410.39027777778
3,239,2.21,16,617.6,56410.39097222222
3,245,2.25,16,617.6,56410.39166666667
3,236,2.29,15,617.6,56410.39236111111
3,233,2.33,16,617.6,56410.393055555556
0,240,2.32,15,617.6,56410.39375
1,251,2.35,15,617.6,56410.39444444444
1,237,2.38,15,617.6,56410.39513888889
0,235,2.4,15,617.6,56410.395833333336
0,233,2.42,15,617.5,56410.396527777775
0,153,2.42,15,617.5,56410.39722222222
0,164,2.42,16,617.5,56410.39791666667
0,177,2.4,15,617.5,56410.39861111111
0,175,2.36,15,617.5,56410.399305555555
0,168,2.33,14,617.5,56410.4
0,203,2.33,14,617.5,56410.40069444444
0,171,2.33,14,617.5,56410.40138888889
1,176,2.35,14,617.5,56410.402083333334
2,168,2.37,14,617.5,56410.40277777778
2,265,2.39,14,617.5,56410.40347222222
0,239,2.39,14,617.5,56410.40416666667
0,237,2.35,14,617.4,56410.404861111114
2,241,2.33,15,617.4,56410.40555555555
3,239,2.31,15,617.4,56410.40625
5,243,2.3,15,617.4,56410.40694444445
5,238,2.31,15,617.4,56410.407638888886
5,218,2.3,14,617.3,56410.40833333333
5,235,2.32,14,617.3,56410.40902777778
5,237,2.34,13,617.3,56410.40972222222
5,239,2.36,13,617.3,56410.410416666666
4,212,2.38,13,617.3,56410.41111111111
4,210,2.36,13,617.3,56410.41180555556
2,221,2.36,13,617.3,56410.4125
1,235,2.33,13,617.3,56410.413194444445
1,196,2.31,13,617.3,56410.41388888889
0,165,2.3,13,617.3,56410.41458333333
0,155,2.27,12,617.3,56410.41527777778
0,158,2.24,13,617.3,56410.415972222225
