wind_speed,wind_direction,temperature,relative_humidity,pressure,mjd
19,74,-2.13,30,617.4,55708.416666666664
21,76,-2.14,28,617.4,55708.41736111111
20,97,-2.1,27,617.4,55708.41805555556
17,76,-2.06,27,617.4,55708.41875
17,62,-2.05,29,617.4,55708.419444444444
21,89,-2.04,26,617.4,55708.42013888889
19,68,-1.98,25,617.4,55708.42083333333
16,64,-1.96,28,617.4,55708.42152777778
18,76,-1.99,29,617.4,55708.42222222222
18,72,-2.0,27,617.4,55708.42291666667
16,71,-2.02,27,617.4,55708.42361111111
15,74,-2.03,28,617.4,55708.424305555556
18,83,-2.06,27,617.4,55708.425
19,78,-2.05,26,617.3,55708.42569444444
16,63,-2.03,27,617.3,55708.42638888889
17,77,-2.03,26,617.3,55708.427083333336
19,74,-2.03,27,617.3,55708.427777777775
18,72,-2.03,27,617.4,55708.42847222222
19,67,-2.04,27,617.4,55708.42916666667
17,78,-2.04,28,617.4,55708.42986111111
19,53,-2.07,26,617.3,55708.430555555555
20,51,-2.07,26,617.3,55708.43125
19,69,-2.06,26,617.3,55708.43194444444
18,77,-2.02,24,617.3,55708.43263888889
18,67,-2.0,25,617.2,55708.433333333334
19,86,-1.98,23,617.3,55708.43402777778
18,85,-1.97,26,617.2,55708.43472222222
19,68,-1.98,26,617.2,55708.43541666667
22,87,-1.98,24,617.2,55708.436111111114
19,65,-1.97,25,617.2,55708.43680555555
18,98,-1.96,25,617.2,55708.4375
16,81,-1.97,27,617.2,55708.43819444445
20,75,-2.0,27,617.2,55708.438888888886
21,62,-2.0,25,617.2,55708.43958333333
16,77,-1.99,27,617.2,55708.44027777778
20,77,-2.01,24,617.2,55708.44097222222
19,92,-2.01,24,617.2,55708.441666666666
15,74,-2.01,25,617.2,55708.44236111111
19,89,-2.01,25,617.2,55708.44305555556
16,82,-2.02,25,617.2,55708.44375
18,55,-2.04,23,617.2,55708.444444444445
16,85,-2.03,26,617.2,55708.44513888889
17,64,-2.08,27,617.2,55708.44583333333
18,94,-2.1,24,617.3,55708.44652777778
15,69,-2.09,24,617.2,55708.447222222225
15,75,-2.09,26,617.2,55708.447916666664
14,80,-2.09,29,617.2,55708.44861111111
12,63,-2.15,30,617.2,55708.44930555556
15,80,-2.19,27,617.2,55708.45
15,76,-2.22,29,617.2,55708.450694444444
15,79,-2.25,27,617.2,55708.45138888889
15,76,-2.28,28,617.2,55708.45208333333
16,71,-2.3,30,617.2,55708.45277777778
15,74,-2.29,29,617.3,55708.45347222222
14,84,-2.27,29,617.3,55708.45416666667
14,59,-2.23,27,617.3,55708.45486111111
11,80,-2.22,29,617.2,55708.455555555556
15,91,-2.24,30,617.2,55708.45625
15,76,-2.27,31,617.2,55708.45694444444
15,79,-2.31,30,617.2,55708.45763888889
14,72,-2.38,32,617.2,55708.458333333336
16,72,-2.45,29,617.2,55708.459027777775
15,76,-2.44,26,617.2,55708.45972222222
12,72,-2.43,28,617.2,55708.46041666667
18,81,-2.44,29,617.2,55708.46111111111
18,74,-2.42,27,617.1,55708.461805555555
14,89,-2.38,29,617.1,55708.4625
16,79,-2.32,26,617.1,55708.46319444444
12,79,-2.25,28,617.1,55708.46388888889
16,92,-2.17,24,617.0,55708.464583333334
20,77,-2.09,22,617.1,55708.46527777778
19,67,-2.0,23,617.1,55708.46597222222
17,83,-1.94,24,617.0,55708.46666666667
17,70,-1.92,26,617.0,55708.467361111114
20,79,-1.92,23,617.0,55708.46805555555
19,73,-1.91,24,617.0,55708.46875
12,97,-1.86,22,617.1,55708.46944444445
9,82,-1.82,25,617.1,55708.470138888886
14,83,-1.82,25,617.0,55708.47083333333
21,73,-1.79,21,617.0,55708.47152777778
18,68,-1.75,21,617.0,55708.47222222222
16,80,-1.73,25,617.0,55708.472916666666
15,88,-1.73,25,617.0,55708.47361111111
11,75,-1.73,27,617.0,55708.47430555556
15,75,-1.78,27,617.0,55708.475
16,79,-1.83,26,617.0,55708.475694444445
20,72,-1.88,23,617.0,55708.47638888889
19,83,-1.84,23,616.9,55708.47708333333
18,73,-1.78,23,616.9,55708.47777777778
14,81,-1.71,23,616.9,55708.478472222225
13,89,-1.67,25,616.9,55708.479166666664
18,78,-1.67,23,616.9,55708.47986111111
18,79,-1.67,24,616.8,55708.48055555556
18,74,-1.64,23,616.9,55708.48125
19,76,-1.61,22,616.9,55708.481944444444
18,82,-1.56,23,616.8,55708.48263888889
17,89,-1.52,24,616.8,55708.48333333333
17,73,-1.5,23,616.8,55708.48402777778
18,69,-1.49,25,616.8,55708.48472222222
17,85,-1.5,25,616.8,55708.48541666667
16,73,-1.51,26,616.8,55708.48541666667
14,84,-1.54,27,616.8,55708.486805555556
17,71,-1.61,27,616.8,55708.4875
17,86,-1.65,27,616.8,55708.48819444444
15,69,-1.7,28,616.8,55708.48888888889
15,74,-1.74,29,616.8,55708.489583333336
18,79,-1.76,26,616.8,55708.490277777775
17,69,-1.79,28,616.8,55708.49097222222
18,69,-1.8,26,616.8,55708.49166666667
16,77,-1.78,27,616.7,55708.49236111111
16,78,-1.79,28,616.7,55708.493055555555
14,79,-1.78,27,616.8,55708.49375
15,64,-1.77,26,616.8,55708.49444444444
17,68,-1.75,25,616.7,55708.49513888889
17,69,-1.72,26,616.6,55708.495833333334
17,77,-1.73,28,616.7,55708.49652777778
17,78,-1.75,28,616.7,55708.49722222222
16,72,-1.76,28,616.7,55708.49791666667
16,88,-1.76,27,616.7,55708.498611111114
16,70,-1.77,28,616.7,55708.49930555555
16,77,-1.78,28,616.7,55708.5
15,78,-1.79,28,616.8,55708.50069444445
16,81,-1.79,27,616.6,55708.501388888886
15,76,-1.76,27,616.6,55708.50208333333
15,86,-1.75,26,616.6,55708.50277777778
17,79,-1.73,27,616.6,55708.50347222222
15,83,-1.69,27,616.7,55708.504166666666
15,74,-1.65,27,616.6,55708.50486111111
15,87,-1.62,28,616.6,55708.50555555556
16,72,-1.59,27,616.6,55708.50625
16,80,-1.56,26,616.6,55708.506944444445
16,70,-1.53,27,616.6,55708.50763888889
20,72,-1.49,23,616.6,55708.50833333333
19,75,-1.42,24,616.6,55708.50902777778
18,63,-1.38,23,616.7,55708.509722222225
17,94,-1.29,24,616.7,55708.510416666664
16,78,-1.26,25,616.7,55708.51111111111
15,84,-1.28,28,616.6,55708.51180555556
16,76,-1.33,29,616.6,55708.5125
15,72,-1.38,29,616.7,55708.513194444444
15,85,-1.42,28,616.7,55708.51388888889
17,82,-1.44,28,616.6,55708.51458333333
16,71,-1.45,28,616.6,55708.51527777778
14,82,-1.48,29,616.6,55708.51597222222
16,78,-1.51,29,616.6,55708.51666666667
15,86,-1.52,29,616.6,55708.51736111111
16,66,-1.53,28,616.6,55708.518055555556
17,71,-1.53,28,616.6,55708.51875
16,69,-1.54,28,616.6,55708.51944444444
17,77,-1.52,27,616.5,55708.52013888889
18,80,-1.48,25,616.5,55708.520833333336
18,75,-1.44,24,616.5,55708.521527777775
19,78,-1.32,21,616.5,55708.52222222222
18,70,-1.22,20,616.5,55708.52291666667
20,83,-1.11,18,616.6,55708.52361111111
15,83,-0.99,22,616.6,55708.524305555555
16,75,-0.95,24,616.6,55708.525
14,84,-0.94,25,616.6,55708.52569444444
16,64,-0.98,25,616.6,55708.52638888889
17,73,-1.01,26,616.6,55708.527083333334
17,72,-1.05,26,616.6,55708.52777777778
16,89,-1.11,26,616.6,55708.52847222222
16,82,-1.15,26,616.6,55708.52916666667
16,79,-1.21,26,616.6,55708.529861111114
14,75,-1.24,26,616.6,55708.53055555555
14,89,-1.27,26,616.5,55708.53125
15,64,-1.32,26,616.5,55708.53194444445
15,81,-1.35,26,616.5,55708.532638888886
14,78,-1.39,26,616.5,55708.53333333333
15,75,-1.43,26,616.5,55708.53402777778
16,73,-1.41,24,616.5,55708.53472222222
14,72,-1.39,24,616.5,55708.535416666666
14,75,-1.39,24,616.5,55708.53611111111
14,93,-1.38,24,616.4,55708.53680555556
15,68,-1.38,24,616.5,55708.5375
16,99,-1.4,24,616.5,55708.538194444445
19,75,-1.42,24,616.4,55708.53888888889
17,79,-1.38,23,616.5,55708.53958333333
16,83,-1.35,23,616.4,55708.54027777778
16,73,-1.34,22,616.4,55708.540972222225
19,76,-1.31,21,616.4,55708.541666666664
19,80,-1.29,20,616.4,55708.54236111111
20,74,-1.26,19,616.4,55708.54305555556
20,75,-1.23,18,616.4,55708.54375
19,71,-1.19,17,616.5,55708.544444444444
17,81,-1.18,18,616.5,55708.54513888889
19,78,-1.19,17,616.5,55708.54583333333
17,83,-1.21,17,616.5,55708.54652777778
17,75,-1.24,17,616.5,55708.54722222222
18,75,-1.22,16,616.5,55708.54791666667
18,83,-1.19,16,616.4,55708.54861111111
16,77,-1.17,16,616.4,55708.549305555556
16,74,-1.2,17,616.4,55708.55
17,72,-1.18,16,616.4,55708.55069444444
18,71,-1.21,17,616.4,55708.55138888889
17,78,-1.22,16,616.4,55708.552083333336
17,81,-1.24,17,616.4,55708.552777777775
16,76,-1.27,17,616.4,55708.55347222222
17,61,-1.32,18,616.4,55708.55416666667
18,88,-1.34,15,616.4,55708.55486111111
20,86,-1.34,15,616.4,55708.555555555555
17,76,-1.33,14,616.4,55708.55625
16,83,-1.33,15,616.4,55708.55694444444
18,77,-1.36,15,616.4,55708.55763888889
19,90,-1.39,14,616.4,55708.558333333334
16,71,-1.38,13,616.4,55708.55902777778
17,76,-1.37,13,616.4,55708.55972222222
16,78,-1.37,12,616.4,55708.56041666667
18,73,-1.36,13,616.4,55708.561111111114
15,63,-1.35,13,616.4,55708.56180555555
16,77,-1.37,13,616.3,55708.5625
16,68,-1.38,13,616.4,55708.56319444445
19,78,-1.36,12,616.3,55708.563888888886
18,83,-1.34,12,616.3,55708.56458333333
18,77,-1.31,12,616.3,55708.56527777778
21,86,-1.25,12,616.3,55708.56597222222
20,71,-1.2,12,616.3,55708.566666666666
19,79,-1.18,13,616.4,55708.56736111111
18,82,-1.17,12,616.4,55708.56805555556
18,82,-1.17,12,616.4,55708.56875
17,75,-1.13,12,616.4,55708.569444444445
20,96,-1.1,12,616.4,55708.57013888889
21,81,-1.04,13,616.4,55708.57083333333
20,88,-1.0,12,616.4,55708.57152777778
18,87,-0.94,12,616.3,55708.572222222225
18,84,-0.92,12,616.3,55708.572916666664
19,78,-0.88,12,616.3,55708.57361111111
17,74,-0.84,12,616.4,55708.57430555556
18,77,-0.84,12,616.4,55708.575
19,72,-0.86,11,616.3,55708.575694444444
18,93,-0.89,11,616.3,55708.57638888889
18,59,-0.94,12,616.3,55708.57708333333
20,91,-0.98,11,616.4,55708.57777777778
19,81,-0.99,12,616.4,55708.57847222222
18,75,-0.98,12,616.4,55708.57916666667
20,80,-0.99,12,616.3,55708.57986111111
19,89,-0.98,12,616.2,55708.580555555556
18,63,-1.0,12,616.2,55708.58125
18,56,-1.03,12,616.3,55708.58194444444
18,86,-1.05,12,616.3,55708.58263888889
21,91,-1.06,11,616.2,55708.583333333336
20,87,-1.06,12,616.3,55708.584027777775
19,77,-1.08,13,616.3,55708.58472222222
19,80,-1.09,12,616.3,55708.58541666667
21,81,-1.11,12,616.2,55708.58611111111
19,67,-1.12,12,616.3,55708.586805555555
20,80,-1.12,12,616.3,55708.5875
22,81,-1.11,12,616.3,55708.58819444444
20,71,-1.09,12,616.3,55708.58888888889
19,63,-1.06,11,616.2,55708.589583333334
19,79,-1.05,12,616.2,55708.59027777778
20,84,-1.03,12,616.2,55708.59097222222
19,106,-1.03,11,616.2,55708.59166666667
18,88,-1.03,12,616.3,55708.592361111114
18,86,-1.02,12,616.3,55708.59305555555
18,91,-0.99,12,616.3,55708.59375
19,79,-0.97,12,616.3,55708.59444444445
18,87,-0.97,14,616.3,55708.595138888886
19,76,-1.0,13,616.3,55708.59583333333
19,89,-1.02,13,616.3,55708.59652777778
19,83,-1.04,13,616.2,55708.59722222222
19,87,-1.04,14,616.3,55708.597916666666
19,73,-1.09,14,616.3,55708.59861111111
19,86,-1.13,15,616.3,55708.59930555556
19,86,-1.15,14,616.3,55708.6
19,78,-1.17,14,616.2,55708.600694444445
19,71,-1.17,13,616.3,55708.60138888889
22,54,-1.14,12,616.4,55708.60208333333
20,89,-1.1,13,616.4,55708.60277777778
19,88,-1.07,13,616.3,55708.603472222225
20,84,-1.03,12,616.4,55708.604166666664
20,77,-0.98,11,616.4,55708.60486111111
17,82,-0.92,12,616.4,55708.60555555556
19,76,-0.9,12,616.4,55708.60625
21,78,-0.88,12,616.4,55708.606944444444
19,92,-0.87,12,616.4,55708.60763888889
20,101,-0.85,11,616.4,55708.60833333333
16,86,-0.86,12,616.5,55708.60902777778
19,88,-0.87,13,616.4,55708.60972222222
19,99,-0.88,11,616.4,55708.61041666667
19,91,-0.88,12,616.3,55708.61111111111
19,86,-0.88,12,616.3,55708.611805555556
21,91,-0.91,12,616.3,55708.6125
21,82,-0.9,11,616.2,55708.61319444444
19,88,-0.87,11,616.3,55708.61388888889
19,103,-0.87,12,616.4,55708.614583333336
19,80,-0.88,12,616.3,55708.615277777775
19,78,-0.92,13,616.3,55708.61597222222
21,93,-0.95,11,616.3,55708.61666666667
19,94,-0.94,11,616.4,55708.61736111111
20,80,-0.94,11,616.4,55708.618055555555
16,97,-0.96,12,616.4,55708.61875
17,85,-1.0,12,616.4,55708.61944444444
14,94,-1.03,12,616.5,55708.62013888889
16,102,-1.09,12,616.4,55708.620833333334
17,88,-1.12,12,616.4,55708.62152777778
18,83,-1.15,12,616.4,55708.62222222222
18,91,-1.16,11,616.5,55708.62291666667
19,81,-1.11,10,616.5,55708.623611111114
18,66,-1.04,10,616.5,55708.623611111114
20,89,-1.0,11,616.4,55708.625
18,65,-0.95,12,616.5,55708.62569444445
19,91,-0.92,11,616.5,55708.626388888886
17,88,-0.91,11,616.4,55708.62708333333
20,95,-0.91,11,616.5,55708.62777777778
18,95,-0.85,11,616.4,55708.62847222222
18,91,-0.81,12,616.4,55708.629166666666
18,84,-0.76,12,616.4,55708.62986111111
19,90,-0.77,12,616.4,55708.63055555556
19,67,-0.78,12,616.4,55708.63125
19,86,-0.75,11,616.4,55708.631944444445
19,85,-0.73,12,616.4,55708.63263888889
18,79,-0.72,12,616.4,55708.63333333333
19,86,-0.73,11,616.4,55708.63402777778
18,86,-0.74,11,616.4,55708.634722222225
19,93,-0.72,13,616.4,55708.635416666664
18,92,-0.7,14,616.3,55708.63611111111
19,97,-0.69,14,616.4,55708.63680555556
19,96,-0.65,14,616.5,55708.6375
17,74,-0.64,14,616.5,55708.638194444444
21,66,-0.64,14,616.4,55708.63888888889
20,95,-0.61,14,616.4,55708.63958333333
19,85,-0.62,14,616.5,55708.64027777778
18,69,-0.62,14,616.5,55708.64097222222
19,84,-0.6,14,616.5,55708.64166666667
19,93,-0.59,15,616.5,55708.64236111111
19,82,-0.54,15,616.5,55708.643055555556
18,63,-0.49,16,616.5,55708.64375
15,99,-0.45,16,616.6,55708.64444444444
17,88,-0.46,16,616.6,55708.64513888889
15,88,-0.45,16,616.6,55708.645833333336
15,90,-0.48,16,616.6,55708.646527777775
15,100,-0.5,15,616.5,55708.64722222222
15,86,-0.48,14,616.6,55708.64791666667
14,92,-0.48,14,616.6,55708.64861111111
14,99,-0.48,15,616.5,55708.649305555555
19,92,-0.52,16,616.5,55708.65
18,95,-0.6,16,616.5,55708.65069444444
20,88,-0.68,16,616.5,55708.65138888889
19,89,-0.71,15,616.5,55708.652083333334
20,88,-0.72,15,616.5,55708.65277777778
21,95,-0.7,15,616.5,55708.65347222222
22,98,-0.67,16,616.4,55708.65416666667
20,106,-0.62,15,616.5,55708.654861111114
22,72,-0.57,14,616.5,55708.65555555555
22,80,-0.52,15,616.5,55708.65625
18,83,-0.46,15,616.5,55708.65694444445
19,93,-0.44,15,616.6,55708.657638888886
20,92,-0.4,14,616.6,55708.65833333333
18,94,-0.39,15,616.6,55708.65902777778
20,69,-0.39,14,616.6,55708.65972222222
19,91,-0.37,14,616.6,55708.660416666666
18,90,-0.35,14,616.6,55708.66111111111
19,87,-0.32,14,616.6,55708.66180555556
20,95,-0.3,13,616.6,55708.6625
21,103,-0.24,13,616.6,55708.663194444445
19,81,-0.18,12,616.6,55708.66388888889
19,87,-0.16,12,616.6,55708.66458333333
20,83,-0.13,11,616.7,55708.66527777778
20,97,-0.11,10,616.7,55708.665972222225
19,103,-0.1,10,616.7,55708.666666666664
20,89,-0.11,11,616.7,55708.66736111111
19,97,-0.11,9,616.7,55708.66805555556
21,97,-0.13,10,616.7,55708.66875
16,94,-0.11,10,616.8,55708.669444444444
20,91,-0.1,11,616.8,55708.67013888889
21,94,-0.03,11,616.8,55708.67083333333
18,91,0.02,10,616.8,55708.67152777778
18,91,0.06,11,616.8,55708.67222222222
17,88,0.07,11,616.8,55708.67291666667
18,85,0.05,11,616.9,55708.67361111111
17,97,0.05,12,616.9,55708.674305555556
20,91,0.05,12,616.9,55708.675
19,100,0.09,13,616.8,55708.67569444444
20,92,0.14,13,616.8,55708.67638888889
20,89,0.19,12,616.9,55708.677083333336
20,83,0.2,12,616.8,55708.677777777775
17,96,0.25,11,616.9,55708.67847222222
20,91,0.3,13,616.9,55708.67916666667
19,77,0.35,11,616.8,55708.67986111111
20,80,0.38,10,616.9,55708.680555555555
19,97,0.41,11,616.8,55708.68125
20,96,0.42,12,616.8,55708.68194444444
21,87,0.46,11,616.9,55708.68263888889
21,76,0.51,10,616.9,55708.683333333334
20,88,0.53,10,616.9,55708.68402777778
19,88,0.55,11,616.9,55708.68472222222
21,90,0.57,10,616.9,55708.68541666667
19,87,0.58,11,616.9,55708.686111111114
21,95,0.61,10,616.9,55708.68680555555
18,91,0.6,11,617.0,55708.6875
19,85,0.58,11,617.0,55708.68819444445
19,90,0.55,12,617.0,55708.688888888886
19,90,0.51,12,617.0,55708.68958333333
21,92,0.47,12,617.0,55708.69027777778
21,90,0.47,12,617.0,55708.69097222222
16,99,0.45,12,617.1,55708.691666666666
18,92,0.41,14,617.1,55708.69236111111
19,90,0.41,11,617.1,55708.69305555556
17,76,0.39,12,617.1,55708.69375
21,92,0.4,12,617.0,55708.694444444445
22,87,0.45,12,617.0,55708.69513888889
16,86,0.5,12,617.1,55708.69583333333
20,91,0.57,14,617.0,55708.69652777778
20,93,0.65,11,617.0,55708.697222222225
18,91,0.7,12,617.1,55708.697916666664
21,94,0.75,12,617.1,55708.69861111111
22,94,0.81,12,617.0,55708.69930555556
20,83,0.88,11,617.0,55708.7
19,95,0.89,12,617.1,55708.700694444444
16,86,0.89,13,617.1,55708.70138888889
17,89,0.86,13,617.1,55708.70208333333
20,90,0.86,12,617.2,55708.70277777778
18,92,0.84,13,617.1,55708.70347222222
18,106,0.85,12,617.1,55708.70416666667
18,81,0.85,14,617.1,55708.70486111111
19,86,0.88,14,617.1,55708.705555555556
18,97,0.92,13,617.2,55708.70625
16,95,0.97,12,617.2,55708.70694444444
17,93,1.0,13,617.2,55708.70763888889
17,107,1.02,12,617.2,55708.708333333336
17,88,1.07,13,617.2,55708.709027777775
19,86,1.13,12,617.2,55708.70972222222
17,95,1.14,12,617.2,55708.71041666667
14,95,1.15,13,617.3,55708.71111111111
18,94,1.18,14,617.3,55708.711805555555
17,89,1.2,12,617.2,55708.7125
16,92,1.24,14,617.3,55708.71319444444
16,103,1.23,12,617.3,55708.71388888889
16,98,1.26,13,617.3,55708.714583333334
14,82,1.26,13,617.3,55708.71527777778
13,100,1.26,13,617.4,55708.71597222222
14,95,1.26,13,617.4,55708.71666666667
15,92,1.29,13,617.4,55708.717361111114
16,91,1.29,14,617.3,55708.71805555555
18,102,1.33,14,617.3,55708.71875
16,74,1.35,12,617.4,55708.71944444445
17,102,1.37,13,617.4,55708.720138888886
17,75,1.45,14,617.4,55708.72083333333
18,93,1.48,12,617.4,55708.72152777778
19,97,1.53,12,617.4,55708.72222222222
18,92,1.55,13,617.4,55708.722916666666
18,96,1.58,13,617.4,55708.72361111111
19,92,1.61,13,617.4,55708.72430555556
17,89,1.62,13,617.4,55708.725
16,95,1.61,12,617.4,55708.725694444445
16,77,1.63,13,617.4,55708.72638888889
18,97,1.68,14,617.4,55708.72708333333
18,95,1.75,13,617.4,55708.72777777778
18,90,1.81,13,617.4,55708.728472222225
19,85,1.82,13,617.4,55708.729166666664
19,89,1.82,13,617.4,55708.72986111111
19,95,1.82,12,617.4,55708.73055555556
18,89,1.82,12,617.4,55708.73125
19,89,1.83,12,617.4,55708.731944444444
18,97,1.81,12,617.4,55708.73263888889
18,119,1.81,12,617.5,55708.73333333333
16,110,1.82,13,617.5,55708.73402777778
17,90,1.87,13,617.4,55708.73472222222
19,106,1.92,13,617.4,55708.73541666667
16,111,1.99,13,617.5,55708.73611111111
17,102,2.02,13,617.4,55708.736805555556
17,91,1.97,13,617.4,55708.7375
16,99,1.93,14,617.4,55708.73819444444
17,92,1.92,14,617.5,55708.73888888889
19,96,1.93,13,617.4,55708.739583333336
19,82,1.99,13,617.4,55708.740277777775
18,82,2.01,13,617.4,55708.74097222222
19,91,2.08,13,617.4,55708.74166666667
21,98,2.13,13,617.4,55708.74236111111
22,92,2.18,13,617.4,55708.743055555555
23,96,2.25,12,617.3,55708.74375
22,93,2.25,12,617.4,55708.74444444444
23,81,2.21,12,617.3,55708.74513888889
20,87,2.17,12,617.4,55708.745833333334
18,93,2.14,13,617.4,55708.74652777778
18,91,2.13,13,617.4,55708.74722222222
20,92,2.13,13,617.4,55708.74791666667
23,85,2.22,12,617.4,55708.748611111114
21,94,2.28,12,617.4,55708.74930555555
20,85,2.29,12,617.4,55708.75
19,91,2.23,13,617.5,55708.75069444445
17,78,2.16,13,617.4,55708.751388888886
17,108,2.06,14,617.5,55708.75208333333
17,92,2.03,14,617.5,55708.75277777778
19,98,2.03,13,617.5,55708.75347222222
20,91,2.07,12,617.5,55708.754166666666
19,95,2.09,13,617.5,55708.75486111111
18,97,2.11,12,617.5,55708.75555555556
19,94,2.13,12,617.5,55708.75625
19,92,2.15,12,617.5,55708.756944444445
21,94,2.23,12,617.5,55708.75763888889
20,96,2.31,12,617.5,55708.75833333333
16,82,2.42,12,617.5,55708.75902777778
15,111,2.5,13,617.6,55708.759722222225
16,100,2.55,13,617.5,55708.760416666664
19,95,2.61,12,617.5,55708.760416666664
16,90,2.68,13,617.6,55708.76180555556
15,106,2.69,13,617.6,55708.7625
14,93,2.71,13,617.6,55708.763194444444
16,96,2.68,14,617.6,55708.76388888889
17,89,2.71,13,617.6,55708.76458333333
15,82,2.75,13,617.6,55708.76527777778
15,89,2.74,14,617.6,55708.76597222222
14,93,2.71,15,617.6,55708.76666666667
16,86,2.65,14,617.6,55708.76736111111
17,93,2.55,14,617.6,55708.768055555556
16,93,2.46,14,617.7,55708.76875
15,92,2.4,14,617.7,55708.76944444444
15,90,2.36,15,617.7,55708.77013888889
16,109,2.41,14,617.6,55708.770833333336
16,116,2.43,14,617.6,55708.771527777775
16,100,2.48,15,617.6,55708.77222222222
18,97,2.5,13,617.7,55708.77291666667
17,95,2.44,15,617.7,55708.77361111111
15,79,2.35,15,617.7,55708.774305555555
18,76,2.35,15,617.7,55708.775
18,104,2.43,14,617.7,55708.77569444444
16,100,2.39,14,617.7,55708.77638888889
14,96,2.39,14,617.7,55708.777083333334
15,92,2.45,15,617.7,55708.77777777778
16,101,2.47,14,617.7,55708.77847222222
19,85,2.5,14,617.6,55708.77916666667
16,89,2.52,14,617.6,55708.779861111114
16,97,2.53,14,617.7,55708.78055555555
18,89,2.53,15,617.7,55708.78125
14,99,2.53,15,617.8,55708.78194444445
16,93,2.54,15,617.7,55708.782638888886
18,82,2.48,16,617.7,55708.78333333333
19,91,2.44,14,617.7,55708.78402777778
14,91,2.34,15,617.7,55708.78472222222
14,96,2.3,16,617.7,55708.785416666666
18,94,2.39,14,617.7,55708.78611111111
20,105,2.53,13,617.6,55708.78680555556
18,90,2.58,13,617.7,55708.7875
15,100,2.58,14,617.7,55708.788194444445
16,81,2.57,16,617.7,55708.78888888889
18,97,2.57,15,617.7,55708.78958333333
18,103,2.56,14,617.7,55708.79027777778
18,89,2.56,14,617.7,55708.790972222225
20,86,2.57,13,617.7,55708.791666666664
19,96,2.49,14,617.7,55708.79236111111
16,101,2.46,14,617.7,55708.79305555556
17,87,2.44,15,617.7,55708.79375
17,97,2.4,15,617.7,55708.794444444444
18,92,2.41,14,617.7,55708.79513888889
19,83,2.44,13,617.7,55708.79583333333
17,103,2.45,13,617.8,55708.79652777778
16,92,2.47,13,617.7,55708.79722222222
15,103,2.48,15,617.8,55708.79791666667
14,95,2.51,14,617.7,55708.79861111111
15,75,2.57,14,617.7,55708.799305555556
16,97,2.64,13,617.8,55708.8
15,84,2.74,14,617.8,55708.80069444444
16,118,2.72,14,617.8,55708.80138888889
14,116,2.77,15,617.8,55708.802083333336
14,80,2.8,15,617.7,55708.802777777775
15,84,2.78,15,617.8,55708.80347222222
16,84,2.86,14,617.7,55708.80416666667
16,55,2.91,14,617.7,55708.80486111111
16,85,2.93,14,617.7,55708.805555555555
17,52,2.99,13,617.7,55708.80625
16,95,3.05,12,617.7,55708.80694444444
15,87,3.03,13,617.7,55708.80763888889
16,82,2.99,14,617.8,55708.808333333334
15,101,2.92,15,617.8,55708.80902777778
16,103,2.83,16,617.7,55708.80972222222
17,94,2.79,15,617.7,55708.81041666667
18,125,2.8,14,617.7,55708.811111111114
17,86,2.86,14,617.7,55708.81180555555
18,107,2.9,14,617.7,55708.8125
16,89,2.91,14,617.7,55708.81319444445
18,83,2.92,14,617.7,55708.813888888886
16,89,2.88,16,617.7,55708.81458333333
18,88,2.83,16,617.8,55708.81527777778
16,115,2.74,16,617.8,55708.81597222222
16,105,2.68,16,617.8,55708.816666666666
17,89,2.7,14,617.8,55708.81736111111
19,84,2.72,13,617.8,55708.81805555556
19,93,2.78,13,617.8,55708.81875
16,122,2.81,14,617.8,55708.819444444445
16,108,2.85,16,617.8,55708.82013888889
17,117,2.81,17,617.8,55708.82083333333
18,58,2.79,15,617.9,55708.82152777778
16,74,2.73,14,617.9,55708.822222222225
16,90,2.68,15,617.9,55708.822916666664
16,97,2.67,14,617.9,55708.82361111111
17,84,2.68,16,617.9,55708.82430555556
16,102,2.81,15,617.9,55708.825
15,108,2.88,13,617.9,55708.825694444444
16,95,2.94,14,617.9,55708.82638888889
18,95,2.94,13,617.9,55708.82708333333
20,91,3.02,14,617.9,55708.82777777778
20,86,3.01,14,617.9,55708.82847222222
19,98,2.97,14,617.9,55708.82916666667
17,96,2.91,14,617.9,55708.82986111111
14,105,2.85,14,618.0,55708.830555555556
17,93,2.84,14,617.9,55708.83125
17,79,2.91,14,617.9,55708.83194444444
17,93,2.89,13,617.9,55708.83263888889
15,130,2.95,14,617.9,55708.833333333336
16,89,2.98,14,617.9,55708.834027777775
15,129,3.04,15,618.0,55708.83472222222
15,89,3.13,16,618.0,55708.83541666667
16,113,3.2,16,617.9,55708.83611111111
15,125,3.29,16,617.9,55708.836805555555
15,72,3.34,14,617.9,55708.8375
15,79,3.4,13,617.9,55708.83819444444
17,79,3.43,14,618.0,55708.83888888889
17,87,3.4,14,617.9,55708.839583333334
16,108,3.38,13,617.9,55708.84027777778
16,98,3.36,13,617.9,55708.84097222222
16,67,3.34,13,618.0,55708.84166666667
19,88,3.29,13,617.9,55708.842361111114
17,95,3.28,14,617.9,55708.84305555555
17,64,3.31,13,617.9,55708.84375
16,99,3.35,13,617.9,55708.84444444445
16,92,3.38,13,618.0,55708.845138888886
16,100,3.31,14,618.0,55708.84583333333
17,115,3.31,14,618.0,55708.84652777778
17,100,3.31,14,618.0,55708.84722222222
17,42,3.29,13,618.0,55708.847916666666
15,74,3.28,13,618.0,55708.84861111111
18,79,3.34,13,618.0,55708.84930555556
16,98,3.38,14,618.0,55708.85
18,107,3.46,14,618.0,55708.850694444445
18,81,3.46,14,618.0,55708.85138888889
19,85,3.44,13,617.9,55708.85208333333
17,101,3.54,13,617.9,55708.85277777778
17,108,3.55,13,618.0,55708.853472222225
18,127,3.57,13,618.0,55708.854166666664
16,103,3.62,13,618.0,55708.85486111111
17,98,3.61,13,618.0,55708.85555555556
17,81,3.57,13,618.0,55708.85625
17,108,3.52,12,617.9,55708.856944444444
14,108,3.62,13,618.0,55708.85763888889
15,86,3.74,13,618.0,55708.85833333333
16,90,3.75,14,618.0,55708.85902777778
19,94,3.76,13,618.0,55708.85972222222
16,88,3.69,13,617.9,55708.86041666667
15,112,3.63,13,617.9,55708.86111111111
15,107,3.64,14,617.9,55708.861805555556
15,83,3.69,14,617.9,55708.8625
14,113,3.74,14,618.0,55708.86319444444
15,89,3.76,13,618.0,55708.86388888889
15,111,3.7,14,618.0,55708.864583333336
16,113,3.76,14,618.0,55708.865277777775
16,84,3.79,13,618.0,55708.86597222222
17,97,3.73,14,618.0,55708.86666666667
17,112,3.78,14,618.0,55708.86736111111
14,85,3.89,14,618.0,55708.868055555555
19,95,3.91,13,618.0,55708.86875
18,89,3.86,13,618.0,55708.86944444444
16,79,3.8,14,618.0,55708.87013888889
17,96,3.68,14,618.0,55708.870833333334
15,109,3.56,15,618.0,55708.87152777778
17,111,3.5,14,617.9,55708.87222222222
16,66,3.48,13,617.9,55708.87291666667
14,41,3.46,14,618.0,55708.873611111114
14,73,3.43,14,618.1,55708.87430555555
19,97,3.45,14,618.0,55708.875
16,175,3.47,14,617.9,55708.87569444445
16,82,3.55,14,618.0,55708.876388888886
17,91,3.55,14,618.0,55708.87708333333
16,104,3.5,13,618.0,55708.87777777778
18,78,3.46,13,618.0,55708.87847222222
17,115,3.5,14,618.0,55708.879166666666
15,93,3.51,14,618.0,55708.879166666666
15,122,3.62,14,618.0,55708.88055555556
15,61,3.73,14,618.0,55708.88125
17,107,3.89,13,618.0,55708.881944444445
18,111,3.85,13,618.0,55708.88263888889
18,129,3.82,14,617.9,55708.88333333333
15,65,3.83,15,617.9,55708.88402777778
15,116,3.84,14,618.0,55708.884722222225
15,76,3.91,14,618.0,55708.885416666664
19,85,3.98,13,618.0,55708.88611111111
22,96,3.98,13,618.0,55708.88680555556
18,123,3.95,14,617.8,55708.8875
17,79,4.01,13,617.9,55708.888194444444
16,83,3.98,13,617.9,55708.88888888889
16,115,3.95,14,617.9,55708.88958333333
17,144,4.0,14,618.0,55708.89027777778
15,94,3.99,13,618.0,55708.89097222222
18,66,3.95,13,618.0,55708.89166666667
17,90,3.91,13,618.0,55708.89236111111
16,121,3.99,13,618.0,55708.893055555556
16,95,4.09,13,618.0,55708.89375
16,90,4.11,13,618.0,55708.89444444444
18,98,4.1,14,618.0,55708.89513888889
16,62,4.1,14,618.0,55708.895833333336
17,104,4.1,14,617.9,55708.896527777775
17,105,4.05,13,618.0,55708.89722222222
18,77,4.05,13,617.9,55708.89791666667
16,122,4.09,13,618.0,55708.89861111111
17,91,4.19,13,617.9,55708.899305555555
17,141,4.24,13,618.0,55708.9
16,57,4.24,12,618.0,55708.90069444444
17,85,4.27,13,618.0,55708.90138888889
16,80,4.36,12,617.9,55708.902083333334
15,128,4.4,13,618.0,55708.90277777778
17,101,4.52,13,618.0,55708.90347222222
17,102,4.52,14,618.0,55708.90416666667
16,106,4.37,15,617.9,55708.904861111114
15,117,4.32,15,617.9,55708.90555555555
14,77,4.32,13,617.9,55708.90625
14,92,4.3,13,618.0,55708.90694444445
13,64,4.36,13,618.0,55708.907638888886
16,92,4.43,12,618.0,55708.90833333333
15,98,4.46,12,618.0,55708.90902777778
15,132,4.52,12,618.0,55708.90972222222
18,117,4.52,11,618.0,55708.910416666666
16,92,4.48,12,617.9,55708.91111111111
17,133,4.4,12,617.9,55708.91180555556
13,61,4.47,13,618.0,55708.9125
16,89,4.45,13,618.0,55708.913194444445
18,96,4.43,12,617.9,55708.91388888889
16,117,4.41,12,617.9,55708.91458333333
14,97,4.33,14,618.0,55708.91527777778
16,106,4.27,14,617.9,55708.915972222225
15,102,4.26,13,617.9,55708.916666666664
15,102,4.16,13,618.0,55708.91736111111
16,117,4.17,14,617.9,55708.91805555556
16,110,4.26,14,617.9,55708.91875
16,101,4.33,13,617.9,55708.919444444444
14,95,4.33,14,617.9,55708.92013888889
15,117,4.37,13,617.9,55708.92083333333
15,107,4.47,13,617.9,55708.92152777778
14,95,4.44,12,618.0,55708.92222222222
16,97,4.38,12,617.9,55708.92291666667
14,91,4.45,12,617.9,55708.92361111111
16,95,4.55,12,617.9,55708.924305555556
16,123,4.55,12,617.9,55708.925
16,133,4.55,12,617.9,55708.92569444444
16,76,4.52,11,617.9,55708.92638888889
17,91,4.44,12,617.9,55708.927083333336
14,123,4.37,12,617.9,55708.927777777775
15,97,4.58,13,617.9,55708.92847222222
16,93,4.62,12,617.9,55708.92916666667
17,119,4.62,12,617.9,55708.92986111111
15,114,4.65,12,617.8,55708.930555555555
14,111,4.83,12,617.9,55708.93125
17,99,4.91,12,617.9,55708.93194444444
16,92,4.86,12,617.8,55708.93263888889
14,93,4.8,13,617.8,55708.933333333334
14,125,4.8,13,617.8,55708.93402777778
14,74,4.89,12,617.8,55708.93472222222
17,82,4.93,12,617.8,55708.93541666667
17,121,4.95,12,617.7,55708.936111111114
17,112,5.03,11,617.7,55708.93680555555
17,107,5.06,12,617.7,55708.9375
17,72,5.09,11,617.7,55708.93819444445
16,95,5.08,12,617.7,55708.938888888886
17,105,5.11,12,617.8,55708.93958333333
16,76,5.1,12,617.8,55708.94027777778
16,81,5.09,12,617.8,55708.94097222222
13,89,5.05,13,617.8,55708.941666666666
13,114,5.09,13,617.7,55708.94236111111
15,93,5.12,12,617.7,55708.94305555556
18,96,5.07,12,617.7,55708.94375
17,78,5.0,11,617.7,55708.944444444445
15,70,4.99,12,617.8,55708.94513888889
15,59,5.01,12,617.7,55708.94583333333
15,133,5.07,12,617.8,55708.94652777778
17,95,5.23,12,617.7,55708.947222222225
19,83,5.19,13,617.6,55708.947916666664
16,86,5.16,13,617.6,55708.94861111111
17,75,5.16,12,617.6,55708.94930555556
17,85,5.22,12,617.6,55708.95
15,81,5.22,13,617.7,55708.950694444444
14,80,5.13,13,617.7,55708.95138888889
16,66,5.12,13,617.7,55708.95208333333
18,107,5.04,12,617.6,55708.95277777778
17,135,5.12,11,617.5,55708.95347222222
16,96,5.1,13,617.6,55708.95416666667
14,110,5.08,14,617.6,55708.95486111111
14,123,5.13,14,617.6,55708.955555555556
17,124,5.21,12,617.5,55708.95625
17,105,5.24,12,617.5,55708.95694444444
16,130,5.23,13,617.6,55708.95763888889
18,89,5.3,13,617.5,55708.958333333336
17,100,5.27,12,617.6,55708.959027777775
15,72,5.23,13,617.6,55708.95972222222
16,92,5.22,12,617.6,55708.96041666667
19,116,5.13,11,617.5,55708.96111111111
17,103,5.15,11,617.5,55708.961805555555
17,130,5.13,11,617.5,55708.9625
16,96,5.24,11,617.5,55708.96319444444
16,94,5.19,12,617.5,55708.96388888889
15,98,5.17,13,617.5,55708.964583333334
15,120,5.13,12,617.5,55708.96527777778
17,117,5.15,11,617.5,55708.96597222222
17,95,5.16,12,617.5,55708.96666666667
14,94,5.12,12,617.5,55708.967361111114
15,131,5.17,12,617.5,55708.96805555555
15,111,5.15,11,617.5,55708.96875
15,51,5.1,12,617.5,55708.96944444445
16,118,4.99,13,617.5,55708.970138888886
16,127,4.92,13,617.5,55708.97083333333
16,106,4.87,13,617.5,55708.97152777778
14,121,4.78,15,617.5,55708.97222222222
14,104,4.75,15,617.5,55708.972916666666
14,133,4.65,12,617.5,55708.97361111111
13,109,4.58,14,617.5,55708.97430555556
16,113,4.54,13,617.5,55708.975
14,79,4.49,14,617.5,55708.975694444445
17,107,4.45,14,617.5,55708.97638888889
16,82,4.43,14,617.5,55708.97708333333
16,120,4.36,14,617.5,55708.97777777778
15,124,4.36,15,617.5,55708.978472222225
16,89,4.43,15,617.4,55708.979166666664
17,131,4.36,15,617.4,55708.97986111111
14,107,4.32,15,617.4,55708.98055555556
16,112,4.29,13,617.5,55708.98125
16,131,4.26,13,617.5,55708.981944444444
15,86,4.28,14,617.5,55708.98263888889
14,104,4.19,15,617.5,55708.98333333333
13,123,4.13,16,617.5,55708.98402777778
14,101,4.18,14,617.4,55708.98472222222
15,90,4.23,13,617.4,55708.98541666667
16,92,4.31,14,617.4,55708.98611111111
15,122,4.25,13,617.4,55708.986805555556
15,111,4.24,14,617.4,55708.9875
17,84,4.25,15,617.4,55708.98819444444
16,66,4.23,15,617.4,55708.98888888889
16,80,4.25,15,617.4,55708.989583333336
16,106,4.22,15,617.4,55708.990277777775
16,125,4.27,15,617.4,55708.99097222222
17,86,4.28,14,617.4,55708.99166666667
18,107,4.17,14,617.4,55708.99236111111
16,118,4.04,14,617.4,55708.993055555555
14,88,4.02,14,617.4,55708.99375
15,92,3.89,15,617.4,55708.99444444444
16,89,3.83,15,617.4,55708.99513888889
14,109,3.75,14,617.4,55708.995833333334
15,125,3.79,15,617.4,55708.99652777778
15,108,3.87,15,617.4,55708.99722222222
15,89,3.85,16,617.4,55708.99791666667
13,99,3.82,16,617.4,55708.998611111114
15,126,3.81,15,617.4,55708.99930555555
15,138,3.81,14,617.4,55709.0
14,113,3.86,15,617.4,55709.00069444445
15,84,3.89,15,617.4,55709.001388888886
14,99,3.85,14,617.4,55709.00208333333
15,107,3.81,16,617.4,55709.00277777778
16,76,3.85,15,617.3,55709.00347222222
15,93,3.83,15,617.4,55709.004166666666
14,56,3.79,15,617.4,55709.00486111111
15,104,3.81,14,617.4,55709.00555555556
14,99,3.84,14,617.4,55709.00625
13,123,3.86,14,617.4,55709.006944444445
15,119,3.94,13,617.3,55709.00763888889
12,101,3.99,13,617.4,55709.00833333333
12,103,4.03,13,617.4,55709.00902777778
14,91,4.04,14,617.3,55709.009722222225
16,102,4.15,13,617.2,55709.010416666664
15,99,4.12,13,617.3,55709.01111111111
15,117,4.12,14,617.3,55709.01180555556
14,116,4.09,14,617.3,55709.0125
15,87,4.08,14,617.3,55709.013194444444
15,87,4.11,13,617.3,55709.01388888889
14,79,4.08,14,617.3,55709.01458333333
14,97,4.04,14,617.3,55709.01527777778
13,130,4.04,14,617.3,55709.01597222222
14,120,4.13,13,617.3,55709.01666666667
14,99,4.15,14,617.3,55709.01736111111
13,95,4.14,15,617.3,55709.018055555556
15,114,4.16,14,617.3,55709.01875
13,94,4.2,14,617.3,55709.01944444444
13,106,4.22,17,617.3,55709.02013888889
13,70,4.24,19,617.3,55709.020833333336
13,124,4.23,18,617.3,55709.021527777775
14,103,4.22,15,617.3,55709.02222222222
16,93,4.19,14,617.3,55709.02291666667
15,140,4.13,13,617.3,55709.02361111111
13,121,4.06,14,617.3,55709.024305555555
13,82,4.05,15,617.3,55709.025
13,109,4.03,16,617.3,55709.02569444444
14,91,3.98,17,617.3,55709.02638888889
14,91,3.94,17,617.3,55709.027083333334
14,51,3.96,15,617.3,55709.02777777778
15,117,3.89,14,617.3,55709.02847222222
14,95,3.88,13,617.3,55709.02916666667
14,95,3.89,15,617.3,55709.029861111114
13,94,3.89,15,617.3,55709.03055555555
13,136,3.88,14,617.3,55709.03125
13,115,3.82,14,617.3,55709.03194444445
13,69,3.81,14,617.2,55709.032638888886
14,86,3.75,13,617.3,55709.03333333333
13,91,3.7,15,617.3,55709.03402777778
12,101,3.69,16,617.3,55709.03472222222
15,97,3.68,16,617.3,55709.035416666666
15,115,3.67,14,617.2,55709.03611111111
13,121,3.71,14,617.2,55709.03680555556
13,96,3.74,14,617.2,55709.0375
13,112,3.73,14,617.2,55709.038194444445
14,100,3.76,16,617.2,55709.03888888889
12,119,3.77,16,617.2,55709.03958333333
14,91,3.77,16,617.2,55709.04027777778
15,118,3.75,14,617.2,55709.040972222225
13,94,3.78,14,617.2,55709.041666666664
14,113,3.73,14,617.2,55709.04236111111
15,105,3.73,14,617.2,55709.04305555556
14,126,3.72,13,617.1,55709.04375
13,65,3.77,13,617.2,55709.044444444444
17,86,3.73,13,617.2,55709.04513888889
15,101,3.7,14,617.1,55709.04583333333
15,89,3.67,14,617.1,55709.04652777778
13,84,3.63,13,617.2,55709.04722222222
16,118,3.52,14,617.1,55709.04791666667
14,113,3.56,13,617.1,55709.04861111111
14,59,3.49,13,617.1,55709.049305555556
15,105,3.46,14,617.0,55709.05
13,110,3.47,14,617.1,55709.05069444444
14,106,3.47,14,617.1,55709.05138888889
13,116,3.48,14,617.0,55709.052083333336
14,111,3.48,14,617.0,55709.052777777775
15,86,3.46,15,617.0,55709.05347222222
14,75,3.42,15,617.1,55709.05416666667
14,86,3.41,14,617.1,55709.05486111111
13,68,3.4,14,617.1,55709.055555555555
14,102,3.32,14,617.1,55709.05625
14,91,3.21,14,617.1,55709.05694444444
13,77,3.13,15,617.1,55709.05763888889
15,86,3.04,14,617.1,55709.058333333334
15,139,2.96,14,617.1,55709.05902777778
14,124,2.94,15,617.1,55709.05972222222
14,86,2.94,14,617.1,55709.06041666667
12,84,2.91,14,617.1,55709.061111111114
13,76,2.88,13,617.2,55709.06180555555
13,115,2.88,14,617.2,55709.0625
14,101,2.83,13,617.1,55709.06319444445
14,84,2.74,13,617.2,55709.063888888886
15,94,2.68,14,617.2,55709.06458333333
14,98,2.68,15,617.1,55709.06527777778
15,90,2.65,14,617.2,55709.06597222222
16,98,2.61,13,617.1,55709.066666666666
14,79,2.6,14,617.1,55709.06736111111
15,83,2.6,15,617.2,55709.06805555556
13,111,2.6,16,617.1,55709.06875
13,103,2.62,14,617.1,55709.069444444445
16,107,2.58,14,617.1,55709.07013888889
14,78,2.58,13,617.1,55709.07083333333
15,100,2.59,14,617.1,55709.07152777778
11,95,2.58,15,617.1,55709.072222222225
14,100,2.57,13,617.1,55709.072916666664
12,99,2.48,14,617.1,55709.07361111111
13,119,2.43,15,617.0,55709.07430555556
13,92,2.42,15,617.1,55709.075
13,84,2.35,14,617.1,55709.075694444444
15,99,2.31,14,617.1,55709.07638888889
13,103,2.26,14,617.1,55709.07708333333
15,95,2.23,13,617.0,55709.07777777778
16,88,2.18,14,617.0,55709.07847222222
14,110,2.14,15,617.0,55709.07916666667
15,94,2.16,15,617.0,55709.07986111111
15,84,2.09,14,617.0,55709.080555555556
17,97,2.05,13,617.0,55709.08125
16,103,2.06,13,617.0,55709.08194444444
16,98,2.03,13,617.0,55709.08263888889
17,55,1.95,13,617.1,55709.083333333336
15,86,1.9,14,617.0,55709.084027777775
13,108,1.89,14,617.0,55709.08472222222
12,74,1.84,15,617.1,55709.08541666667
13,95,1.78,14,617.1,55709.08611111111
13,80,1.73,15,617.0,55709.086805555555
15,87,1.69,19,617.0,55709.0875
14,116,1.67,19,617.0,55709.08819444444
14,113,1.66,16,617.0,55709.08888888889
15,95,1.62,15,617.0,55709.089583333334
13,127,1.58,16,617.0,55709.09027777778
14,126,1.56,17,617.0,55709.09097222222
14,105,1.54,17,617.0,55709.09166666667
12,126,1.53,17,617.0,55709.092361111114
12,100,1.56,17,617.0,55709.09305555555
12,76,1.56,16,617.0,55709.09375
14,99,1.54,15,617.0,55709.09444444445
13,95,1.48,16,617.0,55709.095138888886
13,63,1.5,16,616.9,55709.09583333333
12,80,1.5,15,617.0,55709.09652777778
13,127,1.49,16,617.0,55709.09722222222
13,111,1.51,15,616.9,55709.097916666666
12,115,1.5,16,617.0,55709.09861111111
13,79,1.47,17,617.0,55709.09930555556
12,119,1.45,16,616.9,55709.1
12,110,1.48,16,616.9,55709.100694444445
13,65,1.46,16,616.9,55709.10138888889
14,93,1.42,17,617.0,55709.10208333333
15,62,1.39,17,617.0,55709.10277777778
14,111,1.32,19,616.9,55709.103472222225
15,108,1.28,17,616.9,55709.104166666664
15,132,1.23,16,616.9,55709.10486111111
14,79,1.22,17,616.9,55709.10555555556
14,124,1.14,19,616.9,55709.10625
14,110,1.07,19,616.9,55709.106944444444
14,84,1.05,18,616.9,55709.10763888889
15,103,1.02,17,616.9,55709.10833333333
14,109,1.0,18,616.9,55709.10902777778
12,74,1.01,18,616.9,55709.10972222222
13,105,0.97,18,616.9,55709.11041666667
14,115,0.9,17,616.9,55709.11111111111
12,68,0.83,18,616.9,55709.111805555556
13,77,0.8,18,616.9,55709.1125
14,100,0.75,20,617.0,55709.11319444444
15,113,0.71,18,616.9,55709.11388888889
13,117,0.7,19,616.9,55709.114583333336
14,79,0.72,20,616.9,55709.115277777775
15,116,0.75,19,616.9,55709.11597222222
13,125,0.75,18,616.9,55709.11666666667
15,345,0.74,20,616.9,55709.11736111111
15,93,0.69,20,616.9,55709.118055555555
15,115,0.65,20,616.9,55709.11875
13,124,0.6,20,616.9,55709.11944444444
13,119,0.57,20,616.9,55709.12013888889
12,57,0.54,20,616.9,55709.120833333334
13,92,0.53,20,617.0,55709.12152777778
12,85,0.51,22,617.0,55709.12222222222
13,124,0.48,21,617.0,55709.12291666667
11,86,0.45,21,617.0,55709.123611111114
13,102,0.44,20,617.0,55709.12430555555
13,111,0.43,21,617.0,55709.125
13,116,0.39,22,616.9,55709.12569444445
12,95,0.34,22,616.9,55709.126388888886
12,127,0.3,21,617.0,55709.12708333333
12,96,0.28,21,617.0,55709.12777777778
12,114,0.28,21,617.0,55709.12847222222
11,89,0.25,21,617.0,55709.129166666666
13,102,0.21,21,617.0,55709.12986111111
14,101,0.17,22,617.0,55709.13055555556
12,100,0.12,22,617.0,55709.13125
13,115,0.07,21,617.0,55709.131944444445
12,128,0.02,22,617.0,55709.13263888889
11,123,0.0,23,617.0,55709.13333333333
12,118,-0.04,23,617.0,55709.13402777778
13,128,-0.07,21,617.0,55709.134722222225
12,66,-0.09,23,617.0,55709.135416666664
12,90,-0.12,23,617.0,55709.13611111111
13,115,-0.14,24,617.0,55709.13680555556
11,125,-0.15,23,617.0,55709.1375
10,123,-0.17,22,617.0,55709.138194444444
11,125,-0.19,23,617.0,55709.13888888889
12,117,-0.21,23,617.0,55709.13958333333
12,108,-0.23,25,617.0,55709.14027777778
13,118,-0.26,24,617.0,55709.14097222222
11,94,-0.31,23,617.0,55709.14166666667
13,96,-0.36,23,617.0,55709.14236111111
13,113,-0.4,24,617.0,55709.143055555556
14,115,-0.43,25,617.0,55709.14375
14,95,-0.45,26,617.0,55709.14444444444
14,112,-0.47,25,617.0,55709.14513888889
13,110,-0.51,25,617.0,55709.145833333336
11,107,-0.55,27,617.0,55709.146527777775
12,113,-0.59,26,617.0,55709.14722222222
13,111,-0.62,24,617.0,55709.14791666667
13,121,-0.64,24,617.0,55709.14861111111
14,109,-0.68,25,617.1,55709.149305555555
13,126,-0.73,26,617.1,55709.15
11,99,-0.76,26,617.1,55709.15069444444
12,71,-0.8,25,617.1,55709.15138888889
12,131,-0.84,25,617.1,55709.152083333334
10,102,-0.82,25,617.1,55709.15277777778
12,90,-0.82,24,617.1,55709.15347222222
10,113,-0.86,25,617.1,55709.15416666667
11,127,-0.9,26,617.1,55709.154861111114
11,111,-0.92,24,617.1,55709.15555555555
11,124,-0.94,26,617.1,55709.15625
11,109,-0.97,26,617.1,55709.15694444445
12,113,-0.99,26,617.1,55709.157638888886
13,115,-1.0,27,617.1,55709.15833333333
13,103,-1.02,26,617.1,55709.15902777778
12,104,-1.04,25,617.1,55709.15972222222
12,105,-1.06,26,617.1,55709.160416666666
11,120,-1.1,26,617.2,55709.16111111111
10,109,-1.14,26,617.1,55709.16180555556
11,108,-1.17,26,617.2,55709.1625
12,113,-1.2,28,617.1,55709.163194444445
12,115,-1.23,28,617.1,55709.16388888889
13,107,-1.26,27,617.1,55709.16458333333
14,101,-1.28,26,617.2,55709.16527777778
12,117,-1.32,29,617.1,55709.165972222225
12,122,-1.35,27,617.2,55709.166666666664
10,122,-1.37,26,617.2,55709.16736111111
10,107,-1.41,27,617.2,55709.16805555556
13,114,-1.43,23,617.2,55709.16875
11,122,-1.44,26,617.2,55709.169444444444
10,107,-1.47,27,617.2,55709.17013888889
11,113,-1.49,25,617.2,55709.17083333333
13,106,-1.5,26,617.2,55709.17152777778
13,123,-1.49,25,617.2,55709.17222222222
13,126,-1.5,28,617.1,55709.17291666667
13,101,-1.51,26,617.2,55709.17361111111
16,73,-1.53,26,617.2,55709.174305555556
15,107,-1.54,24,617.2,55709.175
14,94,-1.52,23,617.2,55709.17569444444
12,116,-1.5,24,617.3,55709.17638888889
12,101,-1.49,26,617.3,55709.177083333336
13,113,-1.51,23,617.3,55709.177777777775
12,106,-1.5,22,617.3,55709.17847222222
10,117,-1.47,22,617.3,55709.17916666667
13,120,-1.47,22,617.3,55709.17986111111
10,124,-1.43,20,617.4,55709.180555555555
11,81,-1.44,25,617.3,55709.18125
11,98,-1.46,24,617.4,55709.18194444444
13,121,-1.48,23,617.3,55709.18263888889
13,122,-1.51,25,617.3,55709.183333333334
12,114,-1.57,26,617.3,55709.18402777778
12,94,-1.62,25,617.4,55709.18472222222
13,110,-1.65,23,617.4,55709.18541666667
14,118,-1.69,24,617.3,55709.186111111114
13,126,-1.73,21,617.3,55709.18680555555
13,87,-1.73,24,617.4,55709.1875
13,112,-1.76,27,617.3,55709.18819444445
13,116,-1.79,26,617.3,55709.188888888886
14,118,-1.79,24,617.4,55709.18958333333
13,106,-1.79,27,617.4,55709.19027777778
13,117,-1.82,29,617.4,55709.19097222222
11,130,-1.87,31,617.4,55709.191666666666
10,111,-1.94,32,617.3,55709.19236111111
13,106,-2.0,32,617.4,55709.19305555556
12,111,-2.06,29,617.4,55709.19375
12,119,-2.1,30,617.3,55709.194444444445
14,122,-2.13,31,617.3,55709.19513888889
14,116,-2.16,31,617.3,55709.19583333333
14,113,-2.21,32,617.2,55709.19652777778
16,117,-2.26,32,617.3,55709.197222222225
13,110,-2.28,32,617.3,55709.197916666664
11,108,-2.32,33,617.4,55709.19861111111
13,101,-2.36,33,617.4,55709.19930555556
13,126,-2.4,35,617.4,55709.2
12,90,-2.43,35,617.4,55709.200694444444
12,101,-2.47,36,617.4,55709.20138888889
13,107,-2.51,36,617.4,55709.20208333333
13,130,-2.55,37,617.4,55709.20277777778
12,86,-2.6,39,617.4,55709.20347222222
14,107,-2.64,42,617.4,55709.20416666667
13,111,-2.69,43,617.4,55709.20486111111
14,105,-2.74,40,617.4,55709.205555555556
14,113,-2.78,41,617.5,55709.20625
14,118,-2.81,43,617.5,55709.20694444444
14,107,-2.82,38,617.5,55709.20763888889
14,119,-2.83,42,617.5,55709.208333333336
13,112,-2.85,41,617.5,55709.209027777775
13,129,-2.87,47,617.5,55709.20972222222
15,115,-2.91,42,617.5,55709.21041666667
15,127,-2.92,33,617.5,55709.21111111111
13,111,-2.87,38,617.5,55709.211805555555
13,118,-2.86,44,617.5,55709.2125
14,108,-2.89,48,617.5,55709.21319444444
13,113,-2.92,50,617.5,55709.21388888889
14,115,-2.96,50,617.5,55709.214583333334
15,100,-2.98,53,617.5,55709.21527777778
14,117,-3.0,51,617.5,55709.21597222222
13,116,-3.03,52,617.5,55709.21666666667
14,110,-3.05,52,617.6,55709.217361111114
12,119,-3.05,52,617.6,55709.21805555555
12,117,-3.05,52,617.6,55709.21875
12,105,-3.06,52,617.6,55709.21944444445
12,136,-3.07,52,617.6,55709.220138888886
12,119,-3.1,52,617.5,55709.22083333333
15,108,-3.13,51,617.6,55709.22152777778
15,109,-3.14,50,617.6,55709.22222222222
13,101,-3.16,51,617.6,55709.222916666666
14,117,-3.16,52,617.6,55709.22361111111
13,118,-3.17,50,617.6,55709.22430555556
12,131,-3.17,50,617.7,55709.225
12,113,-3.16,52,617.6,55709.225694444445
12,111,-3.17,52,617.7,55709.22638888889
12,121,-3.18,49,617.6,55709.22708333333
10,107,-3.19,51,617.7,55709.22777777778
12,92,-3.22,52,617.7,55709.228472222225
14,117,-3.24,44,617.7,55709.229166666664
13,114,-3.21,40,617.7,55709.22986111111
13,112,-3.17,46,617.7,55709.23055555556
13,113,-3.16,51,617.7,55709.23125
14,120,-3.18,50,617.7,55709.231944444444
14,124,-3.2,47,617.7,55709.23263888889
14,119,-3.19,48,617.7,55709.23333333333
12,103,-3.19,50,617.7,55709.23402777778
14,96,-3.19,49,617.8,55709.23472222222
13,116,-3.18,51,617.8,55709.23541666667
13,105,-3.2,51,617.8,55709.23611111111
14,107,-3.22,48,617.7,55709.236805555556
13,108,-3.22,47,617.8,55709.2375
16,120,-3.23,49,617.7,55709.23819444444
13,123,-3.25,50,617.7,55709.23888888889
14,104,-3.26,50,617.8,55709.239583333336
11,106,-3.24,45,617.8,55709.240277777775
14,105,-3.24,51,617.9,55709.24097222222
15,101,-3.26,50,617.8,55709.24166666667
14,109,-3.26,51,617.8,55709.24236111111
14,102,-3.26,51,617.9,55709.243055555555
15,106,-3.24,51,617.9,55709.24375
16,124,-3.23,51,617.9,55709.24444444444
14,109,-3.22,51,617.9,55709.24513888889
13,96,-3.22,51,617.9,55709.245833333334
14,119,-3.25,51,618.0,55709.24652777778
13,111,-3.26,51,617.9,55709.24722222222
12,122,-3.26,51,618.0,55709.24791666667
14,116,-3.27,52,618.0,55709.248611111114
13,110,-3.27,52,618.0,55709.24930555555
13,102,-3.27,50,618.0,55709.25
14,86,-3.26,50,618.0,55709.25069444445
14,111,-3.23,51,618.0,55709.251388888886
15,139,-3.24,52,618.0,55709.25208333333
15,105,-3.24,52,618.0,55709.25277777778
14,121,-3.25,52,618.0,55709.25347222222
14,111,-3.27,51,618.0,55709.254166666666
12,119,-3.29,51,618.0,55709.25486111111
14,87,-3.3,51,618.1,55709.25555555556
13,120,-3.3,51,618.1,55709.25625
12,118,-3.29,52,618.1,55709.256944444445
13,109,-3.28,51,618.1,55709.25763888889
14,100,-3.28,52,618.1,55709.25833333333
14,117,-3.28,51,618.1,55709.25902777778
13,119,-3.29,52,618.1,55709.259722222225
13,104,-3.29,52,618.1,55709.259722222225
12,105,-3.3,52,618.2,55709.26111111111
15,115,-3.3,52,618.2,55709.26180555556
11,104,-3.31,52,618.2,55709.2625
14,94,-3.33,52,618.2,55709.263194444444
14,117,-3.32,52,618.2,55709.26388888889
13,110,-3.32,52,618.2,55709.26458333333
14,107,-3.32,52,618.2,55709.26527777778
13,99,-3.32,52,618.2,55709.26597222222
13,106,-3.32,52,618.2,55709.26666666667
14,78,-3.34,52,618.2,55709.26736111111
14,115,-3.35,52,618.2,55709.268055555556
13,104,-3.35,52,618.2,55709.26875
14,94,-3.34,52,618.3,55709.26944444444
13,106,-3.32,52,618.2,55709.27013888889
13,101,-3.29,52,618.2,55709.270833333336
14,88,-3.28,52,618.3,55709.271527777775
13,108,-3.28,52,618.2,55709.27222222222
12,106,-3.25,52,618.2,55709.27291666667
14,101,-3.21,44,618.2,55709.27361111111
13,90,-3.14,45,618.2,55709.274305555555
12,117,-3.13,51,618.2,55709.275
12,109,-3.14,51,618.2,55709.27569444444
12,117,-3.17,51,618.2,55709.27638888889
13,117,-3.21,52,618.2,55709.277083333334
12,112,-3.24,52,618.2,55709.27777777778
12,100,-3.27,52,618.2,55709.27847222222
12,101,-3.27,52,618.2,55709.27916666667
13,114,-3.28,51,618.3,55709.279861111114
13,104,-3.28,52,618.3,55709.28055555555
13,128,-3.29,52,618.3,55709.28125
12,107,-3.31,52,618.3,55709.28194444445
13,126,-3.32,52,618.3,55709.282638888886
13,131,-3.31,51,618.3,55709.28333333333
13,116,-3.31,51,618.3,55709.28402777778
14,81,-3.32,51,618.3,55709.28472222222
12,101,-3.33,51,618.3,55709.285416666666
13,105,-3.35,51,618.3,55709.28611111111
13,97,-3.33,51,618.3,55709.28680555556
13,117,-3.29,51,618.4,55709.2875
13,111,-3.28,51,618.3,55709.288194444445
12,117,-3.25,51,618.4,55709.28888888889
12,118,-3.25,51,618.4,55709.28958333333
11,120,-3.26,51,618.4,55709.29027777778
13,109,-3.27,51,618.3,55709.290972222225
12,117,-3.26,51,618.3,55709.291666666664
12,100,-3.28,51,618.4,55709.29236111111
11,114,-3.29,51,618.4,55709.29305555556
12,98,-3.32,51,618.4,55709.29375
14,115,-3.3,51,618.4,55709.294444444444
12,115,-3.28,51,618.4,55709.29513888889
13,109,-3.29,51,618.4,55709.29583333333
12,119,-3.32,51,618.4,55709.29652777778
11,104,-3.37,51,618.4,55709.29722222222
11,114,-3.38,51,618.4,55709.29791666667
13,122,-3.4,51,618.4,55709.29861111111
13,120,-3.39,51,618.4,55709.299305555556
12,127,-3.39,51,618.4,55709.3
12,113,-3.37,51,618.4,55709.30069444444
13,107,-3.35,51,618.4,55709.30138888889
13,111,-3.33,51,618.4,55709.302083333336
13,105,-3.32,50,618.4,55709.302777777775
14,117,-3.32,50,618.4,55709.30347222222
14,111,-3.3,50,618.4,55709.30416666667
13,120,-3.29,50,618.4,55709.30486111111
13,115,-3.31,50,618.4,55709.305555555555
14,113,-3.35,50,618.4,55709.30625
15,119,-3.36,50,618.4,55709.30694444444
14,99,-3.35,50,618.5,55709.30763888889
13,111,-3.35,50,618.4,55709.308333333334
14,116,-3.36,50,618.4,55709.30902777778
12,105,-3.39,50,618.5,55709.30972222222
13,111,-3.41,50,618.5,55709.31041666667
13,93,-3.41,50,618.5,55709.311111111114
12,105,-3.37,50,618.5,55709.31180555555
13,109,-3.37,50,618.4,55709.3125
13,113,-3.37,50,618.5,55709.31319444445
13,117,-3.35,50,618.5,55709.313888888886
12,109,-3.33,50,618.5,55709.31458333333
13,82,-3.33,50,618.5,55709.31527777778
14,99,-3.29,50,618.5,55709.31597222222
13,108,-3.26,49,618.5,55709.316666666666
12,111,-3.24,49,618.5,55709.31736111111
13,70,-3.25,49,618.5,55709.31805555556
14,79,-3.23,49,618.5,55709.31875
13,112,-3.22,49,618.5,55709.319444444445
12,117,-3.26,49,618.5,55709.32013888889
13,90,-3.27,49,618.6,55709.32083333333
14,115,-3.28,49,618.5,55709.32152777778
14,95,-3.29,49,618.4,55709.322222222225
14,106,-3.28,49,618.5,55709.322916666664
14,125,-3.25,48,618.5,55709.32361111111
14,126,-3.25,48,618.5,55709.32430555556
14,102,-3.23,48,618.5,55709.325
13,101,-3.23,48,618.5,55709.325694444444
13,93,-3.22,47,618.5,55709.32638888889
14,92,-3.19,47,618.5,55709.32708333333
15,93,-3.17,48,618.4,55709.32777777778
13,107,-3.18,48,618.5,55709.32847222222
13,108,-3.2,48,618.5,55709.32916666667
14,97,-3.2,47,618.5,55709.32986111111
14,106,-3.19,47,618.5,55709.330555555556
14,119,-3.17,48,618.5,55709.33125
14,150,-3.18,48,618.5,55709.33194444444
13,95,-3.2,48,618.5,55709.33263888889
14,91,-3.18,47,618.6,55709.333333333336
14,86,-3.16,48,618.5,55709.334027777775
14,120,-3.16,48,618.5,55709.33472222222
14,93,-3.16,48,618.5,55709.33541666667
14,109,-3.17,48,618.5,55709.33611111111
14,90,-3.17,49,618.5,55709.336805555555
14,104,-3.19,49,618.5,55709.3375
15,103,-3.22,49,618.5,55709.33819444444
14,108,-3.22,49,618.5,55709.33888888889
13,109,-3.24,49,618.4,55709.339583333334
14,123,-3.28,50,618.4,55709.34027777778
14,134,-3.3,49,618.4,55709.34097222222
15,80,-3.29,49,618.5,55709.34166666667
14,106,-3.28,49,618.5,55709.342361111114
15,94,-3.26,48,618.5,55709.34305555555
13,99,-3.25,48,618.5,55709.34375
14,110,-3.26,49,618.5,55709.34444444445
14,79,-3.26,49,618.5,55709.345138888886
14,113,-3.24,49,618.5,55709.34583333333
14,122,-3.22,49,618.5,55709.34652777778
14,106,-3.21,49,618.5,55709.34722222222
15,112,-3.23,49,618.5,55709.347916666666
14,116,-3.22,49,618.5,55709.34861111111
14,101,-3.2,49,618.5,55709.34930555556
14,64,-3.2,48,618.5,55709.35
15,117,-3.17,47,618.5,55709.350694444445
15,103,-3.15,48,618.5,55709.35138888889
13,94,-3.13,48,618.4,55709.35208333333
14,89,-3.13,49,618.5,55709.35277777778
15,110,-3.12,49,618.4,55709.353472222225
16,121,-3.12,48,618.4,55709.354166666664
16,95,-3.12,49,618.4,55709.35486111111
15,102,-3.11,49,618.4,55709.35555555556
14,119,-3.11,50,618.4,55709.35625
16,93,-3.11,50,618.4,55709.356944444444
15,99,-3.1,50,618.4,55709.35763888889
15,106,-3.1,50,618.4,55709.35833333333
16,118,-3.11,50,618.4,55709.35902777778
15,81,-3.13,50,618.4,55709.35972222222
15,121,-3.11,50,618.4,55709.36041666667
15,122,-3.1,49,618.4,55709.36111111111
15,114,-3.09,50,618.4,55709.361805555556
15,82,-3.1,50,618.4,55709.3625
15,96,-3.1,50,618.4,55709.36319444444
16,100,-3.11,49,618.4,55709.36388888889
16,93,-3.1,49,618.5,55709.364583333336
15,87,-3.1,49,618.4,55709.365277777775
14,98,-3.08,49,618.5,55709.36597222222
14,45,-3.08,49,618.5,55709.36666666667
15,105,-3.05,49,618.6,55709.36736111111
14,110,-3.04,49,618.5,55709.368055555555
13,130,-3.05,50,618.4,55709.36875
15,116,-3.07,50,618.5,55709.36944444444
15,130,-3.07,50,618.5,55709.37013888889
15,110,-3.07,50,618.4,55709.370833333334
14,128,-3.09,50,618.5,55709.37152777778
15,72,-3.1,50,618.5,55709.37222222222
15,104,-3.1,50,618.5,55709.37291666667
15,127,-3.1,51,618.5,55709.373611111114
15,99,-3.13,51,618.5,55709.37430555555
15,90,-3.12,50,618.5,55709.375
16,116,-3.1,50,618.5,55709.37569444445
16,80,-3.09,50,618.6,55709.376388888886
15,123,-3.06,50,618.5,55709.37708333333
14,90,-3.04,50,618.4,55709.37777777778
14,111,-3.03,49,618.4,55709.37847222222
14,113,-3.01,50,618.5,55709.379166666666
15,112,-3.01,50,618.4,55709.37986111111
15,115,-3.01,49,618.4,55709.38055555556
15,93,-3.01,49,618.4,55709.38125
16,135,-2.99,49,618.4,55709.381944444445
15,114,-2.98,49,618.4,55709.38263888889
15,112,-2.98,49,618.4,55709.38333333333
15,78,-2.97,48,618.4,55709.38402777778
16,109,-2.96,48,618.4,55709.384722222225
14,82,-2.95,48,618.4,55709.385416666664
15,101,-2.95,48,618.4,55709.38611111111
16,113,-2.95,48,618.4,55709.38680555556
16,112,-2.95,48,618.3,55709.3875
13,115,-2.99,48,618.4,55709.388194444444
16,89,-3.0,48,618.4,55709.38888888889
16,115,-2.98,47,618.4,55709.38958333333
15,98,-2.96,47,618.4,55709.39027777778
15,42,-2.95,46,618.4,55709.39097222222
15,134,-2.95,46,618.3,55709.39166666667
15,108,-2.96,46,618.3,55709.39236111111
15,88,-2.96,46,618.3,55709.393055555556
15,86,-2.95,46,618.3,55709.39375
15,83,-2.94,46,618.3,55709.39444444444
15,98,-2.92,45,618.3,55709.39513888889
15,108,-2.91,45,618.3,55709.395833333336
16,95,-2.91,44,618.3,55709.396527777775
16,77,-2.89,43,618.3,55709.39722222222
17,111,-2.86,43,618.3,55709.39791666667
15,105,-2.88,43,618.2,55709.39861111111
14,84,-2.91,43,618.3,55709.399305555555
15,111,-2.91,42,618.3,55709.4
16,98,-2.92,42,618.2,55709.40069444444
14,99,-2.92,39,618.2,55709.40138888889
14,111,-2.93,40,618.2,55709.402083333334
15,101,-2.92,40,618.2,55709.40277777778
14,103,-2.93,39,618.2,55709.40347222222
14,121,-2.95,40,618.2,55709.40416666667
14,108,-2.95,39,618.2,55709.404861111114
14,124,-2.95,39,618.3,55709.40555555555
14,90,-2.97,40,618.3,55709.40625
14,109,-2.96,40,618.3,55709.40694444445
14,83,-2.97,41,618.3,55709.407638888886
14,110,-2.98,40,618.3,55709.40833333333
14,96,-3.0,41,618.2,55709.40902777778
14,113,-3.0,41,618.2,55709.40972222222
14,102,-3.0,42,618.3,55709.410416666666
14,98,-3.02,41,618.3,55709.41111111111
13,111,-3.01,43,618.2,55709.41180555556
13,122,-3.01,41,618.3,55709.4125
14,88,-3.0,41,618.2,55709.413194444445
14,109,-2.98,42,618.2,55709.41388888889
14,125,-2.97,42,618.2,55709.41458333333
12,85,-2.94,42,618.2,55709.41527777778
14,137,-2.94,42,618.2,55709.415972222225
