wind_speed,wind_direction,temperature,relative_humidity,pressure,mjd
0,110.0,2.39,18,618.9,56788.416666666664
0,110.0,2.37,18,618.8,56788.41736111111
0,110.0,2.36,18,618.8,56788.41805555556
0,110.0,2.36,18,618.8,56788.41875
0,110.0,2.36,18,618.8,56788.419444444444
0,110.0,2.35,18,618.8,56788.42013888889
0,110.0,2.35,17,618.8,56788.42083333333
0,110.0,2.35,17,618.8,56788.42152777778
0,110.0,2.35,18,618.8,56788.42222222222
0,110.0,2.36,17,618.8,56788.42291666667
0,110.0,2.36,18,618.8,56788.42361111111
0,110.0,2.35,18,618.8,56788.424305555556
0,110.0,2.33,18,618.8,56788.425
0,110.0,2.31,18,618.8,56788.42569444444
0,110.0,2.28,18,618.8,56788.42638888889
0,110.0,2.24,18,618.8,56788.427083333336
0,110.0,2.24,17,618.8,56788.427777777775
0,110.0,2.24,17,618.8,56788.42847222222
0,110.0,2.24,17,618.8,56788.42916666667
0,110.0,2.25,18,618.8,56788.42986111111
0,110.0,2.27,18,618.8,56788.430555555555
0,110.0,2.27,18,618.7,56788.43125
0,110.0,2.26,18,618.7,56788.43194444444
0,110.0,2.26,18,618.7,56788.43263888889
0,110.0,2.24,19,618.7,56788.433333333334
0,110.0,2.21,19,618.7,56788.43402777778
0,110.0,2.18,20,618.7,56788.43472222222
0,110.0,2.15,19,618.7,56788.43541666667
0,110.0,2.14,19,618.7,56788.436111111114
0,110.0,2.13,18,618.7,56788.43680555555
0,110.0,2.13,18,618.7,56788.4375
0,110.0,2.15,18,618.7,56788.43819444445
0,110.0,2.16,18,618.7,56788.438888888886
0,110.0,2.18,17,618.7,56788.43958333333
0,110.0,2.2,17,618.6,56788.44027777778
0,110.0,2.22,16,618.6,56788.44097222222
0,110.0,2.25,16,618.6,56788.441666666666
0,110.0,2.27,16,618.6,56788.44236111111
0,110.0,2.3,16,618.6,56788.44305555556
0,110.0,2.3,17,618.6,56788.44375
0,110.0,2.3,16,618.6,56788.444444444445
0,110.0,2.3,16,618.6,56788.44513888889
0,110.0,2.3,16,618.5,56788.44583333333
0,110.0,2.31,16,618.5,56788.44652777778
0,110.0,2.33,16,618.5,56788.447222222225
0,110.0,2.34,18,618.5,56788.447916666664
0,110.0,2.36,17,618.5,56788.44861111111
0,110.0,2.35,17,618.5,56788.44930555556
0,110.0,2.33,17,618.5,56788.45
0,110.0,2.33,17,618.5,56788.450694444444
0,110.0,2.31,16,618.5,56788.45138888889
0,110.0,2.31,16,618.5,56788.45208333333
0,110.0,2.3,16,618.5,56788.45277777778
0,110.0,2.3,16,618.5,56788.45347222222
0,110.0,2.28,16,618.5,56788.45416666667
0,110.0,2.26,17,618.5,56788.45486111111
0,110.0,2.24,17,618.5,56788.455555555556
0,110.0,2.2,17,618.5,56788.45625
0,110.0,2.16,16,618.4,56788.45694444444
0,110.0,2.11,16,618.4,56788.45763888889
0,110.0,2.07,16,618.4,56788.458333333336
0,110.0,2.05,16,618.4,56788.459027777775
0,110.0,2.04,16,618.4,56788.45972222222
0,110.0,2.03,17,618.4,56788.46041666667
0,110.0,2.03,17,618.4,56788.46111111111
0,110.0,2.05,17,618.4,56788.461805555555
0,110.0,2.06,17,618.4,56788.4625
0,110.0,2.08,17,618.4,56788.46319444444
0,110.0,2.09,16,618.4,56788.46388888889
0,110.0,2.11,16,618.4,56788.464583333334
0,110.0,2.12,16,618.3,56788.46527777778
0,110.0,2.12,16,618.3,56788.46597222222
0,110.0,2.13,16,618.3,56788.46666666667
0,110.0,2.15,16,618.3,56788.467361111114
0,110.0,2.15,17,618.3,56788.46805555555
0,110.0,2.17,17,618.3,56788.46875
0,110.0,2.18,16,618.3,56788.46944444445
0,110.0,2.2,16,618.3,56788.470138888886
0,110.0,2.21,16,618.3,56788.47083333333
0,110.0,2.21,16,618.3,56788.47152777778
0,110.0,2.19,16,618.3,56788.47222222222
0,110.0,2.18,16,618.3,56788.472916666666
0,110.0,2.15,16,618.2,56788.47361111111
0,110.0,2.13,16,618.2,56788.47430555556
0,110.0,2.12,16,618.2,56788.475
0,110.0,2.12,16,618.2,56788.475694444445
0,110.0,2.12,16,618.2,56788.47638888889
0,110.0,2.13,17,618.2,56788.47708333333
0,110.0,2.15,17,618.2,56788.47777777778
0,110.0,2.15,17,618.2,56788.478472222225
0,110.0,2.15,17,618.1,56788.479166666664
0,110.0,2.16,17,618.1,56788.47986111111
0,110.0,2.18,17,618.1,56788.48055555556
0,110.0,2.18,17,618.1,56788.48125
0,110.0,2.17,17,618.1,56788.481944444444
0,110.0,2.15,17,618.1,56788.48263888889
0,110.0,2.12,17,618.1,56788.48333333333
0,110.0,2.11,17,618.1,56788.48402777778
0,110.0,2.09,17,618.1,56788.48472222222
0,110.0,2.07,17,618.1,56788.48541666667
0,110.0,2.06,17,618.1,56788.48611111111
0,110.0,2.08,18,618.1,56788.486805555556
0,110.0,2.1,20,618.1,56788.4875
0,110.0,2.13,21,618.1,56788.48819444444
0,110.0,2.15,22,618.1,56788.48888888889
0,110.0,2.17,21,618.1,56788.489583333336
0,38.0,2.19,21,618.1,56788.490277777775
0,38.0,2.23,22,618.0,56788.49097222222
0,38.0,2.27,22,618.0,56788.49166666667
0,38.0,2.31,23,618.0,56788.49236111111
0,38.0,2.34,23,618.0,56788.493055555555
0,38.0,2.36,23,618.0,56788.49375
0,38.0,2.36,22,618.0,56788.49444444444
0,38.0,2.34,22,618.0,56788.49513888889
0,38.0,2.33,22,617.9,56788.495833333334
0,38.0,2.3,22,617.9,56788.49652777778
0,38.0,2.27,22,617.9,56788.49722222222
0,37.0,2.25,22,617.9,56788.49791666667
0,37.0,2.24,22,617.9,56788.498611111114
0,37.0,2.24,22,617.9,56788.49930555555
0,37.0,2.22,22,617.9,56788.5
0,37.0,2.21,22,617.9,56788.50069444445
0,37.0,2.21,22,617.9,56788.501388888886
0,37.0,2.19,22,617.9,56788.50208333333
0,37.0,2.19,22,617.9,56788.50277777778
0,37.0,2.21,22,617.9,56788.50347222222
0,37.0,2.24,22,617.9,56788.504166666666
0,12.0,2.27,22,617.9,56788.50486111111
0,9.0,2.31,21,617.9,56788.50555555556
0,0.0,2.34,21,617.9,56788.50625
0,0.0,2.36,21,617.9,56788.506944444445
0,0.0,2.39,21,617.8,56788.50763888889
0,0.0,2.39,21,617.8,56788.50833333333
0,0.0,2.4,20,617.8,56788.50902777778
0,0.0,2.41,20,617.8,56788.509722222225
0,0.0,2.42,20,617.8,56788.510416666664
0,0.0,2.42,20,617.8,56788.51111111111
0,0.0,2.42,19,617.8,56788.51180555556
0,0.0,2.42,19,617.8,56788.5125
0,0.0,2.42,19,617.8,56788.513194444444
0,0.0,2.42,19,617.8,56788.51388888889
0,0.0,2.42,19,617.8,56788.51458333333
0,0.0,2.4,19,617.8,56788.51527777778
0,0.0,2.38,19,617.8,56788.51597222222
0,0.0,2.34,19,617.8,56788.51666666667
0,0.0,2.31,19,617.8,56788.51736111111
0,10.0,2.29,19,617.8,56788.518055555556
0,10.0,2.27,19,617.8,56788.51875
0,10.0,2.27,19,617.8,56788.51944444444
0,10.0,2.26,19,617.7,56788.52013888889
0,10.0,2.25,19,617.7,56788.520833333336
0,10.0,2.24,19,617.7,56788.521527777775
0,10.0,2.24,19,617.7,56788.52222222222
0,10.0,2.23,19,617.7,56788.52291666667
0,10.0,2.21,18,617.7,56788.52361111111
0,10.0,2.21,18,617.7,56788.524305555555
0,5.0,2.21,18,617.7,56788.525
0,4.0,2.23,18,617.7,56788.52569444444
0,0.0,2.24,18,617.7,56788.52638888889
0,0.0,2.26,18,617.7,56788.527083333334
0,0.0,2.27,18,617.7,56788.52777777778
0,0.0,2.29,18,617.7,56788.52847222222
0,0.0,2.31,18,617.7,56788.52916666667
0,0.0,2.33,18,617.7,56788.529861111114
0,332.0,2.34,18,617.7,56788.53055555555
0,332.0,2.35,18,617.7,56788.53125
0,321.0,2.35,18,617.7,56788.53194444445
0,320.0,2.34,18,617.7,56788.532638888886
0,334.0,2.31,18,617.7,56788.53333333333
0,324.0,2.26,19,617.6,56788.53402777778
0,336.0,2.22,19,617.6,56788.53472222222
0,336.0,2.18,19,617.6,56788.535416666666
0,336.0,2.15,19,617.6,56788.53611111111
0,336.0,2.14,19,617.6,56788.53680555556
0,336.0,2.14,19,617.6,56788.5375
0,336.0,2.12,19,617.6,56788.538194444445
0,353.0,2.1,19,617.6,56788.53888888889
0,2.0,2.06,18,617.6,56788.53958333333
0,2.0,2.04,18,617.6,56788.54027777778
0,6.0,2.02,18,617.6,56788.540972222225
0,2.0,2.0,18,617.6,56788.541666666664
0,6.0,1.99,18,617.6,56788.54236111111
0,0.0,1.97,18,617.6,56788.54305555556
0,0.0,1.96,18,617.6,56788.54375
0,0.0,1.96,18,617.6,56788.544444444444
0,18.0,1.97,18,617.6,56788.54513888889
0,18.0,1.99,18,617.6,56788.54583333333
0,18.0,1.99,18,617.6,56788.54652777778
0,18.0,2.0,18,617.6,56788.54722222222
0,14.0,2.02,18,617.6,56788.54791666667
0,14.0,2.04,18,617.6,56788.54861111111
0,14.0,2.07,18,617.6,56788.549305555556
0,13.0,2.09,18,617.6,56788.55
0,12.0,2.11,18,617.6,56788.55069444444
0,12.0,2.13,18,617.6,56788.55138888889
0,4.0,2.15,18,617.6,56788.552083333336
0,2.0,2.17,18,617.6,56788.552777777775
0,0.0,2.19,18,617.6,56788.55347222222
0,0.0,2.22,17,617.6,56788.55416666667
0,0.0,2.24,17,617.6,56788.55486111111
0,0.0,2.27,17,617.6,56788.555555555555
0,354.0,2.3,17,617.6,56788.55625
0,354.0,2.32,17,617.6,56788.55694444444
0,354.0,2.33,17,617.6,56788.55763888889
0,354.0,2.34,17,617.6,56788.558333333334
0,354.0,2.36,17,617.5,56788.55902777778
0,354.0,2.35,17,617.5,56788.55972222222
0,354.0,2.34,18,617.5,56788.56041666667
0,354.0,2.33,18,617.5,56788.561111111114
0,354.0,2.33,18,617.5,56788.56180555555
0,354.0,2.31,19,617.5,56788.5625
0,354.0,2.3,18,617.5,56788.56319444445
0,354.0,2.3,20,617.5,56788.563888888886
0,354.0,2.28,20,617.5,56788.56458333333
0,354.0,2.27,20,617.5,56788.56527777778
0,354.0,2.26,19,617.5,56788.56597222222
0,354.0,2.26,20,617.5,56788.566666666666
0,354.0,2.27,19,617.5,56788.56736111111
0,354.0,2.27,19,617.5,56788.56805555556
0,354.0,2.28,20,617.5,56788.56875
0,9.0,2.27,22,617.5,56788.569444444445
0,9.0,2.25,22,617.5,56788.57013888889
0,9.0,2.22,20,617.5,56788.57083333333
0,9.0,2.19,20,617.5,56788.57152777778
0,9.0,2.17,19,617.5,56788.572222222225
0,9.0,2.15,19,617.5,56788.572916666664
0,9.0,2.15,20,617.5,56788.57361111111
0,9.0,2.14,20,617.5,56788.57430555556
0,9.0,2.12,20,617.5,56788.575
0,9.0,2.12,20,617.5,56788.575694444444
0,9.0,2.11,20,617.5,56788.57638888889
0,9.0,2.1,20,617.5,56788.57708333333
0,9.0,2.09,20,617.5,56788.57777777778
0,9.0,2.09,20,617.5,56788.57847222222
0,9.0,2.08,21,617.5,56788.57916666667
0,9.0,2.06,21,617.5,56788.57986111111
0,9.0,2.05,22,617.5,56788.580555555556
0,9.0,2.04,22,617.5,56788.58125
0,9.0,2.03,22,617.5,56788.58194444444
0,10.0,2.01,23,617.5,56788.58263888889
0,10.0,2.0,23,617.5,56788.583333333336
0,14.0,1.99,24,617.5,56788.584027777775
0,14.0,1.98,24,617.5,56788.58472222222
0,14.0,1.97,24,617.5,56788.58541666667
0,14.0,1.98,24,617.5,56788.58611111111
0,14.0,1.99,23,617.5,56788.586805555555
0,14.0,1.99,24,617.5,56788.5875
0,14.0,1.99,25,617.5,56788.58819444444
0,14.0,1.99,25,617.5,56788.58888888889
0,14.0,1.99,25,617.5,56788.589583333334
0,14.0,1.97,25,617.5,56788.59027777778
0,14.0,1.95,26,617.5,56788.59097222222
0,14.0,1.93,26,617.5,56788.59166666667
0,14.0,1.93,25,617.5,56788.592361111114
0,14.0,1.92,25,617.5,56788.59305555555
0,14.0,1.9,25,617.5,56788.59375
0,14.0,1.87,25,617.5,56788.59444444445
0,14.0,1.83,25,617.5,56788.595138888886
0,14.0,1.78,24,617.5,56788.59583333333
0,14.0,1.73,24,617.5,56788.59652777778
0,14.0,1.67,24,617.5,56788.59722222222
0,14.0,1.63,24,617.5,56788.597916666666
0,14.0,1.58,24,617.5,56788.59861111111
0,14.0,1.54,24,617.5,56788.59930555556
0,14.0,1.51,24,617.5,56788.6
0,14.0,1.49,24,617.5,56788.600694444445
0,14.0,1.49,25,617.5,56788.60138888889
0,14.0,1.51,27,617.5,56788.60208333333
0,14.0,1.54,28,617.5,56788.60277777778
0,14.0,1.58,27,617.5,56788.603472222225
0,14.0,1.63,27,617.5,56788.604166666664
0,14.0,1.68,28,617.5,56788.60486111111
0,0.0,1.74,30,617.5,56788.60555555556
0,0.0,1.79,30,617.5,56788.60625
0,0.0,1.83,30,617.5,56788.606944444444
0,0.0,1.87,30,617.5,56788.60763888889
0,273.0,1.9,31,617.5,56788.60833333333
0,296.0,1.92,31,617.5,56788.60902777778
0,296.0,1.93,30,617.5,56788.60972222222
0,296.0,1.93,30,617.6,56788.61041666667
0,296.0,1.92,30,617.6,56788.61111111111
0,297.0,1.89,29,617.6,56788.611805555556
0,303.0,1.84,29,617.6,56788.6125
0,305.0,1.79,30,617.6,56788.61319444444
0,306.0,1.74,30,617.6,56788.61388888889
0,306.0,1.7,29,617.6,56788.614583333336
0,306.0,1.66,27,617.6,56788.615277777775
0,306.0,1.66,27,617.6,56788.61597222222
0,306.0,1.66,26,617.6,56788.61666666667
0,306.0,1.66,26,617.6,56788.61736111111
0,306.0,1.66,25,617.6,56788.618055555555
0,306.0,1.69,25,617.6,56788.61875
0,306.0,1.72,24,617.5,56788.61944444444
0,306.0,1.76,24,617.6,56788.62013888889
0,306.0,1.8,24,617.5,56788.620833333334
0,307.0,1.83,23,617.6,56788.62152777778
0,307.0,1.87,23,617.6,56788.62222222222
0,307.0,1.9,23,617.5,56788.62291666667
0,307.0,1.94,24,617.6,56788.623611111114
0,307.0,1.96,24,617.6,56788.62430555555
0,307.0,1.99,24,617.6,56788.625
0,307.0,2.0,24,617.6,56788.62569444445
0,307.0,2.02,25,617.6,56788.626388888886
0,307.0,2.04,25,617.6,56788.62708333333
0,307.0,2.05,25,617.6,56788.62777777778
0,307.0,2.06,25,617.6,56788.62847222222
0,307.0,2.08,25,617.6,56788.629166666666
0,307.0,2.09,25,617.6,56788.62986111111
0,307.0,2.08,25,617.6,56788.63055555556
0,307.0,2.06,25,617.6,56788.63125
0,307.0,2.05,25,617.6,56788.631944444445
0,307.0,2.04,25,617.6,56788.63263888889
0,307.0,2.03,25,617.6,56788.63333333333
0,307.0,2.03,25,617.6,56788.63402777778
0,307.0,2.03,25,617.6,56788.634722222225
0,307.0,2.03,25,617.6,56788.635416666664
0,307.0,2.05,24,617.6,56788.63611111111
0,307.0,2.05,24,617.6,56788.63680555556
0,307.0,2.05,24,617.6,56788.6375
0,307.0,2.05,24,617.6,56788.638194444444
0,307.0,2.06,24,617.6,56788.63888888889
0,307.0,2.07,24,617.6,56788.63958333333
0,307.0,2.07,24,617.6,56788.64027777778
0,307.0,2.07,24,617.6,56788.64097222222
0,307.0,2.08,24,617.6,56788.64166666667
0,307.0,2.08,24,617.6,56788.64236111111
0,307.0,2.08,25,617.7,56788.643055555556
0,307.0,2.08,24,617.7,56788.64375
0,307.0,2.07,24,617.7,56788.64444444444
0,307.0,2.07,24,617.7,56788.64513888889
0,307.0,2.07,24,617.7,56788.645833333336
0,306.0,2.06,24,617.7,56788.646527777775
0,306.0,2.04,24,617.7,56788.64722222222
0,306.0,2.01,24,617.7,56788.64791666667
0,306.0,1.99,24,617.7,56788.64861111111
0,306.0,1.97,24,617.7,56788.649305555555
0,306.0,1.96,24,617.7,56788.65
0,307.0,1.95,24,617.7,56788.65069444444
0,307.0,1.94,24,617.7,56788.65138888889
0,307.0,1.94,24,617.7,56788.652083333334
0,307.0,1.96,23,617.7,56788.65277777778
0,307.0,1.96,23,617.8,56788.65347222222
0,307.0,1.97,24,617.7,56788.65416666667
0,307.0,1.99,24,617.7,56788.654861111114
0,307.0,2.0,24,617.7,56788.65555555555
0,307.0,2.0,24,617.7,56788.65625
0,307.0,2.02,23,617.8,56788.65694444445
0,307.0,2.02,23,617.8,56788.657638888886
0,307.0,2.02,23,617.8,56788.65833333333
0,307.0,2.03,23,617.8,56788.65902777778
0,307.0,2.03,23,617.8,56788.65972222222
0,307.0,2.03,23,617.8,56788.660416666666
0,307.0,2.03,23,617.7,56788.66111111111
0,307.0,2.04,23,617.7,56788.66180555556
0,307.0,2.04,23,617.7,56788.6625
0,307.0,2.05,23,617.8,56788.663194444445
0,307.0,2.05,23,617.8,56788.66388888889
0,307.0,2.05,23,617.8,56788.66458333333
0,307.0,2.05,24,617.8,56788.66527777778
0,307.0,2.08,27,617.8,56788.665972222225
0,307.0,2.11,28,617.8,56788.666666666664
0,307.0,2.14,28,617.8,56788.66736111111
0,307.0,2.15,27,617.8,56788.66805555556
0,307.0,2.15,27,617.8,56788.66875
0,307.0,2.15,27,617.8,56788.669444444444
0,307.0,2.13,27,617.8,56788.67013888889
0,307.0,2.12,27,617.8,56788.67083333333
0,307.0,2.11,27,617.8,56788.67152777778
0,307.0,2.09,27,617.8,56788.67222222222
0,307.0,2.08,27,617.8,56788.67291666667
0,307.0,2.07,27,617.9,56788.67361111111
0,307.0,2.08,27,617.9,56788.674305555556
0,307.0,2.09,27,617.9,56788.675
0,307.0,2.11,27,617.9,56788.67569444444
0,307.0,2.12,27,617.9,56788.67638888889
0,307.0,2.13,27,617.9,56788.677083333336
0,307.0,2.14,28,617.9,56788.677777777775
0,233.0,2.15,29,617.9,56788.67847222222
0,233.0,2.16,30,617.9,56788.67916666667
0,232.0,2.18,30,617.9,56788.67986111111
0,232.0,2.2,30,617.9,56788.680555555555
0,223.0,2.22,31,618.0,56788.68125
0,212.0,2.24,30,618.0,56788.68194444444
0,212.0,2.26,30,618.0,56788.68263888889
0,212.0,2.27,30,618.0,56788.683333333334
0,211.0,2.3,30,618.0,56788.68402777778
0,211.0,2.32,30,618.0,56788.68472222222
0,211.0,2.34,30,618.0,56788.68541666667
0,211.0,2.36,30,618.0,56788.686111111114
0,211.0,2.38,30,618.0,56788.68680555555
0,211.0,2.38,30,618.0,56788.6875
0,211.0,2.39,30,618.0,56788.68819444445
0,211.0,2.39,30,618.0,56788.688888888886
0,211.0,2.39,30,618.0,56788.68958333333
0,211.0,2.39,30,618.1,56788.69027777778
0,211.0,2.39,30,618.1,56788.69097222222
0,211.0,2.39,30,618.1,56788.691666666666
0,213.0,2.39,30,618.1,56788.69236111111
0,213.0,2.38,30,618.1,56788.69305555556
0,213.0,2.36,30,618.1,56788.69375
0,213.0,2.36,30,618.1,56788.694444444445
0,213.0,2.33,30,618.1,56788.69513888889
0,213.0,2.33,30,618.1,56788.69583333333
0,213.0,2.32,30,618.1,56788.69652777778
0,213.0,2.3,30,618.1,56788.697222222225
0,213.0,2.3,30,618.1,56788.697916666664
0,213.0,2.3,30,618.1,56788.69861111111
0,213.0,2.3,30,618.2,56788.69930555556
0,213.0,2.3,30,618.2,56788.7
0,213.0,2.29,30,618.2,56788.700694444444
0,213.0,2.27,30,618.2,56788.70138888889
0,213.0,2.27,30,618.2,56788.70208333333
0,213.0,2.26,30,618.2,56788.70277777778
0,213.0,2.25,30,618.2,56788.70347222222
0,213.0,2.24,30,618.2,56788.70416666667
0,213.0,2.24,30,618.2,56788.70486111111
0,213.0,2.24,30,618.2,56788.705555555556
0,214.0,2.23,30,618.2,56788.70625
0,214.0,2.22,30,618.2,56788.70694444444
0,306.0,2.21,30,618.3,56788.70763888889
0,298.0,2.21,29,618.3,56788.708333333336
0,299.0,2.21,29,618.3,56788.709027777775
1,288.0,2.19,29,618.3,56788.70972222222
0,307.0,2.16,28,618.3,56788.71041666667
0,307.0,2.1,27,618.3,56788.71111111111
0,307.0,2.03,27,618.3,56788.711805555555
0,294.0,1.96,28,618.3,56788.7125
0,292.0,1.87,28,618.3,56788.71319444444
0,300.0,1.78,27,618.3,56788.71388888889
0,307.0,1.71,27,618.3,56788.714583333334
0,307.0,1.66,27,618.3,56788.71527777778
0,300.0,1.63,27,618.4,56788.71597222222
0,300.0,1.65,27,618.4,56788.71666666667
0,280.0,1.67,27,618.4,56788.717361111114
0,292.0,1.69,27,618.4,56788.71805555555
0,307.0,1.67,26,618.4,56788.71875
0,307.0,1.66,26,618.4,56788.71944444445
0,334.0,1.64,25,618.4,56788.720138888886
0,315.0,1.65,25,618.4,56788.72083333333
0,315.0,1.67,25,618.4,56788.72152777778
0,315.0,1.7,25,618.4,56788.72222222222
0,315.0,1.73,25,618.4,56788.722916666666
0,283.0,1.75,26,618.4,56788.72361111111
0,280.0,1.79,25,618.5,56788.72430555556
0,306.0,1.82,25,618.5,56788.725
0,303.0,1.87,24,618.5,56788.725694444445
0,296.0,1.93,24,618.5,56788.72638888889
0,312.0,2.0,22,618.5,56788.72708333333
0,313.0,2.08,22,618.5,56788.72777777778
0,313.0,2.16,22,618.5,56788.728472222225
0,313.0,2.26,22,618.5,56788.729166666664
0,313.0,2.35,22,618.5,56788.72986111111
0,313.0,2.44,22,618.5,56788.73055555556
0,313.0,2.54,23,618.5,56788.73125
0,313.0,2.63,22,618.5,56788.731944444444
0,313.0,2.71,22,618.5,56788.73263888889
0,313.0,2.78,21,618.5,56788.73333333333
0,341.0,2.83,21,618.5,56788.73402777778
0,345.0,2.86,21,618.5,56788.73472222222
0,347.0,2.88,21,618.5,56788.73541666667
0,347.0,2.89,21,618.5,56788.73611111111
0,338.0,2.91,21,618.6,56788.736805555556
0,343.0,2.91,21,618.5,56788.7375
0,343.0,2.91,21,618.5,56788.73819444444
0,343.0,2.91,21,618.5,56788.73888888889
0,343.0,2.9,22,618.5,56788.739583333336
0,327.0,2.88,22,618.5,56788.740277777775
0,327.0,2.89,22,618.5,56788.74097222222
0,258.0,2.89,22,618.5,56788.74166666667
1,287.0,2.89,22,618.5,56788.74236111111
2,280.0,2.91,22,618.5,56788.743055555555
5,280.0,2.91,22,618.5,56788.74375
6,268.0,2.93,23,618.5,56788.74444444444
3,241.0,2.96,25,618.5,56788.74513888889
2,253.0,2.99,24,618.5,56788.745833333334
0,253.0,3.03,23,618.5,56788.74652777778
3,237.0,3.1,23,618.5,56788.74722222222
1,239.0,3.19,23,618.5,56788.74791666667
1,163.0,3.3,23,618.5,56788.748611111114
1,218.0,3.45,23,618.5,56788.74930555555
3,47.0,3.62,23,618.6,56788.75
5,121.0,3.83,23,618.6,56788.75069444445
6,135.0,4.08,22,618.6,56788.751388888886
3,124.0,4.33,21,618.6,56788.75208333333
4,96.0,4.54,20,618.6,56788.75277777778
4,173.0,4.69,20,618.6,56788.75347222222
3,122.0,4.81,20,618.6,56788.754166666666
3,64.0,4.92,20,618.6,56788.75486111111
0,352.0,5.0,21,618.6,56788.75555555556
3,343.0,5.04,21,618.7,56788.75625
2,348.0,5.03,20,618.7,56788.756944444445
7,323.0,4.98,20,618.7,56788.75763888889
6,339.0,4.89,20,618.7,56788.75833333333
2,333.0,4.75,20,618.7,56788.75902777778
0,334.0,4.61,20,618.7,56788.759722222225
0,68.0,4.49,21,618.7,56788.760416666664
0,19.0,4.4,21,618.8,56788.76111111111
0,19.0,4.35,22,618.8,56788.76180555556
0,0.0,4.35,22,618.8,56788.7625
0,0.0,4.37,21,618.8,56788.763194444444
0,354.0,4.37,21,618.8,56788.76388888889
0,50.0,4.38,21,618.8,56788.76458333333
0,307.0,4.4,21,618.8,56788.76527777778
0,6.0,4.4,21,618.8,56788.76597222222
0,321.0,4.4,21,618.8,56788.76666666667
0,334.0,4.41,22,618.8,56788.76736111111
0,343.0,4.4,22,618.8,56788.768055555556
0,34.0,4.39,22,618.8,56788.76875
0,50.0,4.38,22,618.8,56788.76944444444
0,1.0,4.4,23,618.8,56788.77013888889
0,1.0,4.41,24,618.8,56788.770833333336
0,349.0,4.41,24,618.8,56788.771527777775
1,354.0,4.4,24,618.8,56788.77222222222
0,0.0,4.37,24,618.8,56788.77291666667
0,31.0,4.36,23,618.8,56788.77361111111
2,60.0,4.37,21,618.8,56788.774305555555
0,118.0,4.44,19,618.8,56788.775
0,119.0,4.5,19,618.8,56788.77569444444
0,119.0,4.56,20,618.8,56788.77638888889
0,119.0,4.61,21,618.8,56788.777083333334
0,118.0,4.64,21,618.8,56788.77777777778
2,94.0,4.66,21,618.7,56788.77847222222
9,102.0,4.71,20,618.8,56788.77916666667
9,49.0,4.86,20,618.8,56788.779861111114
6,0.0,5.04,20,618.8,56788.78055555555
3,76.0,5.22,20,618.8,56788.78125
1,341.0,5.37,20,618.8,56788.78194444445
2,327.0,5.48,21,618.8,56788.782638888886
6,327.0,5.53,21,618.8,56788.78333333333
5,346.0,5.52,21,618.9,56788.78402777778
2,0.0,5.47,21,618.9,56788.78472222222
1,340.0,5.44,21,618.9,56788.785416666666
0,339.0,5.44,20,618.9,56788.78611111111
1,326.0,5.46,20,618.9,56788.78680555556
0,317.0,5.47,20,618.9,56788.7875
0,116.0,5.48,20,618.9,56788.788194444445
1,302.0,5.51,19,618.9,56788.78888888889
0,166.0,5.56,19,618.9,56788.78958333333
1,67.0,5.56,18,618.9,56788.79027777778
0,327.0,5.56,18,618.9,56788.790972222225
0,16.0,5.52,18,618.9,56788.791666666664
0,64.0,5.45,18,618.9,56788.79236111111
0,345.0,5.41,19,618.9,56788.79305555556
0,345.0,5.38,19,618.9,56788.79375
0,108.0,5.4,20,618.9,56788.794444444444
0,0.0,5.48,20,618.9,56788.79513888889
0,309.0,5.55,20,618.8,56788.79583333333
3,336.0,5.56,19,618.8,56788.79652777778
1,1.0,5.55,19,618.8,56788.79722222222
0,317.0,5.52,19,618.8,56788.79791666667
1,330.0,5.5,19,618.8,56788.79861111111
0,74.0,5.49,19,618.8,56788.799305555556
0,328.0,5.53,20,618.8,56788.8
0,78.0,5.56,20,618.8,56788.80069444444
0,347.0,5.56,20,618.8,56788.80138888889
3,333.0,5.55,19,618.8,56788.802083333336
5,353.0,5.51,19,618.8,56788.802777777775
2,8.0,5.51,20,618.8,56788.80347222222
2,0.0,5.54,20,618.8,56788.80416666667
2,60.0,5.6,20,618.8,56788.80486111111
1,41.0,5.69,19,618.8,56788.805555555555
0,218.0,5.75,19,618.8,56788.80625
1,323.0,5.8,19,618.8,56788.80694444444
1,325.0,5.81,19,618.9,56788.80763888889
1,0.0,5.83,19,618.8,56788.808333333334
2,49.0,5.85,19,618.9,56788.80902777778
0,61.0,5.87,19,618.9,56788.80972222222
1,336.0,5.86,19,618.8,56788.81041666667
0,345.0,5.8,19,618.9,56788.811111111114
0,46.0,5.75,19,618.8,56788.81180555555
0,0.0,5.75,19,618.8,56788.8125
3,306.0,5.75,19,618.8,56788.81319444445
1,284.0,5.73,19,618.9,56788.813888888886
2,43.0,5.71,19,618.9,56788.81458333333
2,353.0,5.72,19,618.8,56788.81527777778
0,115.0,5.76,21,618.8,56788.81597222222
2,99.0,5.83,23,618.8,56788.816666666666
2,81.0,5.95,23,618.8,56788.81736111111
1,72.0,6.14,23,618.8,56788.81805555556
5,75.0,6.36,23,618.9,56788.81875
8,71.0,6.58,23,618.9,56788.819444444445
2,94.0,6.8,22,618.9,56788.82013888889
2,48.0,7.0,22,618.9,56788.82083333333
2,54.0,7.16,21,618.9,56788.82152777778
7,74.0,7.23,22,618.9,56788.822222222225
8,61.0,7.29,22,618.8,56788.822916666664
8,74.0,7.37,21,618.8,56788.82361111111
11,142.0,7.45,22,618.9,56788.82430555556
3,207.0,7.54,23,618.9,56788.825
0,75.0,7.58,22,618.9,56788.825694444444
0,9.0,7.61,22,618.9,56788.82638888889
0,336.0,7.58,22,618.9,56788.82708333333
0,339.0,7.49,23,618.9,56788.82777777778
0,125.0,7.36,23,618.9,56788.82847222222
1,103.0,7.24,23,618.9,56788.82916666667
5,185.0,7.22,22,618.9,56788.82986111111
1,143.0,7.29,21,618.9,56788.830555555556
0,0.0,7.37,21,618.8,56788.83125
0,0.0,7.38,17,618.8,56788.83194444444
0,66.0,7.29,17,618.8,56788.83263888889
5,337.0,7.16,20,618.8,56788.833333333336
7,308.0,7.03,23,618.8,56788.834027777775
7,319.0,6.9,23,618.8,56788.83472222222
6,341.0,6.79,24,618.8,56788.83541666667
2,340.0,6.73,23,618.8,56788.83611111111
3,337.0,6.69,20,618.7,56788.836805555555
5,279.0,6.67,23,618.7,56788.8375
8,303.0,6.67,24,618.7,56788.83819444444
15,293.0,6.69,24,618.6,56788.83888888889
18,292.0,6.72,22,618.6,56788.839583333334
12,271.0,6.73,20,618.7,56788.84027777778
15,320.0,6.71,20,618.6,56788.84097222222
12,310.0,6.67,20,618.7,56788.84166666667
9,316.0,6.62,19,618.6,56788.842361111114
12,322.0,6.58,20,618.6,56788.84305555555
13,305.0,6.58,24,618.7,56788.84375
4,333.0,6.57,24,618.7,56788.84444444445
1,323.0,6.54,24,618.7,56788.845138888886
4,0.0,6.54,20,618.8,56788.84583333333
1,55.0,6.55,20,618.7,56788.84652777778
3,26.0,6.62,20,618.7,56788.84722222222
2,86.0,6.7,21,618.8,56788.847916666666
8,114.0,6.84,26,618.7,56788.84861111111
6,39.0,7.02,25,618.7,56788.84930555556
2,54.0,7.2,22,618.7,56788.85
0,235.0,7.37,22,618.7,56788.850694444445
1,89.0,7.53,23,618.7,56788.85138888889
4,118.0,7.68,26,618.7,56788.85208333333
5,149.0,7.79,27,618.7,56788.85277777778
11,101.0,7.86,28,618.6,56788.853472222225
11,74.0,7.92,27,618.7,56788.854166666664
12,102.0,7.98,27,618.8,56788.85486111111
8,95.0,8.13,28,618.8,56788.85555555556
2,117.0,8.25,29,618.7,56788.85625
3,98.0,8.36,30,618.7,56788.856944444444
11,55.0,8.48,34,618.7,56788.85763888889
12,114.0,8.5,35,618.7,56788.85833333333
16,104.0,8.45,33,618.7,56788.85902777778
13,118.0,8.42,35,618.7,56788.85972222222
6,120.0,8.34,35,618.7,56788.86041666667
2,108.0,8.18,35,618.7,56788.86111111111
6,138.0,8.03,36,618.7,56788.861805555556
11,133.0,7.91,36,618.7,56788.8625
8,118.0,7.8,38,618.8,56788.86319444444
4,123.0,7.7,38,618.8,56788.86388888889
6,103.0,7.66,38,618.8,56788.864583333336
2,112.0,7.65,37,618.8,56788.865277777775
0,117.0,7.64,37,618.8,56788.86597222222
1,312.0,7.64,35,618.7,56788.86666666667
8,346.0,7.65,24,618.7,56788.86736111111
7,6.0,7.71,25,618.7,56788.868055555555
6,46.0,7.83,23,618.7,56788.86875
3,319.0,7.93,24,618.7,56788.86944444444
3,335.0,8.03,31,618.7,56788.87013888889
3,298.0,8.09,32,618.7,56788.870833333334
1,1.0,8.1,31,618.7,56788.87152777778
1,247.0,8.1,30,618.7,56788.87222222222
2,74.0,8.17,32,618.7,56788.87291666667
1,318.0,8.32,32,618.7,56788.873611111114
0,305.0,8.4,24,618.7,56788.87430555555
0,0.0,8.45,26,618.7,56788.875
0,334.0,8.48,24,618.7,56788.87569444445
0,316.0,8.45,23,618.7,56788.876388888886
2,317.0,8.36,23,618.6,56788.87708333333
4,261.0,8.24,22,618.6,56788.87777777778
1,312.0,8.08,22,618.6,56788.87847222222
2,331.0,7.97,23,618.6,56788.879166666666
5,336.0,7.94,22,618.6,56788.87986111111
4,306.0,7.93,22,618.6,56788.88055555556
3,326.0,7.9,22,618.6,56788.88125
10,320.0,7.84,22,618.6,56788.881944444445
9,305.0,7.77,22,618.6,56788.88263888889
6,327.0,7.69,21,618.6,56788.88333333333
12,336.0,7.61,21,618.5,56788.88402777778
14,297.0,7.54,21,618.5,56788.884722222225
11,326.0,7.47,21,618.6,56788.885416666664
10,309.0,7.42,21,618.6,56788.88611111111
13,339.0,7.4,21,618.5,56788.88680555556
8,37.0,7.46,21,618.6,56788.8875
9,336.0,7.53,21,618.5,56788.888194444444
8,352.0,7.56,21,618.5,56788.88888888889
4,336.0,7.56,21,618.6,56788.88958333333
1,2.0,7.53,21,618.6,56788.89027777778
0,122.0,7.46,22,618.6,56788.89097222222
1,340.0,7.38,22,618.6,56788.89166666667
5,277.0,7.31,22,618.6,56788.89236111111
9,346.0,7.25,22,618.5,56788.893055555556
11,316.0,7.22,21,618.5,56788.89375
13,346.0,7.22,23,618.5,56788.89444444444
21,336.0,7.27,23,618.4,56788.89513888889
18,331.0,7.32,23,618.4,56788.895833333336
12,337.0,7.35,23,618.5,56788.896527777775
10,351.0,7.39,23,618.5,56788.89722222222
8,321.0,7.42,23,618.5,56788.89791666667
9,338.0,7.48,24,618.4,56788.89861111111
12,345.0,7.56,24,618.4,56788.899305555555
14,335.0,7.69,24,618.4,56788.9
8,322.0,7.8,24,618.5,56788.90069444444
12,340.0,7.9,24,618.4,56788.90138888889
13,323.0,8.02,22,618.4,56788.902083333334
16,312.0,8.12,21,618.4,56788.90277777778
9,315.0,8.18,20,618.4,56788.90347222222
11,308.0,8.17,20,618.4,56788.90416666667
9,308.0,8.13,21,618.4,56788.904861111114
9,29.0,8.13,20,618.4,56788.90555555555
12,331.0,8.14,20,618.4,56788.90625
17,340.0,8.18,18,618.3,56788.90694444445
13,334.0,8.19,17,618.4,56788.907638888886
12,331.0,8.13,17,618.3,56788.90833333333
17,338.0,8.04,17,618.3,56788.90902777778
19,302.0,8.0,16,618.3,56788.90972222222
22,294.0,8.03,17,618.3,56788.910416666666
17,346.0,8.07,18,618.3,56788.91111111111
21,335.0,8.12,18,618.2,56788.91180555556
20,310.0,8.19,18,618.2,56788.9125
25,334.0,8.27,17,618.2,56788.913194444445
18,298.0,8.33,16,618.3,56788.91388888889
15,347.0,8.34,17,618.3,56788.91458333333
21,325.0,8.34,19,618.3,56788.91527777778
17,318.0,8.33,19,618.3,56788.915972222225
7,322.0,8.23,19,618.4,56788.916666666664
11,114.0,8.12,18,618.3,56788.91736111111
8,342.0,8.08,18,618.3,56788.91805555556
15,307.0,8.07,18,618.3,56788.91875
20,307.0,8.06,19,618.2,56788.919444444444
14,307.0,8.03,17,618.3,56788.92013888889
13,344.0,7.94,18,618.3,56788.92083333333
16,26.0,7.89,20,618.2,56788.92152777778
13,330.0,7.89,19,618.2,56788.92222222222
19,321.0,7.94,19,618.2,56788.92291666667
18,344.0,8.0,19,618.2,56788.92361111111
14,330.0,8.07,18,618.2,56788.924305555556
19,319.0,8.11,18,618.1,56788.925
19,347.0,8.13,18,618.1,56788.92569444444
18,316.0,8.12,17,618.1,56788.92638888889
11,330.0,8.06,15,618.2,56788.927083333336
14,336.0,7.99,16,618.2,56788.927777777775
18,334.0,7.97,17,618.1,56788.92847222222
16,303.0,7.97,17,618.1,56788.92916666667
17,330.0,7.97,17,618.1,56788.92986111111
20,292.0,7.95,16,618.1,56788.930555555555
15,321.0,7.93,16,618.1,56788.93125
17,309.0,7.93,16,618.1,56788.93194444444
12,333.0,7.97,16,618.1,56788.93263888889
9,333.0,8.03,16,618.2,56788.933333333334
7,80.0,8.08,16,618.2,56788.93402777778
3,24.0,8.13,16,618.2,56788.93472222222
3,317.0,8.19,19,618.2,56788.93541666667
0,69.0,8.23,16,618.2,56788.936111111114
1,132.0,8.24,21,618.2,56788.93680555555
2,316.0,8.28,38,618.2,56788.9375
3,245.0,8.28,26,618.1,56788.93819444445
1,208.0,8.33,26,618.2,56788.938888888886
3,116.0,8.45,39,618.2,56788.93958333333
7,25.0,8.54,31,618.2,56788.94027777778
3,110.0,8.61,26,618.1,56788.94097222222
2,134.0,8.72,38,618.1,56788.941666666666
1,86.0,8.8,38,618.1,56788.94236111111
3,93.0,8.83,41,618.1,56788.94305555556
6,147.0,8.78,32,618.1,56788.94375
1,59.0,8.75,26,618.1,56788.944444444445
2,101.0,8.77,30,618.1,56788.94513888889
5,107.0,8.9,41,618.0,56788.94583333333
5,104.0,8.98,41,618.0,56788.94652777778
8,163.0,9.01,39,618.1,56788.947222222225
3,179.0,8.99,37,618.0,56788.947916666664
0,120.0,8.9,27,618.0,56788.94861111111
1,192.0,8.93,40,618.0,56788.94930555556
0,174.0,8.95,44,618.0,56788.95
3,146.0,8.88,46,617.9,56788.950694444444
12,84.0,8.79,45,618.0,56788.95138888889
6,131.0,8.77,43,618.0,56788.95208333333
3,111.0,8.81,43,617.9,56788.95277777778
0,157.0,8.83,36,617.9,56788.95347222222
3,210.0,8.82,36,617.9,56788.95416666667
5,104.0,8.86,35,617.9,56788.95486111111
5,219.0,8.92,36,617.8,56788.955555555556
2,206.0,8.96,32,617.8,56788.95625
5,137.0,9.0,30,617.9,56788.95694444444
10,127.0,9.04,29,617.9,56788.95763888889
4,167.0,9.03,32,617.9,56788.958333333336
1,352.0,8.94,36,617.8,56788.959027777775
2,197.0,8.81,36,617.8,56788.95972222222
3,0.0,8.64,27,617.8,56788.96041666667
2,77.0,8.58,24,617.8,56788.96111111111
5,354.0,8.67,22,617.8,56788.961805555555
5,213.0,8.84,22,617.9,56788.9625
1,129.0,9.11,33,617.8,56788.96319444444
3,350.0,9.34,26,617.7,56788.96388888889
11,324.0,9.54,23,617.7,56788.964583333334
20,284.0,9.79,31,617.5,56788.96527777778
28,333.0,10.03,40,617.6,56788.96597222222
23,323.0,10.24,42,617.6,56788.96666666667
19,337.0,10.33,35,617.6,56788.967361111114
16,326.0,10.34,25,617.6,56788.96805555555
19,301.0,10.4,34,617.6,56788.96875
18,269.0,10.47,31,617.5,56788.96944444445
25,278.0,10.56,31,617.3,56788.970138888886
26,292.0,10.67,38,617.4,56788.97083333333
18,322.0,10.66,36,617.6,56788.97152777778
10,308.0,10.49,29,617.7,56788.97222222222
10,320.0,10.27,21,617.7,56788.972916666666
16,352.0,10.09,18,617.7,56788.97361111111
17,345.0,9.96,17,617.7,56788.97430555556
14,338.0,9.81,16,617.7,56788.975
4,298.0,9.61,16,617.7,56788.975694444445
13,322.0,9.42,18,617.6,56788.97638888889
9,331.0,9.23,19,617.7,56788.97708333333
5,328.0,9.02,18,617.7,56788.97777777778
8,330.0,8.85,18,617.7,56788.978472222225
8,28.0,8.8,20,617.6,56788.979166666664
8,323.0,8.89,20,617.6,56788.97986111111
6,319.0,9.0,19,617.7,56788.98055555556
15,294.0,9.12,19,617.6,56788.98125
13,335.0,9.26,18,617.6,56788.981944444444
12,318.0,9.37,18,617.7,56788.98263888889
8,328.0,9.38,17,617.6,56788.98333333333
4,346.0,9.3,18,617.6,56788.98402777778
6,12.0,9.17,17,617.6,56788.98472222222
2,6.0,8.99,16,617.6,56788.98541666667
2,333.0,8.78,16,617.6,56788.98611111111
2,328.0,8.61,16,617.6,56788.986805555556
2,337.0,8.43,17,617.5,56788.9875
7,294.0,8.31,20,617.6,56788.98819444444
10,339.0,8.2,19,617.5,56788.98888888889
17,0.0,8.17,19,617.5,56788.989583333336
12,9.0,8.25,20,617.5,56788.990277777775
8,344.0,8.4,20,617.5,56788.99097222222
7,293.0,8.58,20,617.6,56788.99166666667
2,0.0,8.72,19,617.6,56788.99236111111
1,325.0,8.8,19,617.6,56788.993055555555
0,342.0,8.8,20,617.6,56788.99375
2,334.0,8.71,19,617.5,56788.99444444444
3,336.0,8.58,19,617.6,56788.99513888889
3,344.0,8.44,19,617.5,56788.995833333334
1,147.0,8.33,21,617.6,56788.99652777778
0,167.0,8.31,36,617.5,56788.99722222222
0,42.0,8.29,27,617.5,56788.99791666667
6,312.0,8.3,23,617.5,56788.998611111114
2,64.0,8.34,19,617.4,56788.99930555555
3,94.0,8.39,19,617.4,56789.0
1,200.0,8.43,19,617.5,56789.00069444445
1,48.0,8.43,20,617.5,56789.001388888886
1,35.0,8.41,20,617.4,56789.00208333333
0,213.0,8.31,20,617.4,56789.00277777778
5,125.0,8.19,22,617.4,56789.00347222222
15,83.0,8.12,29,617.4,56789.004166666666
11,67.0,8.14,32,617.4,56789.00486111111
4,125.0,8.22,36,617.4,56789.00555555556
4,22.0,8.32,37,617.4,56789.00625
4,57.0,8.34,25,617.4,56789.006944444445
2,92.0,8.36,27,617.4,56789.00763888889
0,217.0,8.42,39,617.4,56789.00833333333
2,115.0,8.39,25,617.4,56789.00902777778
10,117.0,8.41,36,617.5,56789.009722222225
9,104.0,8.51,46,617.5,56789.010416666664
3,132.0,8.58,55,617.5,56789.01111111111
0,95.0,8.55,52,617.4,56789.01180555556
2,97.0,8.4,28,617.4,56789.0125
0,0.0,8.37,23,617.4,56789.013194444444
0,90.0,8.4,21,617.4,56789.01388888889
2,91.0,8.4,22,617.4,56789.01458333333
1,125.0,8.42,36,617.4,56789.01527777778
3,118.0,8.4,34,617.4,56789.01597222222
4,136.0,8.39,38,617.3,56789.01666666667
4,44.0,8.31,33,617.3,56789.01736111111
5,61.0,8.3,26,617.4,56789.018055555556
3,80.0,8.35,26,617.3,56789.01875
2,14.0,8.4,27,617.3,56789.01944444444
0,253.0,8.46,21,617.4,56789.02013888889
0,349.0,8.46,20,617.3,56789.020833333336
0,166.0,8.4,20,617.4,56789.021527777775
0,198.0,8.33,21,617.4,56789.02222222222
0,65.0,8.25,21,617.3,56789.02291666667
1,136.0,8.18,22,617.3,56789.02361111111
1,49.0,8.16,22,617.3,56789.024305555555
2,66.0,8.11,23,617.3,56789.025
4,96.0,8.08,24,617.3,56789.02569444444
5,182.0,8.1,35,617.3,56789.02638888889
4,111.0,8.1,34,617.3,56789.027083333334
7,105.0,8.09,30,617.3,56789.02777777778
8,166.0,8.07,32,617.2,56789.02847222222
5,0.0,8.06,28,617.2,56789.02916666667
1,326.0,8.1,24,617.2,56789.029861111114
1,16.0,8.19,25,617.2,56789.03055555555
8,350.0,8.29,23,617.2,56789.03125
10,297.0,8.36,20,617.2,56789.03194444445
11,327.0,8.33,20,617.1,56789.032638888886
9,301.0,8.24,20,617.2,56789.03333333333
4,278.0,8.12,19,617.2,56789.03402777778
5,315.0,7.98,19,617.2,56789.03472222222
2,299.0,7.82,19,617.2,56789.035416666666
5,332.0,7.68,19,617.2,56789.03611111111
10,284.0,7.58,18,617.2,56789.03680555556
8,3.0,7.51,18,617.2,56789.0375
3,0.0,7.48,18,617.2,56789.038194444445
0,0.0,7.45,18,617.2,56789.03888888889
1,341.0,7.42,18,617.2,56789.03958333333
0,310.0,7.39,18,617.1,56789.04027777778
5,269.0,7.38,18,617.1,56789.040972222225
5,331.0,7.41,18,617.1,56789.041666666664
2,240.0,7.47,19,617.1,56789.04236111111
2,71.0,7.52,19,617.0,56789.04305555556
5,345.0,7.66,20,617.0,56789.04375
8,29.0,7.76,20,617.0,56789.044444444444
13,354.0,7.87,23,617.0,56789.04513888889
4,0.0,7.98,23,617.1,56789.04583333333
0,78.0,8.06,23,617.1,56789.04652777778
1,36.0,8.09,23,617.1,56789.04722222222
1,123.0,8.12,23,617.1,56789.04791666667
0,120.0,8.22,25,617.1,56789.04861111111
2,302.0,8.34,26,617.1,56789.049305555556
1,293.0,8.37,19,617.0,56789.05
1,72.0,8.31,20,617.0,56789.05069444444
1,323.0,8.22,21,617.0,56789.05138888889
3,276.0,8.16,21,616.9,56789.052083333336
4,317.0,8.11,21,616.9,56789.052777777775
1,336.0,8.13,22,616.9,56789.05347222222
1,353.0,8.24,21,616.9,56789.05416666667
0,308.0,8.32,21,617.0,56789.05486111111
6,307.0,8.39,21,616.9,56789.055555555555
8,336.0,8.46,21,617.0,56789.05625
4,222.0,8.5,20,617.0,56789.05694444444
3,329.0,8.53,20,617.0,56789.05763888889
12,334.0,8.58,18,617.0,56789.058333333334
16,302.0,8.67,18,617.0,56789.05902777778
15,304.0,8.74,18,617.0,56789.05972222222
14,278.0,8.8,18,617.0,56789.06041666667
12,336.0,8.81,17,617.0,56789.061111111114
15,304.0,8.78,15,616.9,56789.06180555555
14,320.0,8.73,14,616.9,56789.0625
12,343.0,8.64,14,617.0,56789.06319444445
12,287.0,8.57,15,617.0,56789.063888888886
6,270.0,8.48,15,617.0,56789.06458333333
4,20.0,8.34,17,617.0,56789.06527777778
7,312.0,8.29,20,616.9,56789.06597222222
12,336.0,8.28,20,617.0,56789.066666666666
12,8.0,8.31,22,617.0,56789.06736111111
3,0.0,8.29,22,617.0,56789.06805555556
0,91.0,8.22,23,617.0,56789.06875
0,74.0,8.16,23,617.0,56789.069444444445
0,94.0,8.07,24,617.0,56789.07013888889
2,8.0,8.02,26,617.0,56789.07083333333
5,0.0,8.03,23,617.0,56789.07152777778
6,323.0,8.11,20,617.0,56789.072222222225
1,338.0,8.18,19,617.0,56789.072916666664
0,350.0,8.17,20,616.9,56789.07361111111
4,338.0,8.17,20,616.9,56789.07430555556
12,9.0,8.24,21,616.9,56789.075
4,6.0,8.33,20,616.9,56789.075694444444
5,340.0,8.37,18,616.9,56789.07638888889
9,336.0,8.39,16,616.9,56789.07708333333
10,320.0,8.4,18,616.9,56789.07777777778
8,299.0,8.36,19,616.9,56789.07847222222
3,303.0,8.24,20,616.9,56789.07916666667
6,302.0,8.11,24,616.9,56789.07986111111
10,319.0,8.07,26,616.9,56789.080555555556
10,353.0,8.07,27,616.8,56789.08125
3,316.0,8.06,28,616.9,56789.08194444444
2,342.0,8.01,29,616.8,56789.08263888889
6,303.0,7.97,30,616.8,56789.083333333336
14,331.0,7.97,27,616.8,56789.084027777775
15,333.0,7.99,23,616.7,56789.08472222222
18,307.0,8.06,23,616.7,56789.08541666667
16,342.0,8.08,21,616.7,56789.08611111111
15,325.0,8.02,19,616.7,56789.086805555555
18,309.0,7.92,16,616.7,56789.0875
13,310.0,7.82,15,616.7,56789.08819444444
11,286.0,7.72,20,616.7,56789.08888888889
13,331.0,7.65,25,616.7,56789.089583333334
18,322.0,7.56,24,616.7,56789.09027777778
13,336.0,7.52,25,616.7,56789.09097222222
11,335.0,7.54,25,616.7,56789.09166666667
12,330.0,7.58,22,616.7,56789.092361111114
14,336.0,7.67,20,616.7,56789.09305555555
15,308.0,7.75,21,616.7,56789.09375
18,330.0,7.74,21,616.6,56789.09444444445
15,345.0,7.72,21,616.6,56789.095138888886
18,327.0,7.65,21,616.7,56789.09583333333
14,298.0,7.57,21,616.7,56789.09652777778
14,337.0,7.47,20,616.7,56789.09722222222
15,322.0,7.38,17,616.7,56789.097916666666
16,294.0,7.33,19,616.7,56789.09861111111
14,349.0,7.34,19,616.7,56789.09930555556
16,342.0,7.38,18,616.8,56789.1
10,0.0,7.36,18,616.8,56789.100694444445
14,328.0,7.31,19,616.8,56789.10138888889
15,291.0,7.26,18,616.8,56789.10208333333
16,325.0,7.19,18,616.8,56789.10277777778
11,337.0,7.12,18,616.8,56789.103472222225
19,338.0,7.05,19,616.7,56789.104166666664
16,346.0,7.03,19,616.7,56789.10486111111
19,300.0,7.02,19,616.7,56789.10555555556
19,314.0,7.02,19,616.7,56789.10625
15,314.0,7.01,18,616.8,56789.106944444444
14,292.0,7.03,18,616.7,56789.10763888889
10,24.0,7.05,21,616.7,56789.10833333333
8,335.0,7.08,23,616.8,56789.10902777778
7,13.0,7.08,23,616.7,56789.10972222222
8,1.0,7.11,23,616.7,56789.11041666667
13,331.0,7.14,23,616.7,56789.11111111111
12,351.0,7.18,22,616.7,56789.111805555556
7,351.0,7.16,22,616.7,56789.1125
18,327.0,7.13,21,616.7,56789.11319444444
15,330.0,7.11,21,616.7,56789.11388888889
14,325.0,7.04,20,616.7,56789.114583333336
10,301.0,6.9,19,616.8,56789.115277777775
12,338.0,6.72,19,616.7,56789.11597222222
15,343.0,6.58,19,616.7,56789.11666666667
10,332.0,6.49,18,616.7,56789.11736111111
12,338.0,6.45,18,616.7,56789.118055555555
15,59.0,6.48,18,616.8,56789.11875
10,339.0,6.58,19,616.8,56789.11944444444
14,340.0,6.69,19,616.8,56789.12013888889
12,306.0,6.75,18,616.7,56789.120833333334
14,346.0,6.75,18,616.8,56789.12152777778
11,313.0,6.71,17,616.8,56789.12222222222
9,322.0,6.62,17,616.8,56789.12291666667
11,338.0,6.5,16,616.8,56789.123611111114
9,340.0,6.38,16,616.8,56789.12430555555
12,351.0,6.29,17,616.8,56789.125
12,344.0,6.27,17,616.8,56789.12569444445
8,322.0,6.26,19,616.8,56789.126388888886
8,333.0,6.23,19,616.8,56789.12708333333
14,340.0,6.19,20,616.8,56789.12777777778
10,347.0,6.17,20,616.8,56789.12847222222
7,320.0,6.17,20,616.8,56789.129166666666
10,343.0,6.18,20,616.8,56789.12986111111
11,345.0,6.2,19,616.8,56789.13055555556
12,332.0,6.2,19,616.8,56789.13125
10,319.0,6.17,17,616.8,56789.131944444445
10,342.0,6.12,18,616.8,56789.13263888889
9,307.0,6.09,18,616.8,56789.13333333333
7,2.0,6.06,18,616.8,56789.13402777778
9,324.0,6.03,18,616.8,56789.134722222225
16,333.0,6.02,16,616.8,56789.135416666664
13,25.0,6.03,16,616.9,56789.13611111111
13,322.0,6.06,16,616.9,56789.13680555556
13,333.0,6.1,16,616.8,56789.1375
12,0.0,6.1,16,616.8,56789.138194444444
12,0.0,6.08,17,616.8,56789.13888888889
10,80.0,6.11,17,616.9,56789.13958333333
10,342.0,6.17,16,616.9,56789.14027777778
10,333.0,6.22,17,616.9,56789.14097222222
6,311.0,6.21,16,616.9,56789.14166666667
11,318.0,6.16,17,616.9,56789.14236111111
12,0.0,6.14,16,616.9,56789.143055555556
8,342.0,6.12,16,616.9,56789.14375
9,326.0,6.16,16,616.9,56789.14444444444
10,330.0,6.22,16,616.9,56789.14513888889
9,268.0,6.29,16,616.9,56789.145833333336
6,324.0,6.36,16,616.9,56789.146527777775
5,16.0,6.42,15,616.9,56789.14722222222
13,339.0,6.47,15,616.9,56789.14791666667
14,335.0,6.48,15,616.9,56789.14861111111
12,346.0,6.43,15,617.0,56789.149305555555
13,338.0,6.35,15,617.0,56789.15
13,350.0,6.3,15,617.0,56789.15069444444
14,330.0,6.26,14,617.0,56789.15138888889
11,325.0,6.21,14,617.0,56789.152083333334
12,314.0,6.16,14,617.0,56789.15277777778
12,331.0,6.12,15,617.0,56789.15347222222
13,306.0,6.09,15,617.0,56789.15416666667
13,39.0,6.12,15,617.0,56789.154861111114
10,272.0,6.18,15,617.0,56789.15555555555
7,349.0,6.24,16,617.0,56789.15625
5,332.0,6.28,16,617.0,56789.15694444445
13,334.0,6.29,15,617.0,56789.157638888886
13,324.0,6.28,15,617.0,56789.15833333333
11,349.0,6.24,15,617.0,56789.15902777778
7,316.0,6.13,15,617.1,56789.15972222222
8,347.0,6.01,15,617.1,56789.160416666666
9,321.0,5.91,15,617.1,56789.16111111111
11,2.0,5.8,15,617.1,56789.16180555556
14,337.0,5.73,15,617.1,56789.1625
13,273.0,5.69,15,617.1,56789.163194444445
13,331.0,5.66,14,617.1,56789.16388888889
11,347.0,5.63,14,617.1,56789.16458333333
14,322.0,5.6,14,617.1,56789.16527777778
13,338.0,5.57,14,617.1,56789.165972222225
11,316.0,5.52,14,617.2,56789.166666666664
10,5.0,5.48,14,617.2,56789.16736111111
13,318.0,5.48,14,617.2,56789.16805555556
12,335.0,5.51,14,617.2,56789.16875
11,340.0,5.56,15,617.2,56789.169444444444
10,7.0,5.59,15,617.2,56789.17013888889
11,336.0,5.59,15,617.2,56789.17083333333
13,346.0,5.61,15,617.2,56789.17152777778
12,338.0,5.62,14,617.2,56789.17222222222
13,327.0,5.6,14,617.2,56789.17291666667
11,317.0,5.57,15,617.2,56789.17361111111
12,0.0,5.53,15,617.2,56789.174305555556
7,325.0,5.53,14,617.2,56789.175
8,339.0,5.53,15,617.2,56789.17569444444
9,338.0,5.53,14,617.2,56789.17638888889
9,11.0,5.51,15,617.2,56789.177083333336
9,314.0,5.5,15,617.2,56789.177777777775
7,316.0,5.5,15,617.3,56789.17847222222
12,346.0,5.48,15,617.3,56789.17916666667
12,327.0,5.44,15,617.3,56789.17986111111
8,339.0,5.36,15,617.3,56789.180555555555
4,327.0,5.26,15,617.3,56789.18125
6,335.0,5.18,15,617.3,56789.18194444444
7,347.0,5.11,15,617.3,56789.18263888889
8,333.0,5.04,15,617.3,56789.183333333334
8,354.0,4.97,15,617.3,56789.18402777778
6,314.0,4.88,15,617.3,56789.18472222222
3,309.0,4.75,15,617.3,56789.18541666667
2,331.0,4.61,15,617.3,56789.186111111114
2,323.0,4.47,15,617.3,56789.18680555555
2,315.0,4.34,15,617.3,56789.1875
3,340.0,4.24,15,617.4,56789.18819444445
5,338.0,4.17,15,617.4,56789.188888888886
4,312.0,4.1,15,617.4,56789.18958333333
2,297.0,4.03,16,617.4,56789.19027777778
1,320.0,3.97,16,617.4,56789.19097222222
2,343.0,3.93,15,617.4,56789.191666666666
2,322.0,3.9,15,617.4,56789.19236111111
2,340.0,3.87,15,617.4,56789.19305555556
2,326.0,3.83,16,617.4,56789.19375
0,311.0,3.79,16,617.4,56789.194444444445
3,346.0,3.75,16,617.4,56789.19513888889
3,349.0,3.7,15,617.5,56789.19583333333
1,345.0,3.64,15,617.5,56789.19652777778
0,321.0,3.59,16,617.5,56789.197222222225
3,348.0,3.54,16,617.5,56789.197916666664
2,337.0,3.49,16,617.5,56789.19861111111
0,331.0,3.43,16,617.5,56789.19930555556
0,322.0,3.38,16,617.5,56789.2
0,323.0,3.33,16,617.5,56789.200694444444
0,321.0,3.3,16,617.5,56789.20138888889
0,323.0,3.24,16,617.5,56789.20208333333
0,325.0,3.2,16,617.5,56789.20277777778
1,325.0,3.15,16,617.5,56789.20347222222
1,331.0,3.1,16,617.5,56789.20416666667
1,335.0,3.07,16,617.5,56789.20486111111
1,318.0,3.04,15,617.5,56789.205555555556
0,317.0,3.02,16,617.6,56789.20625
0,316.0,3.0,16,617.6,56789.20694444444
1,336.0,2.97,16,617.6,56789.20763888889
1,336.0,2.93,16,617.6,56789.208333333336
1,333.0,2.9,16,617.6,56789.209027777775
1,341.0,2.86,16,617.6,56789.20972222222
2,339.0,2.83,16,617.6,56789.21041666667
3,336.0,2.79,16,617.6,56789.21111111111
3,336.0,2.76,16,617.6,56789.211805555555
3,333.0,2.73,16,617.6,56789.2125
2,329.0,2.69,16,617.6,56789.21319444444
1,326.0,2.66,16,617.6,56789.21388888889
1,332.0,2.63,16,617.6,56789.214583333334
1,328.0,2.61,16,617.6,56789.21527777778
0,306.0,2.58,16,617.6,56789.21597222222
1,285.0,2.57,16,617.6,56789.21666666667
2,283.0,2.55,16,617.6,56789.217361111114
2,293.0,2.54,16,617.6,56789.21805555555
2,279.0,2.52,16,617.6,56789.21875
3,289.0,2.51,16,617.6,56789.21944444445
3,284.0,2.51,16,617.6,56789.220138888886
3,276.0,2.49,16,617.6,56789.22083333333
4,314.0,2.48,16,617.6,56789.22152777778
3,297.0,2.47,16,617.6,56789.22222222222
3,329.0,2.47,15,617.6,56789.222916666666
3,298.0,2.49,15,617.7,56789.22361111111
3,298.0,2.53,14,617.7,56789.22430555556
5,330.0,2.58,14,617.7,56789.225
4,324.0,2.63,14,617.7,56789.225694444445
3,320.0,2.68,14,617.7,56789.22638888889
3,319.0,2.72,15,617.7,56789.22708333333
4,330.0,2.74,15,617.7,56789.22777777778
4,349.0,2.76,15,617.7,56789.228472222225
4,325.0,2.76,15,617.7,56789.229166666664
3,325.0,2.75,15,617.8,56789.22986111111
4,322.0,2.74,16,617.8,56789.23055555556
3,329.0,2.71,16,617.8,56789.23125
3,334.0,2.67,16,617.8,56789.231944444444
2,329.0,2.62,16,617.8,56789.23263888889
0,317.0,2.59,16,617.8,56789.23333333333
0,320.0,2.56,16,617.8,56789.23402777778
0,305.0,2.53,16,617.8,56789.23472222222
1,330.0,2.49,16,617.8,56789.23541666667
3,349.0,2.46,16,617.8,56789.23611111111
3,347.0,2.42,17,617.8,56789.236805555556
3,338.0,2.38,17,617.8,56789.2375
3,336.0,2.34,16,617.8,56789.23819444444
2,336.0,2.31,16,617.8,56789.23888888889
3,336.0,2.3,16,617.8,56789.239583333336
2,305.0,2.3,15,617.8,56789.240277777775
0,305.0,2.31,15,617.8,56789.24097222222
0,301.0,2.33,16,617.8,56789.24166666667
0,292.0,2.33,16,617.8,56789.24236111111
0,314.0,2.33,16,617.8,56789.243055555555
1,315.0,2.31,16,617.8,56789.24375
0,316.0,2.29,16,617.8,56789.24444444444
2,341.0,2.27,16,617.8,56789.24513888889
5,351.0,2.25,15,617.8,56789.245833333334
8,347.0,2.25,14,617.9,56789.24652777778
4,351.0,2.27,14,617.9,56789.24722222222
2,330.0,2.31,15,617.9,56789.24791666667
3,325.0,2.33,15,617.9,56789.248611111114
1,324.0,2.36,15,617.9,56789.24930555555
1,311.0,2.37,16,617.9,56789.25
1,330.0,2.37,16,617.9,56789.25069444445
4,335.0,2.35,16,617.9,56789.251388888886
2,302.0,2.33,16,617.9,56789.25208333333
0,338.0,2.3,15,617.9,56789.25277777778
2,349.0,2.3,14,617.9,56789.25347222222
3,349.0,2.33,15,617.9,56789.254166666666
3,341.0,2.37,15,617.9,56789.25486111111
0,313.0,2.39,16,617.9,56789.25555555556
0,312.0,2.41,16,617.9,56789.25625
0,291.0,2.42,16,617.9,56789.256944444445
0,263.0,2.41,16,618.0,56789.25763888889
1,275.0,2.39,16,618.0,56789.25833333333
1,326.0,2.39,15,618.0,56789.25902777778
0,301.0,2.39,15,618.0,56789.259722222225
0,309.0,2.39,15,618.0,56789.260416666664
1,326.0,2.38,15,618.0,56789.26111111111
0,304.0,2.38,15,618.0,56789.26180555556
0,346.0,2.38,15,618.0,56789.2625
0,329.0,2.39,16,618.0,56789.263194444444
0,319.0,2.39,16,618.0,56789.26388888889
0,44.0,2.37,15,618.0,56789.26458333333
0,119.0,2.36,14,618.0,56789.26527777778
0,298.0,2.37,14,618.0,56789.26597222222
0,327.0,2.39,15,618.0,56789.26666666667
0,45.0,2.42,15,618.0,56789.26736111111
0,45.0,2.42,16,618.0,56789.268055555556
0,45.0,2.42,16,618.0,56789.26875
0,214.0,2.42,16,618.0,56789.26944444444
0,225.0,2.42,15,618.0,56789.27013888889
0,133.0,2.41,14,618.0,56789.270833333336
0,22.0,2.42,13,618.0,56789.271527777775
0,24.0,2.44,13,618.0,56789.27222222222
0,28.0,2.47,13,618.0,56789.27291666667
0,282.0,2.51,13,618.0,56789.27361111111
0,293.0,2.55,15,618.0,56789.274305555555
0,297.0,2.57,15,618.0,56789.275
0,297.0,2.56,15,618.1,56789.27569444444
0,21.0,2.54,15,618.1,56789.27638888889
0,291.0,2.54,15,618.1,56789.277083333334
0,19.0,2.52,15,618.1,56789.27777777778
0,30.0,2.5,14,618.1,56789.27847222222
0,30.0,2.49,13,618.1,56789.27916666667
0,30.0,2.5,13,618.1,56789.279861111114
0,30.0,2.53,12,618.1,56789.28055555555
0,30.0,2.58,12,618.1,56789.28125
0,30.0,2.64,11,618.1,56789.28194444445
0,30.0,2.73,11,618.1,56789.282638888886
0,30.0,2.82,10,618.1,56789.28333333333
0,30.0,2.91,10,618.1,56789.28402777778
0,30.0,3.01,10,618.1,56789.28472222222
0,30.0,3.12,9,618.1,56789.285416666666
0,30.0,3.23,9,618.1,56789.28611111111
0,30.0,3.35,9,618.1,56789.28680555556
0,30.0,3.45,10,618.1,56789.2875
0,30.0,3.52,10,618.1,56789.288194444445
0,0.0,3.56,11,618.1,56789.28888888889
0,0.0,3.56,12,618.1,56789.28958333333
0,0.0,3.52,12,618.1,56789.29027777778
0,1.0,3.47,11,618.1,56789.290972222225
0,2.0,3.43,11,618.1,56789.291666666664
0,16.0,3.41,11,618.1,56789.29236111111
0,16.0,3.4,11,618.1,56789.29305555556
0,36.0,3.4,11,618.1,56789.29375
0,338.0,3.4,11,618.1,56789.294444444444
0,354.0,3.4,12,618.1,56789.29513888889
0,300.0,3.37,12,618.1,56789.29583333333
0,261.0,3.33,13,618.1,56789.29652777778
0,231.0,3.27,13,618.1,56789.29722222222
0,231.0,3.2,14,618.1,56789.29791666667
0,230.0,3.12,14,618.1,56789.29861111111
0,222.0,3.04,14,618.1,56789.299305555556
0,221.0,2.96,14,618.1,56789.3
0,221.0,2.87,15,618.1,56789.30069444444
0,221.0,2.79,15,618.2,56789.30138888889
0,223.0,2.72,15,618.2,56789.302083333336
0,134.0,2.66,15,618.2,56789.302777777775
0,89.0,2.61,15,618.2,56789.30347222222
0,89.0,2.56,16,618.2,56789.30416666667
0,88.0,2.51,16,618.2,56789.30486111111
0,88.0,2.46,16,618.2,56789.305555555555
0,88.0,2.42,16,618.2,56789.30625
0,88.0,2.39,16,618.2,56789.30694444444
0,88.0,2.36,16,618.2,56789.30763888889
0,88.0,2.33,16,618.2,56789.308333333334
0,88.0,2.29,17,618.2,56789.30902777778
0,88.0,2.25,16,618.2,56789.30972222222
0,88.0,2.22,16,618.2,56789.31041666667
0,88.0,2.19,16,618.2,56789.311111111114
0,88.0,2.18,15,618.2,56789.31180555555
0,88.0,2.18,15,618.2,56789.3125
0,88.0,2.2,14,618.2,56789.31319444445
0,88.0,2.24,13,618.2,56789.313888888886
0,88.0,2.3,13,618.2,56789.31458333333
0,88.0,2.39,13,618.2,56789.31527777778
0,88.0,2.47,12,618.2,56789.31597222222
0,88.0,2.56,12,618.2,56789.316666666666
0,88.0,2.65,12,618.2,56789.31736111111
0,88.0,2.74,11,618.2,56789.31805555556
0,88.0,2.83,11,618.2,56789.31875
0,88.0,2.93,11,618.2,56789.319444444445
0,88.0,3.04,10,618.2,56789.32013888889
0,88.0,3.12,10,618.2,56789.32083333333
0,88.0,3.19,10,618.2,56789.32152777778
0,88.0,3.25,10,618.2,56789.322222222225
0,88.0,3.3,10,618.2,56789.322916666664
0,88.0,3.34,10,618.2,56789.32361111111
0,88.0,3.38,10,618.3,56789.32430555556
0,88.0,3.41,10,618.3,56789.325
0,88.0,3.44,10,618.3,56789.325694444444
0,3.0,3.46,10,618.3,56789.32638888889
0,3.0,3.48,10,618.3,56789.32708333333
0,2.0,3.49,10,618.3,56789.32777777778
0,2.0,3.51,10,618.3,56789.32847222222
0,2.0,3.51,10,618.3,56789.32916666667
0,2.0,3.5,10,618.3,56789.32986111111
0,2.0,3.5,10,618.3,56789.330555555556
0,2.0,3.51,10,618.3,56789.33125
0,2.0,3.52,10,618.3,56789.33194444444
0,2.0,3.55,10,618.3,56789.33263888889
0,2.0,3.55,10,618.3,56789.333333333336
0,350.0,3.58,10,618.3,56789.334027777775
0,349.0,3.58,10,618.2,56789.33472222222
0,351.0,3.55,10,618.2,56789.33541666667
0,351.0,3.53,10,618.2,56789.33611111111
0,352.0,3.51,10,618.2,56789.336805555555
0,352.0,3.48,10,618.2,56789.3375
0,352.0,3.45,10,618.2,56789.33819444444
0,352.0,3.42,11,618.2,56789.33888888889
0,352.0,3.38,11,618.2,56789.339583333334
0,352.0,3.35,11,618.2,56789.34027777778
0,352.0,3.33,11,618.2,56789.34097222222
0,352.0,3.31,11,618.2,56789.34166666667
0,352.0,3.3,11,618.2,56789.342361111114
0,352.0,3.3,11,618.3,56789.34305555555
0,352.0,3.29,11,618.3,56789.34375
0,352.0,3.28,11,618.3,56789.34444444445
0,345.0,3.28,11,618.3,56789.345138888886
0,352.0,3.27,10,618.3,56789.34583333333
0,7.0,3.26,11,618.3,56789.34652777778
0,0.0,3.24,11,618.3,56789.34722222222
0,0.0,3.22,11,618.3,56789.347916666666
0,0.0,3.2,11,618.3,56789.34861111111
0,0.0,3.18,11,618.3,56789.34930555556
0,0.0,3.15,12,618.3,56789.35
0,0.0,3.11,12,618.3,56789.350694444445
0,0.0,3.09,11,618.3,56789.35138888889
0,0.0,3.08,11,618.3,56789.35208333333
0,0.0,3.07,11,618.2,56789.35277777778
0,0.0,3.06,11,618.2,56789.353472222225
0,0.0,3.07,11,618.2,56789.354166666664
0,0.0,3.07,10,618.2,56789.35486111111
0,60.0,3.1,10,618.2,56789.35555555556
0,60.0,3.15,10,618.2,56789.35625
0,66.0,3.22,10,618.2,56789.356944444444
0,66.0,3.3,9,618.3,56789.35763888889
0,72.0,3.38,9,618.2,56789.35833333333
0,75.0,3.45,9,618.2,56789.35902777778
0,75.0,3.49,9,618.2,56789.35972222222
2,75.0,3.51,9,618.2,56789.36041666667
3,75.0,3.5,9,618.2,56789.36111111111
3,75.0,3.49,9,618.2,56789.361805555556
3,76.0,3.48,9,618.2,56789.3625
2,88.0,3.46,9,618.2,56789.36319444444
0,97.0,3.46,9,618.2,56789.36388888889
0,97.0,3.41,9,618.2,56789.364583333336
0,97.0,3.35,9,618.2,56789.365277777775
0,98.0,3.29,9,618.2,56789.36597222222
0,98.0,3.25,9,618.2,56789.36666666667
0,109.0,3.22,9,618.2,56789.36736111111
0,109.0,3.2,10,618.2,56789.368055555555
0,109.0,3.18,10,618.2,56789.36875
0,109.0,3.15,10,618.1,56789.36944444444
0,109.0,3.13,10,618.1,56789.37013888889
0,109.0,3.12,10,618.1,56789.370833333334
0,109.0,3.13,10,618.1,56789.37152777778
0,109.0,3.15,10,618.1,56789.37222222222
0,109.0,3.16,10,618.1,56789.37291666667
0,109.0,3.18,10,618.1,56789.373611111114
0,109.0,3.18,10,618.1,56789.37430555555
0,110.0,3.18,10,618.1,56789.375
0,111.0,3.16,10,618.1,56789.37569444445
0,111.0,3.12,10,618.1,56789.376388888886
0,111.0,3.08,10,618.1,56789.37708333333
0,111.0,3.06,10,618.1,56789.37777777778
0,111.0,3.05,10,618.1,56789.37847222222
0,109.0,3.03,10,618.1,56789.379166666666
0,109.0,3.03,10,618.1,56789.37986111111
0,102.0,3.05,10,618.1,56789.38055555556
0,101.0,3.06,10,618.1,56789.38125
0,101.0,3.08,10,618.1,56789.381944444445
0,98.0,3.09,10,618.1,56789.38263888889
0,99.0,3.1,10,618.0,56789.38333333333
0,104.0,3.11,10,618.0,56789.38402777778
0,105.0,3.11,10,618.0,56789.384722222225
0,104.0,3.1,10,618.0,56789.385416666664
0,104.0,3.09,10,618.0,56789.38611111111
0,104.0,3.06,10,618.0,56789.38680555556
0,104.0,3.05,10,618.0,56789.3875
0,104.0,3.02,11,618.0,56789.388194444444
0,104.0,3.0,11,618.0,56789.38888888889
0,104.0,2.97,11,618.0,56789.38958333333
0,104.0,2.93,11,618.0,56789.39027777778
0,105.0,2.89,11,618.0,56789.39097222222
0,105.0,2.83,11,617.9,56789.39166666667
0,105.0,2.8,11,617.9,56789.39236111111
0,105.0,2.77,11,617.9,56789.393055555556
0,95.0,2.76,11,617.9,56789.39375
0,95.0,2.76,11,617.9,56789.39444444444
0,84.0,2.76,11,617.9,56789.39513888889
0,84.0,2.77,11,617.9,56789.395833333336
0,74.0,2.8,10,617.9,56789.396527777775
0,74.0,2.83,10,617.9,56789.39722222222
0,79.0,2.87,10,617.9,56789.39791666667
0,79.0,2.89,10,617.9,56789.39861111111
0,79.0,2.93,10,617.9,56789.399305555555
0,79.0,2.94,11,617.9,56789.4
0,79.0,2.96,11,617.9,56789.40069444444
0,79.0,2.96,11,617.9,56789.40138888889
0,79.0,2.95,11,617.9,56789.402083333334
0,79.0,2.93,11,617.9,56789.40277777778
0,79.0,2.9,11,617.8,56789.40347222222
0,79.0,2.86,11,617.8,56789.40416666667
0,79.0,2.83,11,617.8,56789.404861111114
0,79.0,2.79,12,617.8,56789.40555555555
0,79.0,2.75,12,617.8,56789.40625
0,79.0,2.7,13,617.8,56789.40694444445
0,87.0,2.66,13,617.8,56789.407638888886
0,87.0,2.61,13,617.8,56789.40833333333
0,87.0,2.56,13,617.8,56789.40902777778
0,88.0,2.49,13,617.8,56789.40972222222
0,88.0,2.41,13,617.8,56789.410416666666
0,88.0,2.32,14,617.7,56789.41111111111
0,88.0,2.24,14,617.7,56789.41180555556
0,88.0,2.18,14,617.7,56789.4125
0,88.0,2.13,14,617.7,56789.413194444445
0,88.0,2.11,14,617.6,56789.41388888889
0,88.0,2.1,14,617.6,56789.41458333333
0,98.0,2.11,14,617.6,56789.41527777778
0,98.0,2.09,14,617.6,56789.415972222225
