dimm,mjd
1.11,55322.23719907407
1.1,55322.23917824074
1.07,55322.23917824074
1.53,55322.24018518518
1.09,55322.2421875
1.21,55322.24418981482
1.16,55322.24518518519
1.29,55322.24618055556
1.15,55322.247199074074
1.57,55322.24818287037
1.11,55322.24916666667
1.27,55322.25016203704
1.29,55322.251180555555
1.05,55322.2521875
1.0,55322.253171296295
0.95,55322.254166666666
0.98,55322.25850694445
1.34,55322.26082175926
1.34,55322.26184027778
1.09,55322.26184027778
1.45,55322.2628587963
1.33,55322.26385416667
1.31,55322.26488425926
1.22,55322.26590277778
1.4,55322.266921296294
1.72,55322.26793981482
0.89,55322.268958333334
1.0,55322.26997685185
1.06,55322.27099537037
1.24,55322.27199074074
0.65,55322.2740162037
0.66,55322.275
0.91,55322.276030092595
1.06,55322.27701388889
0.86,55322.27805555556
0.86,55322.27908564815
0.69,55322.28010416667
0.52,55322.28111111111
0.53,55322.28210648148
0.61,55322.283101851855
0.57,55322.28511574074
0.51,55322.28875
0.52,55322.28975694445
0.51,55322.29076388889
0.46,55322.29178240741
0.51,55322.29277777778
0.5,55322.29378472222
0.69,55322.29583333333
0.6,55322.29782407408
0.75,55322.299837962964
0.96,55322.30085648148
0.96,55322.301875
0.84,55322.30289351852
0.98,55322.30391203704
0.8,55322.304930555554
0.67,55322.30594907407
0.51,55322.30799768519
0.52,55322.30899305556
0.51,55322.30998842593
0.74,55322.31101851852
0.79,55322.31203703704
0.55,55322.313055555554
0.59,55322.314050925925
0.62,55322.31506944444
0.46,55322.317083333335
0.4,55322.31912037037
0.47,55322.3212037037
0.44,55322.322222222225
0.39,55322.323217592595
0.45,55322.32423611111
0.48,55322.325266203705
0.49,55322.3262962963
0.55,55322.327314814815
0.46,55322.328310185185
0.5,55322.330358796295
0.53,55322.33236111111
0.54,55322.333391203705
0.45,55322.334398148145
0.47,55322.33541666667
0.57,55322.33644675926
0.76,55322.33746527778
0.6,55322.338483796295
0.64,55322.339467592596
0.77,55322.34049768518
0.69,55322.34150462963
0.56,55322.34442129629
0.67,55322.34543981482
0.65,55322.34642361111
0.72,55322.34743055556
0.85,55322.34846064815
0.75,55322.349490740744
0.85,55322.35052083333
0.75,55322.351875
1.11,55322.35392361111
0.7,55322.35392361111
0.89,55322.35497685185
0.65,55322.35599537037
0.8,55322.356990740744
0.68,55322.35802083334
0.98,55322.35901620371
0.93,55322.36004629629
0.91,55322.36106481482
0.71,55322.36207175926
0.63,55322.36306712963
0.72,55322.36510416667
0.66,55322.36510416667
0.58,55322.36715277778
0.63,55322.368159722224
0.73,55322.36917824074
0.81,55322.370208333334
0.75,55322.37123842593
0.69,55322.3722337963
1.01,55322.37326388889
0.9,55322.374293981484
0.89,55322.37633101852
0.77,55322.37734953704
0.82,55322.37837962963
0.84,55322.3794212963
0.75,55322.38043981481
0.61,55322.382523148146
0.58,55322.38454861111
0.59,55322.3865625
0.59,55322.38759259259
0.58,55322.38862268518
0.73,55322.38962962963
0.66,55322.39163194445
0.74,55322.39163194445
0.63,55322.39372685185
0.61,55322.39472222222
0.73,55322.39574074074
0.59,55322.39674768518
0.69,55322.39774305555
0.58,55322.39877314815
0.63,55322.39980324074
0.55,55322.400821759256
0.62,55322.40185185185
0.65,55322.4028587963
0.62,55322.40388888889
0.57,55322.40491898148
0.6,55322.40592592592
0.58,55322.406956018516
0.52,55322.41153935185
0.55,55322.412569444445
0.66,55322.41357638889
0.6,55322.414606481485
0.59,55322.416666666664
0.39,55322.41872685185
0.39,55322.42082175926
0.46,55322.42287037037
0.59,55322.42491898148
0.61,55322.42594907407
0.76,55322.42699074074
0.58,55322.42799768518
0.65,55322.42900462963
1.04,55322.43001157408
0.52,55322.43101851852
0.54,55322.43204861111
0.83,55322.4330787037
0.64,55322.435115740744
0.62,55322.43613425926
0.57,55322.43714120371
0.67,55322.438159722224
0.63,55322.43921296296
0.55,55322.44024305556
0.59,55322.44125
0.67,55322.44228009259
0.56,55322.44331018518
0.49,55322.44431712963
0.54,55322.446377314816
0.48,55322.44844907407
0.47,55322.44949074074
0.52,55322.450520833336
0.53,55322.451527777775
0.6,55322.45255787037
0.54,55322.45358796296
0.54,55322.45462962963
0.68,55322.45568287037
0.83,55322.456724537034
0.72,55322.457766203705
0.61,55322.45877314815
0.7,55322.45980324074
0.75,55322.46082175926
0.79,55322.46289351852
0.79,55322.46393518519
0.82,55322.464953703704
0.61,55322.46597222222
0.75,55322.468043981484
0.54,55322.46907407408
0.61,55322.470138888886
0.67,55322.471180555556
0.72,55322.47219907407
0.85,55322.47424768518
0.97,55322.47528935185
1.03,55322.476319444446
0.48,55322.48023148148
0.47,55322.481261574074
0.48,55322.48231481481
0.7,55322.48335648148
0.53,55322.48541666667
0.49,55322.48747685185
0.53,55322.48851851852
0.46,55322.48952546297
0.42,55322.49055555555
0.59,55322.491585648146
0.51,55322.492638888885
0.6,55322.493680555555
0.43,55322.49469907407
0.38,55322.495717592596
0.4,55322.496724537035
0.39,55322.497777777775
0.45,55322.49880787037
0.37,55322.49984953704
0.8,55322.5008912037
0.5,55322.50189814815
0.53,55322.50293981482
0.67,55322.50398148148
0.59,55322.506053240744
0.67,55322.508125
0.95,55322.50913194445
1.28,55322.51016203704
0.94,55322.51118055556
0.92,55322.51219907407
1.38,55322.513240740744
1.63,55322.51428240741
1.65,55322.51532407408
1.5,55322.51636574074
1.52,55322.51740740741
1.14,55322.5184375
0.71,55322.52049768518
0.71,55322.52155092593
0.64,55322.52259259259
0.77,55322.523622685185
0.84,55322.5246412037
0.81,55322.52569444444
1.04,55322.526724537034
1.02,55322.527766203704
1.15,55322.52878472222
1.37,55322.52980324074
1.23,55322.53082175926
1.29,55322.53184027778
0.92,55322.53392361111
1.16,55322.535995370374
1.01,55322.53704861111
0.71,55322.53807870371
0.91,55322.540127314816
0.74,55322.540127314816
0.91,55322.54114583333
1.03,55322.54216435185
0.8,55322.54319444444
1.05,55322.54423611111
1.51,55322.545266203706
1.15,55322.54630787037
0.88,55322.547326388885
1.02,55322.54834490741
1.15,55322.54939814815
1.46,55322.55043981481
0.86,55322.55148148148
0.78,55322.5525462963
1.27,55322.55359953704
0.98,55322.554618055554
0.98,55322.55567129629
0.73,55322.55668981482
1.01,55322.55771990741
0.72,55322.55873842593
0.87,55322.55979166667
1.19,55322.56083333334
1.19,55322.56185185185
1.19,55322.56290509259
1.05,55322.56394675926
1.17,55322.564988425926
0.77,55322.56601851852
0.89,55322.56704861111
0.95,55322.56917824074
0.89,55322.57125
0.93,55322.57334490741
0.91,55322.57438657407
1.06,55322.57543981481
0.9,55322.57648148148
1.03,55322.5775
0.91,55322.578564814816
0.98,55322.57958333333
0.8,55322.580625
0.99,55322.58164351852
1.06,55322.58269675926
0.77,55322.58375
0.95,55322.58479166667
0.8,55322.58584490741
1.19,55322.586863425924
1.08,55322.58796296296
1.37,55322.590046296296
0.95,55322.611666666664
1.01,55322.61268518519
0.78,55322.613703703704
1.07,55322.6147337963
0.81,55322.61578703704
0.85,55322.61680555555
1.01,55322.61782407408
0.76,55322.61885416666
0.78,55322.61987268519
0.7,55322.62090277778
0.71,55322.62194444444
0.79,55322.62400462963
0.84,55322.62503472222
