masspro_half,masspro_1,masspro_2,masspro_4,masspro_8,masspro_16,masspro,mjd
2.83e-22,2.75e-23,3.49e-21,3.51e-14,1.6800000000000002e-13,9.53e-15,0.5,57973.26074074074
6.11e-15,8.53e-15,3.53e-14,5.01e-14,1.6399999999999998e-13,1.7e-14,0.59,57973.261770833335
2.26e-18,2.1200000000000002e-16,1.76e-14,6.03e-14,1.6399999999999998e-13,1.99e-14,0.56,57973.2628125
1.3800000000000003e-21,2.3499999999999998e-21,2.3199999999999997e-16,2.77e-14,1.51e-13,1.03e-14,0.47,57973.26383101852
6.44e-19,9.47e-16,5.6200000000000006e-15,2.62e-14,1.1900000000000002e-13,1.41e-14,0.43,57973.264872685184
1.13e-21,1.4899999999999999e-21,2.05e-21,1.52e-14,1.24e-13,1.19e-14,0.41,57973.265914351854
1.2200000000000001e-21,6.42e-22,7.79e-24,1.98e-14,1.1599999999999999e-13,8.16e-15,0.39,57973.26695601852
1.2799999999999998e-13,2.2899999999999997e-21,2.63e-20,5.3200000000000005e-15,1.13e-13,6.7e-15,0.55,57973.26797453704
8.959999999999999e-23,1.99e-21,1.45e-20,3.31e-14,1.35e-13,1.01e-14,0.45,57973.2690162037
1.33e-22,4.82e-23,6.87e-21,9.6e-15,1.18e-13,2.05e-15,0.37,57973.2700462963
4.32e-22,4.36e-19,5.2899999999999996e-15,2.82e-14,8.05e-14,1.09e-14,0.36,57973.27108796296
1.59e-14,1.83e-14,3.12e-16,7.43e-14,1.02e-13,1.05e-14,0.51,57973.27211805555
1.56e-21,3.7e-23,1.33e-20,6.66e-14,1.15e-13,8.609999999999999e-15,0.47,57973.273148148146
1.4100000000000002e-23,8.58e-24,1.95e-15,8.49e-14,1.8600000000000002e-13,9.48e-15,0.59,57973.27417824074
4.06e-23,5.54e-23,9.520000000000001e-17,7.24e-14,1.3800000000000002e-13,1.66e-14,0.52,57973.27523148148
6e-22,7.4e-22,2.26e-15,5.87e-14,1.5399999999999997e-13,1.11e-14,0.52,57973.27626157407
4.0999999999999994e-24,2.6199999999999998e-23,7.98e-23,1.22e-14,1.42e-13,8.8e-15,0.42,57973.27730324074
3.61e-22,1.46e-22,2.49e-21,7.68e-15,1.1900000000000002e-13,9.159999999999999e-15,0.38,57973.278333333335
6.389999999999999e-23,1.17e-22,2.4499999999999998e-20,3.47e-14,1.18e-13,9.39e-15,0.42,57973.279375
5.360000000000001e-22,7.259999999999999e-23,2.9999999999999997e-20,4.3e-14,8.74e-14,1.1e-14,0.39,57973.28040509259
1.32e-22,1.7e-14,2.9799999999999998e-21,4.1e-14,6.41e-14,1.23e-14,0.38,57973.281435185185
6.370000000000001e-19,3.13e-14,9.87e-22,3.11e-14,7.12e-14,8.45e-15,0.39,57973.282476851855
5.13e-24,2.15e-22,1.2300000000000002e-21,3.54e-15,7.18e-14,6.640000000000001e-15,0.28,57973.28350694444
5.66e-22,1.5199999999999998e-23,9.729999999999999e-21,1.9e-14,3.94e-14,9.820000000000001e-15,0.25,57973.284537037034
3.39e-14,1.9e-15,2.47e-15,1.61e-14,4.23e-14,8.46e-15,0.33,57973.28559027778
3.53e-14,2.48e-21,7.47e-16,2.44e-14,2.31e-14,1.03e-14,0.31,57973.286631944444
8.23e-14,2.4200000000000003e-22,3.6e-15,6.58e-14,1.43e-14,5.59e-15,0.44,57973.28766203704
8.93e-23,1.26e-21,1.8399999999999998e-22,4.07e-14,2.86e-14,7.94e-15,0.27,57973.28870370371
5.8799999999999995e-24,9.16e-24,3.43e-20,1.84e-14,2.19e-14,8.58e-15,0.21,57973.28973379629
1.0800000000000001e-17,1.74e-14,2.1900000000000004e-22,2.42e-14,3.42e-14,8.46e-15,0.29,57973.29077546296
1.0900000000000001e-21,2.17e-17,2.91e-15,3.28e-14,3.67e-14,6.42e-15,0.27,57973.29180555556
4.26e-22,5.19e-22,1.08e-28,1.18e-14,4.31e-14,6.3e-15,0.24,57973.29283564815
2.2899999999999997e-21,4.86e-22,3.9599999999999997e-20,1.22e-14,5.69e-14,2.64e-17,0.25,57973.29387731481
1.2499999999999999e-23,1.1e-15,1.2e-14,2.33e-14,2.71e-14,1.07e-14,0.27,57973.294907407406
2.66e-14,4.57e-23,6.06e-15,1.76e-14,3.25e-14,8.36e-15,0.3,57973.295949074076
1.95e-21,1.4099999999999999e-21,1.54e-14,3.1399999999999997e-15,5.68e-14,4.99e-15,0.28,57973.29697916667
3.6799999999999996e-23,3.39e-23,3.57e-15,1.75e-14,5.05e-14,6.55e-15,0.27,57973.29803240741
5.34e-24,2.65e-22,5.5899999999999995e-21,2.92e-14,5.25e-14,8.15e-15,0.3,57973.2990625
1.86e-21,3.59e-22,2.25e-20,2.6e-14,6.44e-14,5.17e-15,0.31,57973.300104166665
6.58e-23,8.539999999999999e-22,1.02e-20,6.09e-14,7.4e-14,3.42e-16,0.38,57973.301145833335
7.669999999999999e-22,1.58e-14,2.7300000000000004e-20,2.45e-14,4.45e-14,2.33e-15,0.29,57973.30217592593
1.72e-22,2.35e-14,3.97e-15,1.32e-14,3.49e-14,3.78e-15,0.28,57973.30321759259
7.609999999999999e-23,7.33e-15,6.06e-16,9.690000000000001e-15,2.73e-14,3.9600000000000004e-15,0.21,57973.30425925926
5.29e-24,1.27e-14,5.28e-16,1.96e-16,2.74e-14,4.52e-15,0.2,57973.305289351854
2.75e-14,5.42e-16,1.56e-15,1.98e-14,9.47e-15,9.67e-15,0.25,57973.30633101852
2.13e-14,1.53e-14,1.18e-15,2.09e-14,1.73e-14,7.98e-15,0.29,57973.30736111111
5.59e-14,1.7e-14,1.8000000000000002e-16,1.67e-14,2.39e-14,8.4e-15,0.36,57973.308391203704
2.37e-21,1.61e-14,1.3900000000000001e-15,1.85e-14,2.64e-14,8.65e-15,0.26,57973.309432870374
9.03e-14,8.609999999999999e-15,2.17e-16,1.89e-14,2.95e-14,1.22e-14,0.42,57973.31047453704
5.14e-14,1.3e-15,1.5099999999999999e-15,1.12e-14,2.95e-14,1.96e-14,0.34,57973.31150462963
1.01e-21,8.1e-15,5.86e-15,1.22e-14,1.76e-14,1.4e-14,0.23,57973.3125462963
2.06e-14,2.2e-14,4.0599999999999994e-16,9.84e-15,1.83e-14,9.01e-15,0.28,57973.31358796296
7.13e-14,2.55e-14,3.97e-18,3.24e-14,4.45e-15,1.23e-14,0.4,57973.31462962963
3.2200000000000004e-13,1.12e-14,3.54e-15,2.86e-14,1.33e-14,1.05e-14,0.72,57973.315671296295
2.95e-13,7.710000000000001e-22,7.35e-20,9.39e-15,1.97e-14,7.14e-15,0.65,57973.320381944446
5.35e-15,8.640000000000001e-17,3.5e-15,9.87e-15,1.89e-14,4.61e-15,0.19,57973.32142361111
4.03e-14,9.62e-22,2.92e-16,1.14e-15,2.3e-14,6.21e-15,0.26,57973.32244212963
1.1200000000000001e-22,7.08e-15,4.09e-16,1.0699999999999998e-15,2.07e-14,7.34e-15,0.17,57973.323483796295
1.79e-23,1.95e-22,7.530000000000001e-24,2.1899999999999997e-15,1.75e-14,5.14e-15,0.14,57973.324525462966
5.38e-15,7.999999999999999e-22,8.7e-15,8.95e-16,1.39e-14,4.82e-15,0.17,57973.32555555556
3.67e-14,3.26e-22,1.6299999999999998e-18,1.36e-14,4.74e-15,7.76e-15,0.24,57973.326585648145
1.38e-14,3.6799999999999996e-23,1.6599999999999999e-16,1.53e-14,1.2e-14,2.23e-15,0.19,57973.32763888889
8.94e-23,6.259999999999999e-24,8.479999999999999e-19,5.26e-14,5.23e-17,8.44e-23,0.22,57973.328680555554
5.33e-23,1.6100000000000002e-23,3.11e-19,3.31e-14,1.0900000000000001e-16,2.98e-15,0.17,57973.32971064815
6.85e-23,8.81e-22,1.6899999999999999e-15,6.61e-14,9.98e-15,6.51e-15,0.29,57973.33074074074
1.7499999999999998e-21,1.06e-22,7.4e-19,4.89e-14,3.64e-15,7.96e-15,0.23,57973.331782407404
6.21e-20,6.890000000000001e-23,2.8899999999999996e-19,3.02e-14,3.3200000000000003e-15,8.69e-15,0.19,57973.332824074074
1.3e-21,4.99e-19,1.52e-19,2.85e-15,1.96e-14,4.8100000000000005e-15,0.15,57973.33903935185
7.5e-16,2.75e-14,2.5299999999999997e-16,6.07e-16,2.2e-14,6.82e-15,0.23,57973.34006944444
2.0999999999999997e-21,6.799999999999999e-23,3.5799999999999994e-21,2.32e-14,3.4e-14,8.42e-15,0.25,57973.34111111111
3.549999999999999e-20,8.82e-15,2.88e-16,2.86e-14,3.19e-14,7.12e-15,0.27,57973.342152777775
1.98e-21,9.44e-15,5.24e-21,1.88e-14,2.22e-14,6.9599999999999995e-15,0.23,57973.343194444446
2.96e-23,1.1e-15,8.99e-21,1.12e-14,2.79e-14,6.81e-15,0.2,57973.34457175926
7.999999999999999e-22,3.99e-23,4.529999999999999e-21,6.23e-15,2.66e-14,5.5200000000000006e-15,0.18,57973.345625
7.47e-22,9.09e-16,8.079999999999999e-23,5.77e-15,1.9e-14,6.51e-15,0.16,57973.346666666665
1.3e-21,2.1799999999999997e-22,1.1599999999999998e-20,1.04e-14,1.65e-14,6.0399999999999995e-15,0.16,57973.347708333335
2.25e-23,3.6100000000000004e-23,6.719999999999999e-20,5.05e-15,1.92e-14,6.13e-15,0.16,57973.34873842593
1.65e-22,7.97e-22,1.7699999999999998e-19,7.59e-15,9.34e-16,8.2e-15,0.11,57973.34978009259
2.4e-24,9.7e-22,1.59e-15,6.81e-15,1.5e-14,1.04e-14,0.17,57973.35082175926
6.769999999999999e-24,5.78e-24,4.1e-20,8.49e-15,2.74e-14,9.61e-15,0.2,57973.35359953704
8.15e-23,3.81e-15,1.1e-21,3.55e-15,2.48e-14,7.2e-15,0.18,57973.3546412037
2.96e-22,2.93e-23,5.28e-22,5.21e-15,3.03e-14,7.48e-15,0.19,57973.35569444444
3.53e-22,1.7199999999999998e-21,7.09e-22,8.809999999999999e-15,4.47e-14,9.22e-15,0.24,57973.35673611111
1.57e-23,2.62e-22,1.73e-20,7.7e-15,3.54e-14,1.33e-14,0.23,57973.357777777775
7.28e-22,3.7e-22,2.6600000000000002e-21,3.0199999999999998e-15,3.49e-14,1.1e-14,0.21,57973.35880787037
9.66e-22,5.69e-17,5.2999999999999996e-20,1.01e-14,2.91e-14,1.04e-14,0.21,57973.35986111111
2.0600000000000001e-22,6.67e-24,3.12e-17,7.38e-15,3.68e-14,9.820000000000001e-15,0.22,57973.36090277778
9.680000000000001e-22,9.05e-22,4.98e-21,1.1e-14,3.48e-14,8.66e-15,0.22,57973.36194444444
9.539999999999999e-24,4.3e-22,6.469999999999999e-26,5.67e-15,2.8e-14,7.23e-15,0.19,57973.36298611111
8.899999999999999e-22,1.1e-15,2.5899999999999997e-16,1.67e-14,2.51e-14,7.640000000000001e-15,0.21,57973.36403935185
8.98e-22,7.53e-22,3.26e-17,3.25e-14,1.35e-14,1.21e-14,0.23,57973.365069444444
8.47e-24,1.9300000000000003e-21,5.3799999999999994e-17,2.79e-14,1.02e-14,1.19e-14,0.21,57973.366122685184
2.87e-19,5.83e-15,2.73e-16,3.79e-14,5.59e-15,1.77e-14,0.25,57973.367164351854
2.0999999999999997e-21,4.99e-15,1.47e-19,1.36e-14,1.99e-14,5e-15,0.19,57973.36820601852
6.150000000000001e-22,2.5e-15,1.19e-20,1.52e-14,1.86e-14,4.7799999999999996e-15,0.19,57973.36923611111
6.3700000000000006e-15,1.36e-15,5.8e-16,3.4e-14,3.77e-15,9.890000000000001e-15,0.23,57973.37028935185
1.56e-18,1.14e-14,1.7899999999999997e-21,1.27e-14,1.86e-14,5.3200000000000005e-15,0.21,57973.37133101852
2.3199999999999998e-21,3.64e-15,2.2200000000000003e-20,9.19e-15,1.5e-14,6.33e-15,0.17,57973.37237268518
1.25e-19,7.13e-15,1.82e-15,1.44e-14,1.13e-14,6.99e-15,0.19,57973.37341435185
1.2e-21,8.65e-15,1.8e-21,8.49e-15,1.32e-14,5.8e-15,0.17,57973.37446759259
1.3300000000000001e-21,1.3e-15,1.3800000000000003e-21,5.46e-15,1.58e-14,7.08e-15,0.15,57973.37550925926
1.6600000000000001e-21,2.9899999999999994e-23,2.36e-21,1.3800000000000001e-15,1.38e-14,6.909999999999999e-15,0.13,57973.376550925925
7.340000000000001e-23,1.4400000000000001e-15,5.370000000000001e-20,7.31e-15,1.06e-14,6.640000000000001e-15,0.14,57973.377592592595
2.2299999999999996e-22,8.43e-15,6.31e-16,1.25e-14,9.709999999999999e-15,1.03e-14,0.19,57973.37863425926
7.07e-21,1.72e-14,2.91e-17,1.1599999999999999e-16,1.9e-14,9.22e-15,0.2,57973.37967592593
1.2400000000000001e-20,2.35e-14,2e-16,2.45e-15,1.21e-14,7.83e-15,0.2,57973.38071759259
7.25e-22,1.42e-22,1.15e-19,6.1e-16,1.55e-14,9.77e-15,0.14,57973.38175925926
1.5500000000000001e-21,1.02e-14,3.04e-16,5.5e-15,3.4200000000000004e-15,8.85e-15,0.15,57973.38280092592
2.4500000000000004e-16,8.8e-15,3.59e-22,2.11e-15,3.08e-15,7.69e-15,0.13,57973.38385416667
4.76e-22,9.27e-15,2.48e-15,1.6e-16,1.1e-14,9.909999999999999e-15,0.16,57973.38489583333
6.01e-21,1.2e-14,8.800000000000001e-16,4.87e-16,1.35e-14,9.690000000000001e-15,0.17,57973.38594907407
6.909999999999999e-23,2.08e-16,2.18e-15,7.2e-15,1.02e-14,1.04e-14,0.16,57973.38699074074
1.89e-14,1.23e-14,1.41e-15,1.93e-14,2.48e-14,1.57e-14,0.3,57973.388032407405
7.47e-22,7.06e-22,5.9e-15,9.39e-15,2.23e-14,1.21e-14,0.21,57973.389074074075
5.96e-22,9.68e-16,1.04e-15,2.08e-14,1.89e-14,1.4e-14,0.22,57973.390127314815
3.22e-14,1.88e-15,1.18e-15,2.07e-14,2.05e-14,1.5e-14,0.3,57973.391168981485
1.0199999999999999e-21,1.33e-22,7.8e-16,2.67e-15,3.8e-14,1.33e-14,0.22,57973.392222222225
1.4000000000000002e-23,4.4800000000000005e-24,7.52e-16,3.4799999999999997e-15,5.17e-14,1.18e-14,0.25,57973.393275462964
2.3800000000000002e-23,1.34e-15,5.27e-18,3.6299999999999994e-15,3.52e-14,1.16e-14,0.22,57973.39431712963
7.81e-23,3.13e-22,2.51e-22,3.2599999999999997e-16,4.75e-14,1.02e-14,0.23,57973.3953587963
2.2399999999999998e-23,5.12e-16,2.71e-22,1.8600000000000002e-15,3.84e-14,1.12e-14,0.22,57973.39641203704
2.43e-21,1.25e-15,3.8000000000000005e-21,1.89e-15,3.35e-14,1.03e-14,0.2,57973.39745370371
1.4899999999999999e-21,4.29e-23,2.8100000000000003e-15,1.3e-14,1.93e-14,1.33e-14,0.21,57973.39849537037
1.65e-21,3.81e-23,6.54e-21,1.6100000000000001e-15,4.12e-14,8.37e-15,0.21,57973.39954861111
2.69e-24,2.3499999999999998e-21,4.89e-25,6.65e-15,9.85e-14,9.85e-15,0.35,57973.40059027778
1.24e-21,1.04e-21,9.609999999999999e-21,7.87e-16,8.19e-14,7.95e-15,0.3,57973.40163194444
1.4599999999999999e-21,1.52e-21,7.37e-20,7.17e-16,3.43e-14,7.109999999999999e-15,0.19,57973.40268518519
2.86e-22,7.15e-15,1.32e-15,1.48e-15,1.35e-14,7.4e-15,0.16,57973.40372685185
2.74e-14,5.990000000000001e-16,1.66e-17,2.65e-15,1.36e-14,6.7e-15,0.21,57973.40476851852
1.63e-14,3.78e-15,1.65e-15,5.51e-15,9.96e-16,8.24e-15,0.17,57973.405810185184
7.410000000000001e-22,2.48e-15,4.46e-21,6.9299999999999994e-15,6.13e-16,6.97e-15,0.11,57973.406863425924
1.65e-22,1.9e-22,3.7400000000000005e-21,1.05e-15,1.18e-14,5.49e-15,0.12,57973.407905092594
2.08e-21,8.000000000000001e-24,2.5900000000000002e-20,1.0699999999999998e-15,4.69e-14,9.64e-15,0.23,57973.40894675926
5.14e-22,1.5900000000000002e-16,2.2900000000000002e-20,2.47e-16,1.91e-14,6.41e-15,0.14,57973.41001157407
1.11e-22,5.290000000000001e-21,5.8e-18,1.39e-14,5.3299999999999994e-15,1.01e-14,0.15,57973.41105324074
3.11e-14,1.59e-14,9.210000000000002e-16,6.11e-15,1.8600000000000002e-15,9.28e-15,0.25,57973.412094907406
2.43e-14,5.46e-15,1.5e-15,7.3e-16,3.54e-14,8.65e-15,0.27,57973.413136574076
4.76e-15,1.98e-14,1.03e-15,1.26e-14,1.92e-14,1.11e-14,0.25,57973.414189814815
1.24e-17,2.16e-14,1.62e-17,6.43e-16,1.49e-14,6.9e-15,0.2,57973.415243055555
1.05e-13,3.55e-15,5.84e-16,4.96e-15,6.95e-15,6.4799999999999996e-15,0.37,57973.416296296295
6.15e-19,2.81e-14,4.87e-16,1.97e-15,1.11e-14,6.63e-15,0.21,57973.41736111111
3.53e-14,1.37e-14,2.25e-16,8.08e-15,3.79e-15,7.9e-15,0.26,57973.41841435185
2.01e-21,5.31e-15,2.38e-15,3.18e-15,1.29e-14,7.65e-15,0.16,57973.41946759259
3.22e-22,3.15e-16,2.5900000000000002e-20,4.07e-16,1.86e-14,5.92e-15,0.14,57973.42050925926
5.58e-23,4.759999999999999e-16,1.5e-21,2.9300000000000003e-16,1.02e-14,5.47e-15,0.11,57973.42155092592
1.77e-21,1.9800000000000002e-15,6.8e-16,4.5799999999999995e-15,5.21e-15,6.2700000000000005e-15,0.12,57973.42260416667
3.71e-15,3.15e-16,1.85e-16,8.26e-15,5.08e-15,6.01e-15,0.13,57973.42364583333
1.6800000000000003e-21,7.34e-15,3.3799999999999997e-16,6.7599999999999994e-15,4.88e-15,5.93e-15,0.14,57973.42469907407
8.829999999999999e-23,1.3300000000000001e-15,1.6399999999999998e-15,2.75e-15,7.57e-15,6.12e-15,0.12,57973.425729166665
5.34e-13,8.359999999999999e-19,7.049999999999999e-25,1.82e-22,1.42e-14,8.380000000000001e-16,0.88,57973.43148148148
2.7800000000000003e-13,1.83e-23,4.12e-16,4.65e-14,1.64e-14,6.809999999999999e-24,0.66,57973.43252314815
1.26e-22,7.299999999999999e-24,1.03e-24,5.11e-18,1.68e-14,3.8200000000000005e-15,0.12,57973.43357638889
1.22e-13,2.44e-19,9.45e-14,2.78e-14,1.32e-21,1.23e-14,0.56,57973.43461805556
4.859999999999999e-13,6.68e-23,4.03e-15,4.27e-14,5.74e-14,1.6100000000000002e-23,0.92,57973.4356712963
2.65e-13,4.4e-18,7.91e-20,5.429999999999999e-17,8.86e-14,1.09e-14,0.69,57973.43672453704
1.1199999999999999e-13,9.520000000000001e-23,5.59e-22,6.26e-16,8.9e-14,3.87e-15,0.49,57973.4377662037
1.2e-22,2.97e-22,5.5799999999999996e-21,2.13e-15,4.19e-14,5.91e-15,0.21,57973.43881944445
6.7e-19,2.7200000000000003e-17,1.22e-24,1.4300000000000002e-17,2.32e-14,1.32e-14,0.17,57973.43986111111
5.84e-22,4.9799999999999996e-23,6.69e-22,4.3700000000000006e-17,2.66e-14,1.6e-14,0.19,57973.44091435185
4.660000000000001e-22,4.0399999999999994e-23,7.79e-24,1.2e-18,1.73e-14,1.62e-14,0.17,57973.44196759259
4.9e-23,3.11e-19,2.1699999999999998e-15,4.47e-14,3.96e-22,1.66e-14,0.24,57973.443020833336
8.19e-14,8.190000000000001e-21,4.6700000000000004e-24,5.64e-19,3.28e-14,1.26e-14,0.37,57973.444074074076
1.01e-21,7.029999999999999e-22,1.67e-20,7.96e-15,2.05e-14,1.19e-14,0.18,57973.44511574074
6.12e-22,2.08e-20,1.6000000000000002e-20,3.2e-17,1.1900000000000002e-13,1.49e-14,0.38,57973.44615740741
6.34e-23,4.1099999999999996e-22,9.439999999999999e-20,2.0100000000000003e-15,5.92e-14,2.24e-14,0.29,57973.44721064815
1.47e-21,3.45e-21,5.72e-20,3.16e-16,6.09e-14,9.93e-15,0.26,57973.44825231482
6.32e-24,9.4e-22,9.64e-23,9.92e-16,5.58e-14,6.840000000000001e-15,0.24,57973.44930555556
3.7799999999999994e-23,6.2000000000000004e-21,1.81e-22,3.13e-15,3.53e-14,1.18e-14,0.21,57973.4503587963
7.7299999999999995e-19,5.52e-18,1.66e-24,2.52e-18,1.9e-14,1.06e-14,0.15,57973.45141203704
6.33e-20,1.94e-19,3.0899999999999997e-24,9.71e-17,1.1e-14,1.36e-14,0.14,57973.45278935185
9.28e-23,5.03e-24,8.95e-23,2.4e-22,3.9999999999999997e-22,1.04e-14,0.08,57973.45384259259
4.47e-23,2.61e-24,5.63e-22,2.6800000000000003e-22,1.93e-16,1.07e-14,0.08,57973.454884259256
5.98e-22,1.26e-23,2.18e-15,2.97e-14,8.790000000000001e-15,1.17e-17,0.19,57973.4559375
1.06e-22,8.310000000000001e-24,1.4699999999999999e-24,2.51e-21,8.06e-22,9.85e-15,0.08,57973.45699074074
2.35e-17,5.02e-14,4.29e-23,4.05e-22,2.1e-15,9.41e-15,0.24,57973.45804398148
1.21e-18,2.3500000000000003e-24,1.11e-22,9.87e-20,2.05e-14,9.820000000000001e-15,0.16,57973.459074074075
3.02e-22,6.229999999999999e-22,2.59e-19,3.3200000000000003e-15,3.97e-14,8.82e-15,0.21,57973.460127314815
2.12e-14,1.03e-14,2.62e-15,1.51e-14,6.59e-14,1.01e-14,0.36,57973.461180555554
1.58e-16,8.38e-15,6.9299999999999994e-15,3e-14,4.78e-14,8.43e-15,0.32,57973.462222222224
2.63e-22,2.99e-14,8.24e-16,1.48e-14,4.85e-14,2.16e-14,0.35,57973.46326388889
2.68e-14,1.5800000000000001e-21,1.3e-21,4.55e-16,5.86e-14,1.63e-14,0.32,57973.46431712963
4.63e-18,1.21e-17,3.8900000000000004e-24,1.94e-14,7.65e-15,2.32e-14,0.21,57973.46537037037
4.36e-24,2.76e-19,5.68e-20,4.62e-19,3.82e-14,9.38e-15,0.2,57973.46642361111
1.51e-14,3.24e-22,7.92e-16,7.38e-14,3.07e-14,5.48e-15,0.37,57973.46747685185
1.1e-21,1.29e-21,1.25e-17,2.92e-14,4.52e-14,1.55e-15,0.27,57973.468518518515
8.689999999999999e-22,9.249999999999999e-19,5.86e-24,1.37e-15,1.52e-14,2.07e-14,0.18,57973.46957175926
1.99e-21,6.099999999999999e-23,7.410000000000001e-22,6.85e-16,4.25e-14,1.9e-14,0.24,57973.470625
1.94e-22,1.74e-18,3.53e-22,1.0699999999999998e-15,4.11e-14,2.67e-14,0.25,57973.47167824074
1.2100000000000002e-22,2.87e-22,3.95e-21,4.98e-14,6.13e-14,1.16e-14,0.36,57973.47273148148
2.46e-22,1.2300000000000002e-21,5.600000000000001e-21,8.740000000000001e-15,3.22e-14,2.09e-14,0.24,57973.47377314815
8.34e-14,6.83e-25,3.42e-17,5.29e-14,4.32e-14,2.4e-14,0.49,57973.47482638889
1.0499999999999999e-21,2.0999999999999997e-21,1.52e-21,2.17e-16,1.1400000000000002e-13,1.34e-14,0.37,57973.47587962963
7.09e-22,1.45e-14,6.16e-15,2.49e-14,5.63e-14,1.51e-14,0.35,57973.477268518516
1.81e-22,1.2100000000000002e-22,3.54e-21,3.3799999999999997e-15,5.04e-14,2.03e-14,0.27,57973.478310185186
1.7600000000000002e-22,1.97e-22,1.99e-21,8.5e-15,4.91e-14,2.03e-14,0.27,57973.47935185185
2.53e-22,1.08e-21,5.31e-20,1.37e-16,4.88e-14,1.92e-14,0.25,57973.480416666665
1.0199999999999999e-21,2.5000000000000002e-21,1.53e-19,3.6e-17,6.69e-14,1.94e-14,0.29,57973.48144675926
2.4e-22,9.37e-19,8.09e-22,7.88e-16,3.04e-14,2.97e-14,0.24,57973.4825
1.39e-14,1.5199999999999998e-15,1.45e-16,2.9e-14,4.32e-14,1.94e-14,0.33,57973.48355324074
3.35e-22,5.82e-23,3.549999999999999e-20,9.02e-15,5.6e-14,2.25e-14,0.29,57973.48459490741
4.63e-22,1.9099999999999998e-22,5.88e-22,7.4e-16,1.0800000000000002e-13,1.71e-14,0.37,57973.48564814815
1.34e-13,5.06e-25,7.84e-16,8.93e-15,6.24e-14,1.98e-14,0.52,57973.48668981482
1.9600000000000003e-21,3.85e-21,1.73e-21,1.59e-15,5.7e-14,2.05e-14,0.28,57973.4877662037
5.0700000000000006e-23,9.279999999999999e-22,4.269999999999999e-22,3.12e-15,5.59e-14,1.75e-14,0.27,57973.48881944444
5.81e-22,1.28e-21,8.550000000000001e-21,2.07e-15,8.38e-14,1.89e-14,0.33,57973.48987268518
1.2900000000000001e-23,2.1e-14,1.49e-14,5.2200000000000004e-15,4.4e-14,2.61e-14,0.34,57973.49091435185
2.4200000000000003e-22,1.31e-15,1.25e-14,4.02e-14,5.28e-14,3.03e-14,0.38,57973.49196759259
1.0300000000000002e-13,1.18e-23,4.98e-15,3.22e-14,3.12e-14,1.91e-14,0.47,57973.49302083333
2.23e-21,2.2399999999999998e-23,2.92e-18,1.8e-14,7.07e-15,2.68e-14,0.21,57973.49407407407
1.0099999999999999e-23,8.940000000000001e-15,1.3000000000000001e-20,4.01e-14,3.96e-14,2.27e-14,0.34,57973.49513888889
6.35e-16,6.45e-14,3.1700000000000003e-22,1.63e-14,1.0300000000000002e-13,1.79e-14,0.49,57973.49619212963
1.7300000000000002e-17,1.91e-14,1.66e-20,3.29e-14,1.36e-13,2.1e-14,0.49,57973.4972337963
6.719999999999999e-24,1.73e-14,4.46e-21,5.09e-14,1.3800000000000002e-13,1.96e-14,0.52,57973.49828703704
6.02e-23,3.13e-14,1.36e-14,8.4e-15,1.22e-13,1.36e-14,0.47,57973.49935185185
1.4300000000000002e-21,2.15e-21,8.82e-14,3.21e-15,1.4e-13,8.3e-15,0.54,57973.50040509259
4.0999999999999994e-24,5.71e-22,1.58e-20,1.66e-14,1.88e-13,8.71e-15,0.5,57973.50144675926
4.4499999999999995e-23,2.99e-22,1.37e-16,1.92e-14,2.1399999999999997e-13,1.96e-14,0.55,57973.5025
1.83e-21,5.0700000000000006e-23,1.35e-15,1.1e-13,4e-13,1.18e-15,0.85,57973.50355324074
2.88e-22,1.01e-21,6.63e-19,2.75e-14,3.7200000000000003e-13,1.32e-14,0.74,57973.50461805556
2.99e-22,3.36e-22,9.290000000000001e-21,1.71e-17,2.5e-13,2e-14,0.58,57973.50568287037
1.8199999999999997e-21,1.3800000000000001e-15,6.42e-16,1.23e-14,2.34e-13,2.11e-14,0.58,57973.506736111114
7.32e-23,1.2899999999999998e-22,6.929999999999999e-20,5.81e-16,2.95e-13,1.71e-14,0.63,57973.507789351854
1.81e-24,2.12e-18,6.48e-14,3.65e-14,1.5e-13,2.62e-14,0.59,57973.50884259259
1.2300000000000002e-21,9.609999999999999e-22,1.61e-22,1.71e-17,1.49e-13,1.08e-14,0.42,57973.509884259256
2.2200000000000002e-21,4.41e-22,1.5e-22,1.5e-14,1.36e-13,1.53e-14,0.43,57973.51094907407
1.35e-21,2.22e-22,1.13e-21,1.75e-16,1.7199999999999997e-13,4.92e-15,0.45,57973.51199074074
4.37e-22,1.9699999999999998e-21,1.01e-18,2.5299999999999997e-16,1.84e-13,7.77e-15,0.47,57973.51305555556
1.0099999999999999e-23,6.6e-24,1.21e-19,2.95e-16,1.56e-13,1.96e-14,0.45,57973.5141087963
2.72e-23,1.57e-22,1.0700000000000002e-20,1.25e-14,1.6899999999999999e-13,1.09e-14,0.47,57973.515173611115
3.33e-23,6.29e-14,4.63e-15,9.61e-15,2.7600000000000004e-13,1.83e-14,0.7,57973.516226851854
6.88e-22,4.12e-14,2.18e-14,3.08e-15,4.71e-13,2.34e-14,0.89,57973.517280092594
5.93e-22,1.55e-22,8.02e-22,8.53e-16,2.52e-13,1.53e-14,0.57,57973.51833333333
5.4e-23,1.3e-23,7.48e-15,3.1399999999999997e-15,3.76e-13,1.08e-14,0.73,57973.51938657407
4.26e-22,2.83e-22,1.55e-13,2.7300000000000005e-13,7.009999999999999e-13,1.75e-15,1.36,57973.52043981481
7.36e-24,5.88e-22,1.31e-18,1.35e-14,4.1e-13,8.800000000000001e-16,0.76,57973.52149305555
5.48e-23,1.52e-21,1.1599999999999999e-13,9.46e-14,6.63e-13,2.92e-22,1.17,57973.5225462963
1.48e-23,8.880000000000001e-24,6.790000000000001e-19,1.52e-13,4.4299999999999993e-13,5.45e-24,0.93,57973.52361111111
1.06e-21,1.2e-24,8.43e-14,1.06e-14,3.5100000000000007e-13,1.28e-14,0.79,57973.524675925924
1.24e-21,1.04e-20,6.09e-14,1.21e-15,3.6200000000000007e-13,2.04e-15,0.76,57973.525729166664
6.6e-24,1.51e-21,2.87e-19,9.02e-15,3.73e-13,2.01e-21,0.71,57973.526770833334
1.86e-22,2.66e-22,5.0000000000000005e-21,3.14e-17,3.4399999999999995e-13,3.24e-22,0.67,57973.52783564815
7.77e-24,1.6100000000000001e-21,2.73e-19,5.64e-14,3.9e-13,1.08e-15,0.78,57973.52888888889
1.4400000000000003e-25,6.26e-23,1.4400000000000001e-15,6.3e-14,3.3100000000000005e-13,1.1200000000000001e-22,0.73,57973.529953703706
1.47e-22,1.01e-21,2.17e-14,2.89e-14,3.0299999999999997e-13,1.9300000000000002e-15,0.68,57973.531006944446
7.639999999999999e-22,5.33e-22,2.33e-19,1.78e-14,2.46e-13,4.04e-16,0.57,57973.532060185185
4.6700000000000005e-23,3.2799999999999995e-23,1.0300000000000001e-19,2.18e-14,2.91e-13,1.26e-23,0.63,57973.533125
1.88e-21,3.19e-22,2.9599999999999996e-20,2.1299999999999999e-16,1.8199999999999998e-13,1.1e-14,0.47,57973.53418981482
5.78e-22,1.0899999999999999e-22,3.0700000000000002e-21,2.68e-21,1.3699999999999997e-13,2.36e-14,0.42,57973.53525462963
1.19e-21,1.86e-21,2.64e-21,1.96e-17,1.58e-13,2.38e-14,0.46,57973.536307870374
7.130000000000001e-22,1.65e-21,4.26e-20,6.519999999999999e-16,1.74e-13,2.96e-14,0.49,57973.53736111111
1.5399999999999999e-21,1.04e-14,1.59e-14,7.36e-16,2.6e-13,2.5e-14,0.63,57973.53842592592
1.1100000000000001e-21,4.7799999999999996e-15,5.17e-21,1.12e-14,2.0300000000000002e-13,7.85e-15,0.52,57973.53946759259
1.91e-14,1.9300000000000002e-15,4.85e-14,1.42e-14,9.46e-14,2.4e-14,0.49,57973.54052083333
5.61e-15,9.29e-15,3.01e-20,2.01e-14,1.0300000000000002e-13,1.01e-14,0.4,57973.54158564815
3.9500000000000003e-22,1.08e-14,2.04e-14,4.69e-14,6.23e-14,2.36e-14,0.43,57973.542650462965
1.51e-21,2.27e-19,4.17e-14,3.03e-18,1.49e-13,3.95e-15,0.47,57973.54371527778
2.6100000000000003e-23,3.9399999999999996e-21,1.8100000000000002e-21,4.89e-17,1.7499999999999999e-13,4.12e-16,0.45,57973.54478009259
7.34e-22,1.2e-21,1.66e-20,4.66e-17,1.67e-13,1.1e-14,0.45,57973.54583333333
1.4100000000000001e-22,6.26e-22,2.7999999999999997e-20,4.23e-15,2.05e-13,3.01e-24,0.5,57973.54688657408
5.360000000000001e-23,4.879999999999999e-22,3.57e-20,4.34e-14,2.3800000000000005e-13,1.0300000000000001e-22,0.59,57973.547951388886
4.74e-22,3.42e-23,2.28e-20,2.11e-14,2.05e-13,1.52e-21,0.52,57973.54900462963
4.0899999999999997e-23,2.67e-23,2.1699999999999998e-20,4.4399999999999996e-15,1.6100000000000002e-13,7.97e-15,0.44,57973.55006944444
2.98e-23,1.7899999999999997e-21,1.88e-19,9.81e-16,2.26e-13,1.0599999999999999e-15,0.52,57973.55112268519
1.8100000000000002e-21,8.520000000000001e-23,1.3700000000000003e-20,8.539999999999999e-16,3.02e-14,6.63e-15,0.18,57973.55438657408
1.92e-21,2.97e-22,6.87e-21,3.89e-16,2.16e-14,8.53e-15,0.16,57973.555451388886
4.0400000000000004e-22,1.5800000000000001e-21,8.840000000000001e-21,1.6200000000000002e-16,4.13e-14,9.7e-15,0.21,57973.5565162037
7.240000000000001e-15,1.03e-15,4.970000000000001e-21,4.49e-15,3.12e-14,8.52e-15,0.22,57973.55756944444
1.77e-21,4.14e-23,8.23e-20,1.3e-17,1.96e-14,8.43e-15,0.15,57973.55863425926
4.2200000000000005e-22,1.3300000000000001e-21,5.920000000000001e-21,1.6100000000000001e-15,2.77e-14,6.9200000000000004e-15,0.17,57973.5596875
3.4199999999999997e-22,1.3e-21,1.75e-20,4.4299999999999995e-16,3.42e-14,8.25e-15,0.19,57973.560752314814
1.2200000000000001e-21,3.06e-16,6.080000000000001e-20,1.36e-15,2.92e-14,8.120000000000001e-15,0.18,57973.56181712963
3.2100000000000004e-23,1.64e-21,1.53e-20,2.0699999999999999e-16,2.97e-14,7.83e-15,0.18,57973.56285879629
4.34e-23,1.3400000000000001e-20,5.85e-21,2.31e-16,2.4e-14,6.840000000000001e-15,0.16,57973.56392361111
6.4e-18,3.95e-15,8.529999999999999e-19,1.04e-14,2.33e-15,1e-14,0.14,57973.564988425926
7.669999999999999e-22,2.56e-16,4.1500000000000005e-20,9.05e-15,4.3799999999999997e-16,1.11e-14,0.12,57973.566030092596
1.5399999999999999e-21,1.1699999999999999e-15,1.8600000000000002e-15,6.8599999999999995e-15,8.129999999999999e-15,1.05e-14,0.15,57973.567094907405
1.1100000000000001e-21,5.97e-22,1.41e-19,6.89e-16,2.7e-14,9.15e-15,0.18,57973.56815972222
2.06e-15,1.16e-14,2.28e-15,4.89e-16,2.78e-14,9.7e-15,0.22,57973.56922453704
2.6e-23,5.360000000000001e-22,3.17e-15,3.9200000000000006e-15,1.79e-14,9.27e-15,0.17,57973.570289351854
4.89e-15,8.6e-15,1.25e-15,7.240000000000001e-15,7.720000000000001e-15,9.45e-15,0.18,57973.57134259259
2.03e-14,4.04e-15,2.24e-21,1.7e-16,5.92e-15,8.58e-15,0.18,57973.57240740741
8.199999999999999e-23,8.240000000000001e-23,1.5900000000000002e-16,8.16e-15,2.7e-15,9.540000000000001e-15,0.12,57973.57347222222
6.82e-14,6.25e-16,5.829999999999999e-17,9.43e-16,4.64e-15,6.59e-15,0.28,57973.574537037035
8.3e-15,1.64e-14,5.55e-23,2.73e-23,1.7899999999999997e-21,7.05e-15,0.16,57973.575578703705
1.01e-14,5.3e-15,1.82e-22,2.16e-15,6.49e-16,6.72e-15,0.14,57973.57664351852
6.459999999999999e-15,6.9200000000000004e-15,4.470000000000001e-22,4.62e-15,1.6899999999999999e-15,6.9e-15,0.14,57973.57771990741
5.82e-22,1.4300000000000002e-15,1.63e-15,5.89e-15,7.25e-15,6.459999999999999e-15,0.13,57973.57877314815
1.7799999999999998e-22,1.8300000000000002e-16,2.34e-16,1.03e-14,1.24e-15,6.42e-15,0.12,57973.57983796296
5.78e-23,7.429999999999999e-16,1.28e-15,1.06e-14,2.2399999999999997e-15,5.979999999999999e-15,0.12,57973.58090277778
1.3e-21,6.39e-22,5.72e-19,6.940000000000001e-15,6.74e-16,5.78e-15,0.1,57973.581967592596
7.77e-15,8.190000000000001e-17,1.64e-16,1.54e-15,6.31e-15,4.9100000000000005e-15,0.12,57973.58300925926
9.629999999999999e-15,8.78e-15,4.9700000000000007e-23,3.06e-15,5.849999999999999e-16,7.0900000000000004e-15,0.15,57973.584074074075
1.19e-22,8.68e-21,8.800000000000001e-23,5.16e-16,8.83e-15,7.07e-15,0.11,57973.58513888889
2e-15,9.140000000000001e-15,4.7099999999999995e-24,2.32e-15,1.0599999999999999e-15,9.1e-15,0.13,57973.58642361111
5.75e-23,7.92e-16,7.78e-22,4.23e-15,2.28e-15,7.3e-15,0.1,57973.58758101852
8.74e-22,5.83e-22,3.11e-19,3.2299999999999996e-15,1.17e-14,4.86e-15,0.12,57973.58880787037
7.46e-22,7.1e-21,4.359999999999999e-22,6.1799999999999994e-15,4.1399999999999997e-16,6.3e-15,0.09,57973.58987268519
6.62e-23,1.63e-15,1.38e-22,4.1e-15,5.54e-15,6.940000000000001e-15,0.12,57973.5909375
4.06e-22,1.1599999999999999e-21,2.16e-20,3.8299999999999995e-17,1.16e-14,5.64e-15,0.11,57973.592002314814
2.4200000000000003e-22,2.52e-15,1.27e-21,3.5100000000000002e-15,2.3899999999999998e-15,7.85e-15,0.11,57973.59306712963
4.3e-23,1.0199999999999999e-21,1.59e-24,3.17e-17,1.12e-14,9.7e-15,0.13,57973.59412037037
1.13e-22,9.92e-23,5.5e-22,6.509999999999999e-17,4.77e-14,1.32e-14,0.24,57973.595185185186
1.98e-21,2.5e-15,2.11e-23,4.09e-15,8.130000000000001e-16,7.98e-15,0.1,57973.59625
2.35e-22,1.18e-15,8.100000000000001e-21,2.44e-15,2.75e-16,8.53e-15,0.09,57973.59731481481
2.23e-21,6.56e-19,5.41e-22,1.6600000000000002e-15,2.3799999999999997e-16,9.429999999999999e-15,0.09,57973.59836805556
7.68e-23,5.71e-18,3.4e-22,1.78e-15,2.23e-15,9.92e-15,0.1,57973.5994212963
4.08e-22,6.43e-16,1.25e-17,4.45e-15,1.75e-15,7.85e-15,0.1,57973.600497685184
1.2e-21,2.46e-18,6.69e-23,4.809999999999999e-16,9.1e-15,7.85e-15,0.11,57973.60155092592
1.12e-21,1.09e-23,1.6999999999999999e-19,1.29e-15,2.07e-14,8.209999999999999e-15,0.16,57973.60261574074
3.75e-23,2.6e-22,2.1799999999999997e-22,6.93e-17,2.84e-14,1.08e-14,0.18,57973.60366898148
3.9999999999999997e-22,5.51e-22,9.09e-16,7.969999999999999e-16,2.48e-14,1.08e-14,0.18,57973.604733796295
1.07e-23,4.16e-22,2.5699999999999996e-20,6.530000000000001e-16,2.81e-14,9.829999999999999e-15,0.18,57973.605787037035
2.3199999999999998e-21,1.13e-22,2.2800000000000002e-21,2.32e-18,7.240000000000001e-15,7.53e-15,0.1,57973.60685185185
8.82e-22,1.2e-22,5.6499999999999995e-21,2.2e-17,1.13e-14,9.13e-15,0.12,57973.60791666667
1.8800000000000003e-23,3.8700000000000004e-22,3.9e-22,1.92e-19,1.38e-14,9.06e-15,0.13,57973.60896990741
1.48e-22,7.02e-23,7.46e-22,4.96e-17,4.21e-14,1.52e-14,0.23,57973.610034722224
5.41e-22,1.5699999999999999e-21,8.11e-23,9.06e-17,4.88e-15,9.359999999999999e-15,0.1,57973.61109953704
