masspro_half,masspro_1,masspro_2,masspro_4,masspro_8,masspro_16,masspro,mjd
4.4e-15,9.96e-15,5.4200000000000005e-15,2.73e-15,1.6600000000000001e-21,7.370000000000001e-15,0.15,57990.25179398148
7.919999999999999e-20,1.36e-14,8.98e-23,1.6299999999999999e-16,1.28e-16,7.83e-15,0.13,57990.2528125
3.2799999999999998e-22,3.84e-15,1.3300000000000001e-15,8.77e-15,7.9800000000000005e-16,7.7e-15,0.13,57990.253842592596
2.76e-14,1.79e-15,3.9399999999999997e-17,3.0199999999999998e-15,8.869999999999999e-16,7.96e-15,0.19,57990.25488425926
1.26e-14,1.3e-15,8.43e-15,4.15e-15,1.5500000000000001e-21,8.190000000000001e-15,0.17,57990.25591435185
1.85e-14,5.73e-15,6.459999999999999e-15,4.7e-15,7.56e-22,7.859999999999999e-15,0.19,57990.256944444445
1.61e-14,3.55e-15,1.1e-14,9.81e-15,5.7e-16,8.43e-15,0.21,57990.25798611111
1.88e-15,1.71e-14,3.79e-16,9.11e-15,3.76e-15,7.35e-15,0.18,57990.25900462963
9.009999999999999e-23,2.55e-23,1.6199999999999999e-19,6.39e-15,5.18e-17,6.7e-15,0.09,57990.260046296295
5.31e-15,7.85e-15,1.21e-15,6.51e-15,2.89e-15,5.6299999999999996e-15,0.15,57990.26107638889
7.61e-15,9.49e-15,3.41e-16,4.35e-15,6.5e-15,4.9e-15,0.16,57990.26210648148
1.81e-14,4.1e-15,9.2e-15,6.659999999999999e-15,1.14e-15,6.85e-15,0.2,57990.26314814815
3.3e-16,1.67e-16,5.9399999999999995e-15,9.66e-15,6.389999999999999e-16,5.92e-15,0.13,57990.26590277778
2.21e-23,4.29e-16,1.72e-15,1.08e-14,2.1399999999999997e-15,5.7e-15,0.12,57990.26694444445
1.55e-14,3.75e-15,1.1e-14,1.35e-14,1.37e-16,6.45e-15,0.21,57990.26797453704
1.1e-21,1.0600000000000001e-16,1.79e-15,1.49e-14,2.35e-15,6.19e-15,0.14,57990.26899305556
2.39e-16,3.31e-15,1.22e-14,1.62e-14,7.1e-16,5.68e-15,0.18,57990.27003472222
2.16e-21,1.29e-15,3.0199999999999998e-15,2.21e-14,1.6500000000000001e-25,5.07e-15,0.16,57990.27106481481
1.1400000000000002e-22,3.77e-15,1.63e-14,6.07e-14,8.88e-22,4.4700000000000005e-15,0.29,57990.27210648148
3.64e-22,1.59e-15,4.01e-15,3.59e-14,5.93e-16,4.870000000000001e-15,0.2,57990.27313657408
2.65e-26,8.37e-15,4.07e-14,3.81e-14,2.45e-17,5.77e-15,0.3,57990.27416666667
1.59e-15,3.6e-15,3.34e-14,3.79e-14,5.9e-16,6.67e-15,0.28,57990.27520833333
1.33e-14,9.27e-15,2.82e-14,5.24e-14,1.5800000000000001e-21,8.45e-15,0.34,57990.276238425926
4.5799999999999995e-23,1.23e-15,5.84e-14,4.83e-14,7.75e-15,5.16e-15,0.36,57990.27726851852
2.9299999999999997e-17,8.1e-15,2.7e-14,3.33e-14,1.5699999999999999e-21,6.51e-15,0.27,57990.27831018518
4.41e-21,6.69e-16,4.31e-14,6.75e-14,4.04e-15,4.0600000000000005e-15,0.35,57990.279340277775
2.5600000000000003e-22,4.1399999999999997e-16,7.08e-14,8.41e-14,1.7300000000000001e-15,5.57e-15,0.42,57990.280381944445
1.07e-23,5.949999999999999e-17,4.21e-14,5.44e-14,2.69e-15,5.25e-15,0.33,57990.28141203704
2.2100000000000003e-21,6.14e-14,1.36e-13,1.1199999999999999e-13,3.3100000000000003e-22,5.71e-15,0.63,57990.28244212963
4.76e-22,4.5799999999999995e-15,3.83e-14,5.74e-14,1.42e-21,5.87e-15,0.33,57990.283483796295
1.6600000000000001e-21,1.34e-15,3.7e-14,5.42e-14,1.9999999999999999e-22,4.7e-15,0.31,57990.284525462965
3.13e-22,1.9300000000000002e-15,3.51e-14,4.5e-14,9.15e-22,4.64e-15,0.29,57990.28556712963
1.38e-22,3.95e-15,4.31e-14,4.72e-14,5.32e-22,4.6700000000000005e-15,0.32,57990.28659722222
2.4399999999999997e-22,4.61e-22,1.41e-14,7.43e-14,2.2200000000000002e-21,7.35e-15,0.31,57990.29246527778
7.9e-24,1.79e-22,5.54e-14,1.2799999999999998e-13,1.05e-23,5.5299999999999995e-15,0.47,57990.29350694444
5.83e-23,2.25e-22,7.19e-15,7.35e-14,1.0699999999999998e-15,6.43e-15,0.3,57990.29454861111
8.890000000000001e-23,3.2200000000000004e-23,6.32e-14,9.97e-14,1.05e-23,4.7799999999999996e-15,0.44,57990.295578703706
5.01e-24,3.5399999999999998e-22,3.74e-15,5.27e-14,1.5900000000000002e-16,7.009999999999999e-15,0.24,57990.296631944446
2.3e-21,9.4e-23,9.429999999999999e-15,6.08e-14,3.21e-15,9.38e-15,0.29,57990.29766203704
1.57e-23,2.95e-22,4.93e-15,5.35e-14,2.6100000000000002e-15,6e-15,0.25,57990.29871527778
1.29e-21,1.47e-21,1.44e-14,4.62e-14,2.82e-15,6.41e-15,0.26,57990.299733796295
1.4100000000000002e-23,1.78e-21,6.69e-15,4.18e-14,2.2e-15,5.9e-15,0.23,57990.300775462965
1.1900000000000001e-23,1.29e-21,1.43e-14,4.99e-14,1.95e-15,7.91e-15,0.27,57990.30181712963
1.73e-22,7.98e-22,7.83e-15,4.71e-14,3.84e-15,7.69e-15,0.25,57990.30287037037
2.24e-21,1.9000000000000003e-21,8.77e-15,6.87e-14,2.43e-16,8.190000000000001e-15,0.29,57990.30390046296
1.1599999999999999e-21,4.66e-23,3.31e-16,4.31e-14,5.46e-15,1.02e-14,0.23,57990.30494212963
1.1e-21,8.189999999999999e-22,2.19e-14,5.94e-14,3.69e-16,1e-14,0.3,57990.305983796294
2.3699999999999998e-23,1.39e-22,4.28e-22,2.07e-15,5.51e-14,9.25e-15,0.25,57990.307025462964
1.62e-21,2.35e-22,1.14e-15,4.13e-14,3.98e-15,1.22e-14,0.23,57990.30806712963
2.75e-22,5.61e-22,2.98e-15,4.56e-14,3.06e-15,8.740000000000001e-15,0.24,57990.3091087963
1.65e-21,1.52e-22,2.15e-15,3.56e-14,2.42e-15,6.34e-15,0.2,57990.31015046296
1.13e-21,2.97e-22,7.34e-15,3.8e-14,2.02e-15,7.259999999999999e-15,0.22,57990.31119212963
1.73e-22,6.24e-24,5.6600000000000005e-15,5.65e-14,3.1899999999999998e-15,7.14e-15,0.26,57990.3122337963
2.09e-21,6.729999999999999e-23,1.49e-14,4.55e-14,1.3800000000000001e-15,6.69e-15,0.25,57990.313263888886
5.0500000000000005e-23,1.38e-22,7.25e-15,4.43e-14,3.8299999999999995e-15,1.23e-14,0.25,57990.314305555556
6.29e-22,3.4e-22,6.26e-15,4.84e-14,1.41e-15,6.32e-15,0.24,57990.315347222226
1.4499999999999998e-21,1.09e-23,4.85e-15,4.67e-14,1.53e-15,6.1e-15,0.23,57990.31638888889
1.7799999999999998e-22,5.7699999999999995e-24,6.230000000000001e-16,2.21e-14,8.64e-15,5.24e-15,0.17,57990.31743055556
1.47e-21,2.2999999999999998e-23,1.16e-14,6.98e-14,1.3800000000000001e-15,5.16e-15,0.3,57990.31847222222
1.3400000000000002e-23,2.2200000000000002e-21,3.09e-14,7.23e-14,3.64e-24,5.11e-15,0.34,57990.31951388889
1.55e-23,1.15e-22,2.6e-15,4.39e-14,2.15e-15,4.26e-15,0.22,57990.320555555554
2.02e-21,1.8700000000000002e-21,8.740000000000001e-15,6.5e-14,6.770000000000001e-22,4.52e-15,0.28,57990.321608796294
2.08e-21,2.15e-22,7e-15,6.25e-14,9.429999999999999e-22,3.91e-15,0.27,57990.32263888889
1.64e-21,4.93e-23,3e-22,3.15e-14,2.08e-15,6.909999999999999e-15,0.19,57990.32369212963
1.0199999999999999e-21,8.27e-23,8.879999999999999e-15,3.07e-14,1.13e-14,7.13e-15,0.23,57990.32472222222
1.4000000000000002e-21,5.82e-23,2.2200000000000003e-20,4.31e-14,4.7e-15,5.99e-15,0.22,57990.32576388889
5.4e-24,1.99e-22,1.7e-20,4.51e-14,3.36e-15,6.559999999999999e-15,0.22,57990.32680555555
4.6800000000000005e-26,3.6600000000000003e-22,9.6e-20,3.75e-14,7.240000000000001e-15,5.35e-15,0.21,57990.3278587963
6.7e-22,5.65e-22,4.1300000000000004e-22,2.76e-14,2.1699999999999998e-15,7.179999999999999e-15,0.18,57990.32890046296
1.88e-21,3.16e-23,3.16e-20,8.93e-15,1.78e-14,4.2e-15,0.16,57990.329930555556
1.38e-22,1.9699999999999998e-21,2.9799999999999996e-20,1.93e-14,9.38e-15,5.14e-15,0.17,57990.330983796295
6.870000000000001e-23,2.38e-22,3.08e-20,1.51e-14,1.07e-14,7.05e-15,0.16,57990.332025462965
1.26e-23,1.1699999999999998e-23,2.3899999999999997e-21,1.49e-14,1.25e-14,6.8599999999999995e-15,0.17,57990.33306712963
2.5699999999999998e-23,1.31e-21,3.45e-21,5.24e-15,1.05e-14,5.28e-15,0.13,57990.3341087963
2.38e-21,4.53e-23,5.0500000000000003e-20,5.28e-15,9.35e-15,4.020000000000001e-15,0.12,57990.33515046296
1.6899999999999998e-21,2.27e-21,2.14e-21,2.05e-15,9.57e-15,4.55e-15,0.11,57990.337233796294
1.3900000000000001e-21,2.2699999999999997e-23,1.67e-20,7.36e-15,5.8e-15,3.66e-15,0.11,57990.338275462964
6.65e-22,7.130000000000001e-22,2.37e-19,1.29e-14,2.8600000000000003e-15,4.03e-15,0.12,57990.33931712963
8.47e-23,1.92e-21,1.18e-16,2.05e-14,8.75e-16,4.43e-15,0.14,57990.34037037037
4.57e-23,1.5e-21,1.6899999999999999e-15,2.6e-14,1.7100000000000002e-15,3.75e-15,0.16,57990.341412037036
6.97e-22,4.7e-23,7.130000000000001e-22,7.76e-15,8.73e-15,3.49e-15,0.12,57990.342453703706
1.1999999999999998e-23,1.82e-22,6.47e-21,5.01e-15,1.34e-14,2.69e-15,0.13,57990.34349537037
1.6800000000000003e-21,2.17e-21,1.7899999999999997e-21,3.44e-16,2.29e-14,3.8200000000000005e-15,0.15,57990.34453703704
6.36e-22,4.49e-23,2.71e-22,3.25e-18,2.17e-14,4.870000000000001e-15,0.14,57990.3455787037
2.4199999999999998e-23,4.72e-22,8.380000000000001e-20,3.15e-15,6.909999999999999e-15,4.09e-15,0.1,57990.350324074076
2.1800000000000003e-21,6.62e-23,8.46e-22,4.16e-15,5.4200000000000005e-15,3.54e-15,0.09,57990.35135416667
8.6e-23,1.8600000000000002e-24,2.2200000000000003e-20,4.9100000000000005e-15,5.6e-15,4.03e-15,0.1,57990.35239583333
1.26e-23,2.38e-21,1.19e-21,4.27e-15,7.19e-15,3.2399999999999998e-15,0.1,57990.3534375
3.5099999999999997e-22,2.81e-22,2.3e-20,3.21e-15,6.21e-15,3.26e-15,0.09,57990.354479166665
2.29e-22,1.82e-22,1.55e-20,4.63e-16,9.08e-15,3.5100000000000002e-15,0.09,57990.355520833335
1.18e-22,4.05e-22,3.35e-22,6.93e-16,9.04e-15,3.4700000000000004e-15,0.09,57990.35659722222
2.4e-21,2.19e-23,5.47e-20,2.47e-15,6.22e-15,4.33e-15,0.09,57990.35763888889
2.0100000000000003e-23,6.440000000000001e-20,9.64e-20,1.23e-15,9.02e-15,3.88e-15,0.1,57990.35868055555
1.8300000000000002e-22,1.35e-23,1.4199999999999997e-19,4.97e-15,7.5e-15,3.36e-15,0.11,57990.35973379629
4.49e-23,1.9600000000000003e-21,5.7799999999999994e-21,1.87e-15,8.95e-15,3.3799999999999997e-15,0.1,57990.36077546296
2.6800000000000003e-23,7.63e-24,1.7799999999999998e-20,1.6600000000000002e-15,5.2e-15,4.03e-15,0.08,57990.3618287037
1.83e-21,9.07e-23,9.6e-21,6.5e-16,6.09e-15,4.27e-15,0.09,57990.36287037037
1.6100000000000001e-21,1.15e-22,1.17e-21,3.51e-16,5.84e-15,5.26e-15,0.09,57990.363912037035
1.3299999999999999e-24,2.74e-22,1.3999999999999998e-20,1.29e-15,5.59e-15,5.41e-15,0.09,57990.364953703705
9.77e-22,2.3900000000000002e-23,7.98e-21,6.3e-15,7.66e-16,6.490000000000001e-15,0.1,57990.36599537037
3e-23,1.19e-21,4.79e-21,1.3e-15,5.87e-15,3.7e-15,0.08,57990.36704861111
1.8199999999999997e-21,1.86e-22,4.8299999999999995e-23,3.3700000000000003e-15,6.8599999999999995e-15,4.15e-15,0.1,57990.368113425924
3.78e-22,1.4099999999999999e-21,3.0899999999999997e-20,2.64e-15,9.429999999999999e-15,4.5700000000000005e-15,0.11,57990.369166666664
1.14e-23,8.440000000000001e-22,1.79e-20,2.68e-15,1.13e-14,6.2e-15,0.12,57990.370208333334
6.52e-22,1.7e-22,3.929999999999999e-21,2.7999999999999996e-16,8.34e-15,5.49e-15,0.1,57990.37125
7.540000000000001e-23,1.19e-21,2.48e-21,3.13e-16,1.73e-14,4.03e-15,0.13,57990.374027777776
1.1499999999999999e-23,6.22e-22,1.06e-20,2.59e-15,2e-14,3.9299999999999996e-15,0.14,57990.37505787037
1.1100000000000001e-21,1.18e-21,4.31e-20,2.1899999999999997e-15,2.02e-14,3.85e-15,0.14,57990.37611111111
1.5800000000000001e-21,8.6e-23,1.06e-20,1.23e-16,1.22e-14,6.13e-15,0.12,57990.377175925925
2.17e-21,2.96e-22,1.04e-21,2.15e-15,1.21e-14,4.7799999999999996e-15,0.12,57990.378217592595
4.9e-22,8.75e-23,6.5000000000000006e-21,3.4600000000000002e-15,1.41e-14,4.63e-15,0.13,57990.37925925926
5.97e-22,8.24e-16,1.45e-15,9.09e-15,2.7e-15,8.2e-15,0.13,57990.3849537037
2.49e-22,5.75e-15,4.64e-15,1.09e-14,8.169999999999999e-18,9.66e-15,0.16,57990.38601851852
1.31e-21,1.5699999999999999e-21,1.39e-19,1.65e-14,1.97e-16,1.02e-14,0.14,57990.38706018519
3.5199999999999996e-24,3.58e-15,3.03e-15,1.32e-14,5.25e-16,1.1e-14,0.16,57990.38810185185
1.26e-14,1.43e-14,1.41e-15,1.32e-14,3.13e-15,1.18e-14,0.23,57990.389131944445
3.75e-23,4.22e-15,4.54e-15,2.2e-14,1.02e-14,6.26e-15,0.2,57990.390185185184
2.52e-23,7.700000000000001e-17,5.570000000000001e-17,2.68e-14,9.04e-15,8.870000000000001e-15,0.2,57990.391238425924
2.52e-22,1.13e-15,3.68e-15,2.52e-14,6.0799999999999994e-15,8.78e-15,0.2,57990.392280092594
1.1200000000000001e-22,1.92e-15,1.44e-20,1.64e-14,1.99e-15,7.440000000000001e-15,0.15,57990.39332175926
4e-15,9.49e-15,1.09e-15,9.359999999999999e-15,4.46e-15,6.82e-15,0.17,57990.394375
1.83e-23,2.1899999999999997e-15,8.95e-24,1.06e-14,3.75e-17,8.91e-15,0.13,57990.39542824074
2.1100000000000002e-22,3.71e-22,1.0100000000000001e-19,2.03e-14,3.8700000000000003e-16,7.45e-15,0.15,57990.396469907406
5.550000000000001e-21,8.689999999999999e-16,2.48e-15,1.65e-14,1.46e-15,8.390000000000001e-15,0.15,57990.397511574076
1.44e-23,6.17e-16,1.29e-14,1.66e-14,4.82e-15,6.71e-15,0.19,57990.398564814815
4.5799999999999994e-17,6.67e-15,4.8e-15,2.26e-14,2.37e-15,9.11e-15,0.2,57990.39960648148
4.55e-14,3.0199999999999996e-17,2.81e-16,4.6e-15,8.129999999999999e-15,4.74e-15,0.24,57990.400659722225
6.53e-23,4.2199999999999995e-16,2.8300000000000002e-15,1.15e-14,2.52e-15,8.53e-15,0.14,57990.40170138889
4.9100000000000005e-15,4.7799999999999996e-15,1.29e-16,6.3799999999999995e-15,5.16e-15,7.25e-15,0.15,57990.40275462963
2.1800000000000003e-21,2.59e-18,1.5900000000000002e-16,1.01e-14,4.5799999999999995e-15,6.5e-15,0.13,57990.40380787037
4.74e-15,4.71e-21,1.15e-16,9.45e-15,9.89e-16,8.1e-15,0.13,57990.40487268518
1.42e-21,3.56e-16,3.49e-15,2.64e-15,8.83e-17,8.37e-15,0.1,57990.40591435185
3.69e-22,9.019999999999999e-16,5.57e-15,3.8200000000000005e-15,6.900000000000001e-16,7.8e-15,0.12,57990.406956018516
4.67e-17,1.5e-14,1.0000000000000001e-21,2.87e-15,2.51e-15,6.22e-15,0.14,57990.408009259256
9.98e-22,1.8199999999999997e-21,5.71e-19,1.49e-14,2.46e-16,5.99e-15,0.13,57990.4090625
2.2699999999999997e-23,1.28e-14,1.7699999999999999e-22,7.549999999999999e-16,7.399999999999999e-18,8.98e-15,0.13,57990.41011574074
9.95e-22,1.57e-16,4.4299999999999995e-16,1.31e-14,1.22e-15,5.07e-15,0.12,57990.411157407405
4.18e-20,1.11e-14,5.03e-23,2.4699999999999997e-23,9.840000000000001e-17,6.05e-15,0.11,57990.412199074075
7.869999999999999e-22,4.45e-15,1.58e-15,6.99e-15,9.279999999999999e-16,6.26e-15,0.12,57990.41324074074
1.15e-21,8.42e-16,1.3999999999999998e-16,6.9599999999999995e-15,2.8e-15,6.11e-15,0.11,57990.414293981485
9.97e-16,2.29e-14,2.87e-22,1.71e-16,3.03e-16,7.08e-15,0.16,57990.415347222224
5.12e-15,1.99e-14,1.49e-22,2.1e-15,1.31e-15,7.2e-15,0.17,57990.416400462964
2.98e-24,2.0699999999999997e-21,7.390000000000001e-21,6.55e-15,1.44e-17,9.420000000000001e-15,0.11,57990.41746527778
1.7899999999999997e-21,1.56e-16,1.95e-15,1.11e-14,9.56e-16,1.05e-14,0.14,57990.41850694444
2.11e-14,1.53e-17,5.1499999999999996e-18,8.009999999999999e-15,9.68e-16,8.390000000000001e-15,0.18,57990.41956018518
4.55e-15,1.71e-14,9.009999999999999e-23,2.06e-15,1.03e-16,7.57e-15,0.16,57990.42060185185
1.95e-23,5.21e-22,2.42e-19,5.73e-15,1.05e-17,7.91e-15,0.1,57990.421643518515
2.2e-21,7.920000000000001e-15,2.49e-19,4.22e-15,1.68e-16,7.42e-15,0.12,57990.42269675926
1.32e-22,1.2099999999999998e-21,1.54e-20,8.85e-15,2.0699999999999999e-16,1.06e-14,0.12,57990.42375
1.31e-21,2.4399999999999997e-22,1.55e-20,6.69e-15,1.8600000000000003e-17,1.26e-14,0.12,57990.42481481482
8.45e-23,2.1e-15,2.17e-22,3.54e-15,8.16e-17,1.44e-14,0.12,57990.42585648148
1.5700000000000001e-24,1.3e-15,1.4499999999999998e-21,1.77e-21,1.58e-23,1.55e-14,0.11,57990.42690972222
1.34e-14,5.89e-15,3.9e-15,7.16e-15,2.85e-22,1.25e-14,0.19,57990.42795138889
1.38e-14,1.37e-14,8.02e-15,5.83e-15,1.5099999999999998e-23,1.11e-14,0.22,57990.42899305555
3.01e-20,1.94e-14,3.37e-22,1.6e-22,1.8e-21,8.66e-15,0.15,57990.43111111111
4.75e-19,1.22e-14,4.94e-22,3.83e-22,1.26e-21,1e-14,0.13,57990.43215277778
2.0100000000000003e-23,4.27e-15,2.1799999999999997e-22,1.2800000000000001e-22,9.86e-22,9.340000000000001e-15,0.1,57990.43319444444
4.750000000000001e-22,1.1199999999999999e-15,4.17e-15,9.32e-15,6.68e-16,6.1399999999999996e-15,0.13,57990.43424768518
5.769999999999999e-16,6.6e-15,1.3e-14,3.2200000000000004e-23,1.8100000000000002e-21,6.22e-15,0.14,57990.43530092593
2.3999999999999997e-23,5.7600000000000005e-15,7.23e-15,8.58e-15,2.6499999999999997e-16,8.75e-15,0.16,57990.43634259259
1.11e-14,6.09e-15,1.29e-14,1.12e-14,7.25e-22,7.96e-15,0.21,57990.43738425926
1.7600000000000002e-15,4.84e-15,1.38e-14,3.06e-15,1.6299999999999999e-16,6.09e-15,0.15,57990.438425925924
6.86e-16,8.35e-15,5e-15,6.43e-16,8.36e-22,6.570000000000001e-15,0.13,57990.439479166664
1.73e-23,3.0800000000000003e-16,2.8000000000000005e-17,8.73e-15,5.78e-17,7.45e-15,0.11,57990.44053240741
1.74e-21,1.81e-14,1.35e-14,5.5299999999999995e-15,2.1e-16,7.88e-15,0.2,57990.44157407407
7.259999999999999e-15,1.67e-14,6.69e-15,1.05e-14,4.8e-15,6.8599999999999995e-15,0.22,57990.44262731481
1.17e-22,5.54e-16,3.0699999999999998e-15,1.74e-14,2.96e-15,6.470000000000001e-15,0.16,57990.44368055555
1.75e-14,1.46e-14,1.22e-15,3.18e-15,5.26e-15,6.62e-15,0.21,57990.44472222222
5.37e-14,3.1099999999999998e-16,4.97e-15,6.97e-15,1.65e-16,7.459999999999999e-15,0.26,57990.44577546296
7.42e-15,6.32e-17,1.6999999999999999e-19,9.23e-15,2.0600000000000002e-23,8.11e-15,0.14,57990.4468287037
1.44e-22,4.03e-15,6.3799999999999995e-15,7.729999999999999e-15,6.51e-23,8.559999999999999e-15,0.14,57990.44788194444
7.62e-14,7.440000000000001e-15,4.33e-16,3.45e-15,1.6800000000000003e-21,7.990000000000001e-15,0.31,57990.44893518519
1.23e-14,4.12e-16,1.13e-15,7.52e-15,8.339999999999999e-16,6.81e-15,0.15,57990.45
1.6600000000000001e-21,6.559999999999999e-15,9.43e-21,1.04e-14,7.08e-16,9.24e-15,0.14,57990.45107638889
1.5399999999999999e-21,5.25e-16,4.58e-18,7.16e-15,2.32e-15,1.3e-14,0.13,57990.45212962963
2.57e-14,1.28e-15,1.84e-21,3.3299999999999997e-15,3.2e-17,1.05e-14,0.19,57990.45318287037
1.27e-21,1.89e-22,8.83e-21,1.51e-14,1.46e-15,1.47e-14,0.16,57990.45422453704
8.379999999999999e-22,4.2800000000000006e-20,9.650000000000001e-22,1.15e-14,4.929999999999999e-16,1.29e-14,0.14,57990.45527777778
1.85e-14,1.21e-14,1.08e-24,3.77e-15,6.089999999999999e-16,1.16e-14,0.2,57990.45633101852
6.9599999999999995e-15,4.29e-15,1.72e-15,4.18e-15,4.73e-16,1.05e-14,0.15,57990.45737268519
2.87e-14,6.53e-15,3.87e-15,2.63e-15,3.02e-22,1.09e-14,0.22,57990.45842592593
1.13e-14,1.01e-14,1.2199999999999999e-22,2.63e-15,3.02e-22,1.09e-14,0.17,57990.45947916667
1.13e-14,1.01e-14,1.2199999999999999e-22,4.26e-15,1.7100000000000003e-21,1.08e-14,0.17,57990.45947916667
5.42e-22,7.13e-17,1.41e-15,9.24e-15,7.309999999999999e-16,1.32e-14,0.14,57990.46157407408
1.43e-22,7.700000000000001e-22,3.7e-20,1.48e-14,7.12e-17,1.55e-14,0.16,57990.46262731482
2.0999999999999998e-22,1.47e-16,8.94e-17,8.670000000000001e-15,4.0600000000000005e-15,1.1e-14,0.14,57990.46368055556
2.6199999999999998e-23,1.18e-14,5.01e-17,5.64e-15,6.69e-16,1.52e-14,0.16,57990.46472222222
2.08e-21,1.4300000000000002e-21,5.49e-20,2.45e-15,1.58e-14,1.27e-14,0.16,57990.465787037036
2.91e-23,1.73e-16,2.16e-16,1.02e-14,4.74e-15,8.52e-15,0.13,57990.46717592593
6.21e-15,5.46e-15,2.53e-18,1.01e-14,6.31e-15,8.29e-15,0.17,57990.46821759259
1.22e-14,2.58e-16,2.57e-15,8.740000000000001e-15,5.3299999999999994e-15,1e-14,0.18,57990.469293981485
1.06e-21,7.93e-18,3.7200000000000005e-15,1.02e-14,3.01e-15,1.1e-14,0.15,57990.47033564815
1.15e-16,1.5e-14,5.97e-15,4.94e-15,6.21e-16,8.8e-15,0.17,57990.47137731482
3.06e-16,6.1600000000000005e-16,2.36e-16,1.45e-14,4.379999999999999e-15,9.04e-15,0.15,57990.47243055556
2.9399999999999998e-24,1.14e-15,3.7999999999999996e-16,1.04e-14,7.19e-16,8.590000000000001e-15,0.13,57990.4734837963
7.42e-15,1.09e-15,5.190000000000001e-16,9.359999999999999e-15,1.8600000000000002e-15,5.84e-15,0.14,57990.47453703704
1.49e-14,2.96e-24,3.23e-19,7.07e-15,1.49e-15,5.79e-15,0.15,57990.475590277776
6.92e-22,2.7e-17,2.75e-15,4.4700000000000005e-15,5.02e-16,8.82e-15,0.11,57990.47769675926
1.22e-14,2.87e-15,1.04e-15,1.01e-14,1.0100000000000001e-22,9.59e-15,0.17,57990.47876157407
4.58e-14,2e-15,6.03e-15,6.39e-15,9.369999999999998e-16,7.640000000000001e-15,0.25,57990.47981481482
1.49e-22,5.94e-18,8.64e-16,7.38e-15,7.340000000000001e-23,6.63e-15,0.1,57990.48086805556
6.929999999999999e-22,2.9700000000000004e-16,1.5e-15,8.679999999999999e-15,1.79e-15,5.68e-15,0.11,57990.4819212963
1.89e-14,2.08e-15,5.23e-16,7.43e-15,4.42e-16,5.69e-15,0.17,57990.48297453704
2.2e-15,3.2399999999999998e-15,1.09e-15,7.5e-15,1.49e-22,7.05e-15,0.12,57990.48509259259
1.49e-14,6.640000000000001e-15,3.2700000000000003e-15,9.59e-15,1.03e-15,6.1700000000000005e-15,0.19,57990.48615740741
1.3e-14,1.3800000000000001e-15,6.86e-16,8.43e-15,6.069999999999999e-17,6.79e-15,0.16,57990.487222222226
5.42e-14,1.48e-14,3.65e-15,7.51e-15,3.9200000000000006e-15,5.35e-15,0.3,57990.48826388889
1.77e-14,8.05e-15,2.35e-15,9.77e-15,2.74e-15,5.59e-15,0.2,57990.48931712963
5.59e-14,6.24e-15,1.7300000000000001e-15,5.18e-15,1.9100000000000003e-15,7.2e-15,0.27,57990.49037037037
2.32e-14,1.18e-14,5.17e-15,1.07e-14,4.26e-15,5.93e-15,0.24,57990.491435185184
1.4e-14,5.39e-15,3.21e-20,1.29e-14,1.5e-16,8.190000000000001e-15,0.19,57990.49354166666
2.63e-22,2.29e-16,1.04e-14,1.93e-14,2.75e-15,6.2e-15,0.18,57990.49459490741
1.1e-22,1.8e-15,1.3e-14,1.85e-14,7.179999999999999e-16,6.41e-15,0.18,57990.49564814815
8.39e-16,2.79e-15,1.37e-14,2.12e-14,5.25e-16,6.34e-15,0.2,57990.49668981481
1.78e-14,9.95e-17,1.39e-14,2.75e-14,6.3e-16,7.16e-15,0.25,57990.49775462963
2.79e-14,7.720000000000001e-15,5.53e-16,1.59e-14,3.85e-15,1e-14,0.25,57990.49984953704
3.67e-14,2.45e-15,4.41e-16,1.7e-14,6.470000000000001e-15,1.06e-14,0.26,57990.500914351855
5.11e-14,9.629999999999999e-15,1.59e-15,1.18e-14,1.09e-14,9.98e-15,0.31,57990.501967592594
1.6299999999999999e-13,1.31e-14,1.83e-15,1.73e-14,7.75e-16,9.18e-15,0.49,57990.50304398148
1.6399999999999998e-13,2.25e-14,2.82e-14,5.0899999999999995e-15,1.88e-16,7.98e-15,0.52,57990.50409722222
3.4700000000000004e-13,9.95e-14,2.11e-14,7.8e-15,3.01e-22,5.99e-15,0.82,57990.50748842592
5.73e-14,1.04e-13,1.89e-14,1.79e-15,1.58e-15,6.8599999999999995e-15,0.47,57990.50854166667
1.59e-13,2.55e-14,1.51e-14,1.16e-14,3.3799999999999997e-16,6.68e-15,0.51,57990.50959490741
9.48e-14,2.23e-14,1.42e-14,8.63e-15,4.77e-16,5.7600000000000005e-15,0.4,57990.51064814815
1.36e-13,1.09e-14,7.5e-15,7.91e-15,2.6499999999999997e-16,5.67e-15,0.44,57990.51170138889
9.93e-14,2.03e-14,1.35e-14,6.7e-15,3.35e-16,6.829999999999999e-15,0.4,57990.51275462963
1.6800000000000002e-13,2.94e-14,2.1399999999999997e-15,8.75e-15,6.7e-15,8.78e-15,0.52,57990.513819444444
1.21e-13,5e-14,1.72e-14,6.61e-15,3.75e-15,9.53e-15,0.5,57990.51488425926
2.54e-14,1.01e-13,1.25e-15,2.09e-15,1.37e-14,5.4299999999999995e-15,0.41,57990.5159375
5.5e-14,2.81e-14,3.88e-17,1.71e-14,1.1099999999999999e-15,6.71e-15,0.33,57990.51697916666
1.5e-13,1.02e-14,5.2e-15,2.35e-14,5.29e-24,7.0599999999999995e-15,0.48,57990.518055555556
9.55e-14,1.42e-14,1.8e-14,8.92e-15,2.8700000000000003e-16,7.729999999999999e-15,0.4,57990.51909722222
8.1e-15,8.72e-14,1.04e-16,2.09e-14,2.07e-15,5.57e-15,0.36,57990.520162037035
1.47e-13,1.44e-14,1.46e-14,7.12e-15,3.1699999999999997e-16,6.3700000000000006e-15,0.47,57990.521215277775
1.21e-13,5.45e-14,1.4e-14,2.87e-14,2.57e-15,5.4200000000000005e-15,0.52,57990.52228009259
4.5e-14,2.32e-14,1.92e-14,1.51e-14,5.01e-16,6.63e-15,0.34,57990.52334490741
7.28e-14,1.44e-14,1.88e-14,1.16e-14,4.81e-22,6.8e-15,0.36,57990.52439814815
9.65e-14,3.66e-14,7.95e-16,2.21e-14,2.4399999999999996e-23,7.53e-15,0.43,57990.52545138889
8.81e-14,2.14e-14,6.11e-15,3.07e-14,2.5600000000000003e-22,7.040000000000001e-15,0.41,57990.526504629626
1.23e-15,1.01e-13,2.43e-15,1.69e-14,3.5200000000000004e-15,7.040000000000001e-15,0.38,57990.52756944444
1.59e-13,1.72e-14,1.53e-14,1.12e-14,1.82e-16,6.34e-15,0.5,57990.52863425926
1.6399999999999998e-13,1.71e-14,1.21e-14,5.97e-15,3.98e-22,7.07e-15,0.49,57990.529699074075
1.4099999999999998e-13,1.71e-14,3.88e-15,8.66e-15,3.18e-23,5.95e-15,0.45,57990.530752314815
3.69e-14,9.73e-14,3.25e-15,3.03e-15,3.2e-16,6.909999999999999e-15,0.4,57990.531805555554
1.7800000000000002e-13,2.23e-14,6.05e-15,7.0900000000000004e-15,1.37e-22,6.45e-15,0.51,57990.53287037037
1.8600000000000002e-13,1.46e-14,1.95e-14,1.11e-14,3.85e-16,6.09e-15,0.54,57990.53392361111
1.13e-13,2.13e-14,2.08e-14,1.17e-14,9.44e-22,7.77e-15,0.45,57990.53497685185
9.44e-14,1.64e-14,2.84e-14,7.809999999999999e-15,2.64e-16,5.83e-15,0.41,57990.536041666666
1.2700000000000001e-13,1.36e-13,2.6e-14,2.6100000000000002e-15,8.47e-15,4.33e-15,0.62,57990.537094907406
1.1199999999999999e-13,1.36e-13,2.6e-14,2.6100000000000002e-15,8.47e-15,4.33e-15,0.55,57990.53818287037
1.1199999999999999e-13,1.1100000000000001e-13,1.31e-14,2.53e-15,1.1199999999999999e-15,5.49e-15,0.55,57990.53818287037
2.8199999999999996e-13,2.57e-14,3.67e-15,8.93e-15,2.0300000000000002e-21,5.82e-15,0.65,57990.539247685185
1.3900000000000001e-13,4.25e-14,1.17e-14,7.990000000000001e-15,1.6800000000000003e-21,5.49e-15,0.49,57990.540300925924
1.6399999999999998e-13,1.53e-13,3.03e-23,3.87e-18,1.74e-21,7.34e-15,0.65,57990.54136574074
2.4299999999999997e-13,1.83e-13,4.55e-14,9.07e-16,2.06e-15,6.3e-15,0.82,57990.54241898148
3.96e-13,7.49e-14,1.53e-14,3.3e-14,1.26e-21,5.12e-15,0.86,57990.54347222222
5.01e-13,6.58e-14,3.72e-14,1.52e-14,9.880000000000001e-24,4.9e-15,0.96,57990.54454861111
1.67e-13,1.22e-13,4.84e-14,5.69e-17,8.17e-16,5.86e-15,0.67,57990.54561342593
1.34e-13,3.28e-14,2.9e-14,1.17e-14,5.03e-16,7.89e-15,0.51,57990.54773148148
1.02e-14,1.01e-13,1.6399999999999998e-15,8.380000000000001e-16,1.12e-14,9.41e-15,0.38,57990.548784722225
1.8100000000000004e-13,4.22e-14,1.11e-14,8.32e-15,8.410000000000001e-22,6.73e-15,0.55,57990.549837962964
7.49e-14,1.2e-13,8.519999999999999e-16,1.46e-14,5.28e-15,1.1e-14,0.52,57990.55090277778
1.29e-13,9.46e-14,3.7200000000000003e-16,5.7600000000000005e-15,1.93e-14,1e-14,0.57,57990.55195601852
3.36e-14,1.45e-13,3.68e-16,3.5e-16,5.05e-15,7.58e-15,0.47,57990.553032407406
1.31e-13,6.37e-14,2.9e-14,9.23e-16,3.24e-22,7.35e-15,0.53,57990.554085648146
9.36e-14,9.39e-14,2.65e-23,1.1899999999999999e-16,3.75e-16,7.05e-15,0.48,57990.55619212963
3.08e-15,9.39e-14,2.65e-23,1.1899999999999999e-16,3.75e-16,7.05e-15,0.37,57990.55725694444
9.13e-14,1.8e-14,9.620000000000001e-15,7.77e-15,1.29e-16,5.64e-15,0.38,57990.55832175926
1.6e-13,3.49e-14,3.74e-15,8.759999999999999e-15,1.9399999999999998e-21,5.68e-15,0.5,57990.559386574074
3.0800000000000003e-16,1.1100000000000001e-13,6.41e-15,9.97e-18,2.6699999999999997e-22,6.51e-15,0.36,57990.56045138889
2.29e-14,9.33e-14,6.88e-15,2.64e-15,2.64e-15,6.89e-15,0.38,57990.56150462963
5.07e-14,1.34e-13,7.08e-16,1.8e-15,6.72e-15,7.79e-15,0.49,57990.56259259259
6.68e-14,1.5399999999999997e-13,3.16e-15,2.5e-15,9.24e-18,8.4e-15,0.53,57990.56364583333
1.35e-13,6.77e-14,1.81e-14,2.47e-15,8.2e-22,5.86e-15,0.53,57990.56471064815
5.12e-14,8.25e-14,1.49e-14,3.68e-16,2.48e-16,5.9e-15,0.42,57990.565775462965
1.98e-13,6.45e-15,8.759999999999999e-15,6.58e-15,1.49e-16,6.89e-15,0.52,57990.566828703704
1.76e-13,2.25e-14,1.4300000000000002e-15,8.77e-15,8.06e-23,8.65e-15,0.51,57990.56789351852
1.36e-13,1.21e-14,1.04e-14,1.07e-14,4.72e-16,7.290000000000001e-15,0.45,57990.56895833334
3.27e-13,3.9e-14,1.85e-15,1.68e-14,1.8e-15,5.8e-15,0.73,57990.570023148146
1.53e-13,1.04e-14,5.15e-15,2.5e-14,4.31e-15,6.21e-15,0.49,57990.57108796296
2.12e-13,3.39e-14,2.59e-18,1e-14,3.21e-15,5.37e-15,0.57,57990.5721412037
1.17e-13,1.14e-14,1.02e-14,1.35e-14,5.04e-15,7.33e-15,0.43,57990.57320601852
1.32e-14,4.98e-14,4.96e-16,1.51e-14,8.609999999999999e-15,7.259999999999999e-15,0.31,57990.574270833335
4.27e-14,5.35e-14,9.96e-17,8.37e-15,3.16e-15,1.07e-14,0.35,57990.57533564815
6.39e-14,2.82e-14,4.2200000000000007e-17,1.23e-14,5.6200000000000006e-15,1.29e-14,0.36,57990.577465277776
1.1199999999999999e-13,7.25e-15,1.87e-15,2.76e-14,5.36e-16,1.63e-14,0.43,57990.578518518516
1.0699999999999999e-13,5.36e-16,2.0300000000000002e-15,2.64e-14,2.56e-15,1.34e-14,0.41,57990.57960648148
5.87e-23,2.96e-14,5.26e-16,1.62e-14,6.2e-15,1.42e-14,0.25,57990.580671296295
1.1900000000000002e-13,3.04e-14,2.3e-16,1.38e-14,1.9300000000000002e-15,1.18e-14,0.45,57990.58173611111
4.48e-14,1.04e-14,3.76e-16,1.43e-14,6.78e-15,1.39e-14,0.3,57990.58280092593
7.19e-22,7.23e-14,4.530000000000001e-16,1.51e-14,1.53e-14,1.27e-14,0.35,57990.58385416667
1.44e-14,7.96e-14,3.8200000000000003e-17,3.2e-16,2.12e-14,1.4e-14,0.37,57990.58493055555
1.45e-13,1.41e-14,2.04e-15,1.37e-14,1.26e-15,1.36e-14,0.47,57990.586180555554
9.02e-14,1.5e-14,1.8e-14,1.29e-14,6.929999999999999e-22,1.26e-14,0.41,57990.58734953704
9.5e-14,3.84e-14,3.9600000000000004e-15,1.81e-14,2.8100000000000003e-15,9.25e-15,0.44,57990.58851851852
5.81e-16,8.01e-14,8.13e-19,1.1e-14,1.71e-14,9.18e-15,0.35,57990.59079861111
1.99e-22,9.509999999999999e-15,9.22e-15,5.02e-14,4.73e-15,1.14e-14,0.29,57990.59185185185
7.76e-18,1.25e-13,3.58e-16,6.27e-14,1.94e-14,9.26e-15,0.51,57990.59290509259
7.07e-15,7.4e-14,2.02e-15,5.47e-14,3.1899999999999998e-15,1.31e-14,0.41,57990.595034722224
2.9e-22,1.2700000000000001e-13,1.94e-16,7.37e-14,1.44e-14,1.24e-14,0.52,57990.59609953704
2.75e-14,9.62e-14,7.920000000000001e-15,5.89e-14,4.22e-15,1.28e-14,0.5,57990.59716435185
4.13e-14,1.17e-14,1.72e-14,4.31e-14,1.37e-14,9.37e-15,0.39,57990.598229166666
6.58e-14,3.51e-14,1.31e-14,6.78e-14,1.26e-14,7.63e-15,0.49,57990.599328703705
6.63e-16,8.9e-14,1.13e-15,8.59e-14,7.52e-15,1.01e-14,0.48,57990.600381944445
8.18e-18,1.49e-13,1.0699999999999998e-15,8.29e-14,1.85e-15,1.3e-14,0.55,57990.60145833333
4.12e-15,1.83e-13,4.0499999999999997e-16,6.69e-14,5.979999999999999e-15,1.45e-14,0.59,57990.60252314815
6.34e-15,1.24e-13,1.79e-16,5.67e-14,5.7e-15,1.41e-14,0.49,57990.60465277778
3.43e-13,5.51e-14,3.94e-14,2.69e-14,2.8600000000000003e-15,1.42e-14,0.82,57990.605717592596
1.23e-13,9.37e-14,3.68e-16,4.13e-14,2.0300000000000002e-15,1.11e-14,0.58,57990.606782407405
1.05e-13,1.26e-14,2.3e-15,2.54e-14,1.66e-22,9.709999999999999e-15,0.42,57990.60784722222
3.37e-14,2.95e-14,1.13e-18,2.35e-14,2.98e-15,9.84e-15,0.32,57990.60891203704
4.48e-14,1.46e-14,2.96e-16,3.4e-14,1.9e-14,7.859999999999999e-15,0.36,57990.611030092594
4.48e-14,1.46e-14,2.96e-16,3.4e-14,3.29e-15,1.13e-14,0.36,57990.611030092594
7.1e-14,5.46e-14,1.44e-16,3.59e-14,3.29e-15,1.13e-14,0.45,57990.61209490741
1.13e-13,2.53e-15,2.92e-15,2.11e-14,4.3399999999999995e-15,1.05e-14,0.41,57990.61425925926
1.01e-13,3.03e-14,2.56e-16,2.26e-14,3.21e-15,1.13e-14,0.44,57990.615324074075
2.7800000000000003e-13,3.1e-14,1.87e-16,2.08e-14,5.58e-15,1.09e-14,0.67,57990.61638888889
