dimm,mjd
0.81,56062.24145833333
0.73,56062.24355324074
0.86,56062.24459490741
0.61,56062.24563657407
0.68,56062.24768518518
0.55,56062.248715277776
0.74,56062.249768518515
0.65,56062.2518287037
0.7,56062.25287037037
0.53,56062.253900462965
0.65,56062.254965277774
0.64,56062.25599537037
0.67,56062.25703703704
0.6,56062.25806712963
0.44,56062.26310185185
0.44,56062.264131944445
0.5,56062.265173611115
0.44,56062.2662037037
0.47,56062.269837962966
0.42,56062.270949074074
0.44,56062.27199074074
0.36,56062.2740625
0.36,56062.28097222222
0.43,56062.282002314816
0.36,56062.28303240741
0.24,56062.285104166665
0.34,56062.28613425926
0.31,56062.28613425926
0.29,56062.28821759259
0.21,56062.28925925926
0.3,56062.290289351855
0.28,56062.29133101852
0.31,56062.29236111111
0.35,56062.29340277778
0.39,56062.29445601852
0.31,56062.295486111114
0.36,56062.29652777778
0.38,56062.297581018516
0.4,56062.298622685186
0.31,56062.29965277778
0.29,56062.30069444444
0.25,56062.30173611111
0.26,56062.302766203706
0.32,56062.30386574074
0.31,56062.30490740741
0.36,56062.3059375
0.33,56062.30699074074
0.41,56062.308020833334
0.31,56062.30903935185
0.39,56062.31008101852
0.32,56062.31112268518
0.44,56062.31216435185
0.34,56062.31321759259
0.31,56062.314259259256
0.31,56062.315300925926
0.3,56062.31909722222
0.25,56062.320127314815
0.33,56062.3212037037
0.28,56062.322233796294
0.28,56062.323275462964
0.3,56062.324328703704
0.3,56062.325370370374
0.24,56062.32640046296
0.29,56062.327465277776
0.28,56062.32848379629
0.35,56062.32957175926
0.27,56062.33060185185
0.24,56062.33164351852
0.32,56062.33541666667
0.35,56062.33646990741
0.38,56062.33751157407
0.41,56062.33855324074
0.35,56062.339594907404
0.29,56062.34166666667
0.29,56062.34270833333
0.36,56062.34375
0.37,56062.344872685186
0.45,56062.34591435185
0.42,56062.34694444444
0.35,56062.34799768519
0.3,56062.34903935185
0.39,56062.350069444445
0.42,56062.351122685184
0.37,56062.35215277778
0.35,56062.35325231482
0.3,56062.35533564815
0.31,56062.35637731481
0.31,56062.35741898148
0.29,56062.358460648145
0.36,56062.36210648148
0.33,56062.36314814815
0.35,56062.36417824074
0.29,56062.365219907406
0.37,56062.367314814815
0.34,56062.368368055555
0.35,56062.37053240741
0.27,56062.37157407407
0.29,56062.372615740744
0.3,56062.37365740741
0.27,56062.374710648146
0.32,56062.375752314816
0.31,56062.37679398148
0.29,56062.377847222226
0.3,56062.37888888889
0.39,56062.37993055556
0.4,56062.38097222222
0.45,56062.38202546296
0.38,56062.38306712963
0.4,56062.38664351852
0.35,56062.38768518518
0.3,56062.38872685185
0.32,56062.38978009259
0.45,56062.39083333333
0.36,56062.391863425924
0.38,56062.392905092594
0.33,56062.393958333334
0.47,56062.39501157407
0.37,56062.39606481481
0.37,56062.39711805555
0.36,56062.399201388886
0.39,56062.40025462963
0.38,56062.401296296295
0.39,56062.402349537035
0.32,56062.403391203705
0.39,56062.40547453704
0.31,56062.40755787037
0.45,56062.40861111111
0.32,56062.40966435185
0.34,56062.41070601852
0.34,56062.41174768518
0.36,56062.41280092593
0.39,56062.41385416667
0.37,56062.41490740741
0.43,56062.41594907407
0.32,56062.41699074074
0.35,56062.41804398148
0.34,56062.4190625
0.37,56062.420115740744
0.38,56062.421168981484
0.4,56062.42222222222
0.33,56062.42327546296
0.44,56062.42431712963
0.38,56062.42538194444
0.45,56062.42643518518
0.43,56062.42748842593
0.42,56062.42851851852
0.47,56062.42957175926
0.44,56062.431666666664
0.45,56062.43271990741
0.38,56062.43377314815
0.41,56062.43481481481
0.41,56062.435949074075
0.38,56062.43699074074
0.42,56062.438043981485
0.34,56062.44012731482
0.39,56062.44119212963
0.4,56062.4422337963
0.38,56062.44328703704
0.32,56062.444386574076
0.39,56062.44541666667
0.37,56062.44648148148
0.34,56062.44752314815
0.37,56062.44857638889
0.42,56062.44962962963
0.45,56062.4506712963
0.37,56062.45342592592
0.37,56062.45449074074
0.35,56062.45553240741
0.33,56062.45658564815
0.36,56062.45762731481
0.38,56062.45868055556
0.44,56062.4597337963
0.35,56062.46078703704
0.38,56062.46189814815
0.34,56062.46399305556
0.33,56062.46505787037
0.41,56062.46611111111
0.39,56062.467152777775
0.54,56062.468206018515
0.47,56062.46927083333
0.52,56062.47032407407
0.49,56062.471400462964
0.43,56062.47350694444
0.39,56062.47454861111
0.32,56062.47560185185
0.37,56062.47665509259
0.41,56062.47769675926
0.35,56062.47875
0.37,56062.47980324074
0.38,56062.48085648148
0.35,56062.48197916667
0.39,56062.48303240741
0.35,56062.484085648146
0.44,56062.485138888886
0.43,56062.48619212963
0.45,56062.48725694444
0.56,56062.48831018519
0.5,56062.48936342593
0.47,56062.49040509259
0.42,56062.49146990741
0.54,56062.49252314815
0.41,56062.49363425926
0.41,56062.4946875
0.49,56062.49574074074
0.38,56062.49679398148
0.38,56062.49784722222
0.43,56062.49890046296
0.44,56062.4999537037
0.4,56062.50103009259
0.38,56062.50209490741
0.44,56062.50314814815
0.45,56062.504212962966
0.41,56062.505266203705
0.42,56062.507372685184
0.37,56062.508425925924
0.4,56062.50947916666
0.4,56062.51053240741
0.43,56062.51159722222
0.37,56062.512650462966
0.37,56062.513715277775
0.36,56062.51476851852
0.35,56062.51582175926
0.46,56062.516875
0.43,56062.51792824074
0.41,56062.51896990741
0.42,56062.52003472222
0.37,56062.522152777776
0.37,56062.523206018515
0.35,56062.52425925926
0.38,56062.52532407407
0.4,56062.52638888889
0.36,56062.52744212963
0.34,56062.528495370374
0.36,56062.52957175926
0.39,56062.53167824074
0.38,56062.532743055555
0.41,56062.533796296295
0.66,56062.53486111111
0.64,56062.53592592593
0.53,56062.53803240741
0.48,56062.539085648146
0.47,56062.54015046296
0.43,56062.541180555556
0.37,56062.54224537037
0.4,56062.54331018519
0.41,56062.544375
0.47,56062.545439814814
0.39,56062.54650462963
0.4,56062.54755787037
0.33,56062.548680555556
0.33,56062.549733796295
0.38,56062.550787037035
0.39,56062.55185185185
0.37,56062.55396990741
0.37,56062.55502314815
0.34,56062.556122685186
0.32,56062.55719907407
0.35,56062.55825231481
0.39,56062.55930555556
0.31,56062.56037037037
0.32,56062.56141203704
0.33,56062.56246527778
0.33,56062.563564814816
0.31,56062.56462962963
0.43,56062.568402777775
0.41,56062.56945601852
0.39,56062.57053240741
0.44,56062.571597222224
0.55,56062.57266203704
0.6,56062.57373842593
0.53,56062.574791666666
0.64,56062.57585648148
0.72,56062.5769212963
0.79,56062.57797453704
1.01,56062.57902777778
0.53,56062.580092592594
0.4,56062.58116898148
0.47,56062.582233796296
0.63,56062.583287037036
0.7,56062.584375
0.55,56062.5865162037
0.7,56062.58760416666
0.53,56062.58865740741
0.98,56062.59226851852
0.95,56062.59442129629
1.08,56062.59548611111
0.43,56062.596550925926
0.44,56062.59761574074
0.58,56062.59866898148
0.54,56062.5997337963
0.49,56062.600798611114
0.82,56062.601851851854
1.11,56062.60291666666
1.03,56062.60398148148
0.97,56062.605046296296
0.73,56062.60611111111
0.57,56062.60824074074
0.54,56062.609305555554
0.48,56062.61037037037
0.45,56062.611446759256
0.54,56062.61251157407
0.45,56062.61357638889
0.39,56062.614641203705
0.46,56062.61570601852
0.47,56062.617893518516
0.45,56062.61896990741
0.57,56062.620034722226
0.49,56062.621099537035
0.47,56062.62217592593
