dimm,mjd
0.7,56789.24806712963
0.83,56789.24912037037
0.68,56789.25125
0.92,56789.252291666664
0.59,56789.25334490741
0.52,56789.25440972222
0.65,56789.25543981481
0.64,56789.25650462963
0.78,56789.258263888885
0.75,56789.25929398148
0.76,56789.260358796295
0.77,56789.26142361111
0.71,56789.26246527778
0.79,56789.26351851852
0.93,56789.264560185184
0.65,56789.265625
0.96,56789.26664351852
0.72,56789.26770833333
0.8,56789.269837962966
0.69,56789.27195601852
0.53,56789.27302083333
0.61,56789.27407407408
0.71,56789.27512731482
0.88,56789.276192129626
0.6,56789.27725694444
0.6,56789.27831018518
0.93,56789.279375
0.9,56789.28042824074
1.0,56789.281493055554
0.77,56789.282534722224
0.97,56789.28361111111
0.9,56789.28466435185
0.83,56789.28574074074
0.79,56789.28679398148
0.71,56789.28787037037
0.72,56789.28890046296
0.71,56789.28996527778
0.62,56789.291030092594
0.69,56789.29209490741
0.67,56789.29315972222
0.75,56789.29423611111
0.72,56789.29528935185
0.56,56789.29635416667
0.58,56789.297430555554
0.66,56789.29850694445
0.46,56789.29956018519
0.6,56789.300625
0.71,56789.30168981481
0.71,56789.30275462963
0.55,56789.303819444445
0.55,56789.30489583333
0.61,56789.30594907407
0.58,56789.30701388889
0.5,56789.3080787037
0.54,56789.30915509259
0.56,56789.31023148148
0.63,56789.3112962963
0.77,56789.31236111111
0.58,56789.313425925924
0.57,56789.31449074074
0.55,56789.31553240741
0.59,56789.3165625
0.68,56789.31762731481
0.73,56789.31866898148
0.53,56789.32077546296
0.58,56789.321851851855
0.64,56789.322916666664
0.65,56789.32399305556
0.53,56789.325057870374
0.49,56789.32840277778
0.49,56789.32945601852
0.49,56789.330509259256
0.52,56789.33158564815
0.46,56789.33372685185
0.53,56789.33478009259
0.54,56789.335856481484
0.52,56789.336909722224
0.49,56789.33798611111
0.56,56789.339050925926
0.46,56789.340104166666
0.52,56789.34118055556
0.56,56789.34224537037
0.49,56789.343310185184
0.6,56789.344375
0.6,56789.34543981482
0.6,56789.346504629626
0.62,56789.34756944444
0.65,56789.348645833335
0.58,56789.349710648145
0.47,56789.35077546296
0.5,56789.351851851854
0.62,56789.35291666666
0.69,56789.353993055556
0.76,56789.35505787037
0.55,56789.35613425926
0.5,56789.3571875
0.51,56789.35826388889
0.42,56789.359305555554
0.39,56789.36038194445
0.4,56789.36145833333
0.43,56789.36251157407
0.46,56789.363587962966
0.44,56789.36462962963
0.44,56789.36570601852
0.52,56789.366747685184
0.41,56789.3678125
0.43,56789.36888888889
0.41,56789.3699537037
0.4,56789.371030092596
0.44,56789.372094907405
0.37,56789.37315972222
0.39,56789.37422453704
0.37,56789.37527777778
0.42,56789.37635416666
0.48,56789.37741898148
0.49,56789.37849537037
0.5,56789.37956018518
0.51,56789.38061342593
0.48,56789.38167824074
0.45,56789.382743055554
0.44,56789.38381944445
0.44,56789.384884259256
0.4,56789.38596064815
0.45,56789.387025462966
0.38,56789.388078703705
0.44,56789.38914351852
0.39,56789.39021990741
0.46,56789.391284722224
0.44,56789.39233796296
0.4,56789.39341435185
0.39,56789.394479166665
0.5,56789.39554398148
0.74,56789.39662037037
0.61,56789.397685185184
0.6,56789.39875
0.58,56789.399826388886
0.38,56789.407789351855
0.36,56789.408854166664
0.4,56789.41275462963
0.38,56789.413831018515
0.39,56789.41490740741
0.38,56789.41596064815
0.36,56789.41704861111
0.34,56789.41811342593
0.38,56789.41917824074
0.4,56789.42025462963
0.42,56789.421319444446
0.43,56789.42239583333
0.65,56789.42346064815
0.53,56789.424525462964
0.49,56789.42560185185
0.41,56789.42667824074
0.84,56789.42774305555
0.47,56789.42883101852
0.45,56789.42989583333
0.36,56789.430972222224
0.32,56789.43203703704
0.39,56789.4330787037
0.47,56789.434166666666
0.52,56789.43523148148
0.63,56789.43630787037
0.65,56789.437372685185
0.63,56789.43844907408
0.58,56789.43952546296
0.55,56789.44059027778
0.53,56789.441666666666
0.56,56789.44274305556
0.51,56789.443819444445
0.71,56789.44489583333
0.71,56789.445972222224
0.56,56789.44739583333
0.49,56789.44846064815
0.41,56789.449537037035
0.45,56789.45061342593
0.42,56789.45167824074
0.49,56789.45276620371
0.42,56789.453831018516
0.51,56789.45491898148
0.5,56789.45599537037
0.49,56789.45706018519
0.48,56789.458136574074
0.5,56789.45920138889
0.49,56789.46344907407
0.47,56789.464525462965
0.52,56789.46560185185
0.46,56789.46666666667
0.52,56789.46774305555
0.6,56789.46880787037
0.58,56789.46989583333
0.59,56789.47094907407
0.57,56789.472025462965
0.57,56789.47309027778
0.6,56789.474178240744
0.52,56789.47525462963
0.59,56789.476319444446
0.7,56789.47740740741
0.57,56789.478483796294
0.57,56789.47954861111
0.71,56789.48063657407
0.66,56789.48170138889
0.57,56789.48278935185
0.6,56789.483831018515
0.65,56789.48490740741
0.56,56789.485972222225
0.63,56789.48704861111
0.55,56789.48811342593
0.52,56789.48920138889
0.52,56789.490277777775
0.52,56789.49135416667
0.68,56789.492430555554
0.63,56789.49350694445
0.62,56789.49458333333
0.62,56789.495671296296
0.5,56789.49674768518
0.56,56789.4978125
0.44,56789.49888888889
0.48,56789.49996527778
0.7,56789.50104166667
0.74,56789.50212962963
0.87,56789.50319444444
0.97,56789.504282407404
0.69,56789.5053587963
0.68,56789.50643518518
0.42,56789.50751157408
0.47,56789.50858796296
0.52,56789.509988425925
0.42,56789.51106481482
0.46,56789.51215277778
0.44,56789.51322916667
0.51,56789.51428240741
0.45,56789.5153587963
0.36,56789.51642361111
0.35,56789.5175
0.38,56789.51856481482
0.45,56789.519641203704
0.34,56789.52069444444
0.39,56789.52177083334
0.36,56789.52284722222
0.34,56789.523935185185
0.36,56789.524976851855
0.4,56789.526041666664
0.35,56789.52712962963
0.33,56789.52821759259
0.34,56789.52929398148
0.33,56789.530381944445
0.38,56789.53145833333
0.46,56789.532534722224
0.35,56789.53359953704
0.42,56789.53467592593
0.4,56789.53575231481
0.39,56789.536840277775
0.37,56789.537939814814
0.39,56789.5390162037
0.46,56789.54261574074
0.46,56789.54369212963
0.41,56789.54476851852
0.4,56789.54584490741
0.39,56789.54693287037
0.36,56789.54798611111
0.39,56789.5490625
0.48,56789.55013888889
0.48,56789.551203703704
0.54,56789.55228009259
0.48,56789.55336805555
0.42,56789.554456018515
0.42,56789.55553240741
0.45,56789.55662037037
0.4,56789.55767361111
0.46,56789.55881944444
0.44,56789.559895833336
0.44,56789.56099537037
0.45,56789.563159722224
0.52,56789.56423611111
0.49,56789.5653125
0.42,56789.566400462965
0.44,56789.56748842593
0.51,56789.568564814814
0.46,56789.569652777776
0.4,56789.57074074074
0.44,56789.5718287037
0.39,56789.572905092595
0.37,56789.57399305556
0.36,56789.57777777778
0.4,56789.578877314816
0.41,56789.5799537037
0.43,56789.581041666665
0.45,56789.58210648148
0.37,56789.58319444444
0.36,56789.58427083334
0.39,56789.58540509259
0.38,56789.5865162037
0.46,56789.58763888889
0.45,56789.58877314815
0.44,56789.590219907404
0.45,56789.59385416667
0.44,56789.5949537037
0.38,56789.596030092594
0.47,56789.59709490741
0.35,56789.5981712963
0.34,56789.59925925926
0.35,56789.600335648145
0.32,56789.60142361111
0.32,56789.60254629629
0.41,56789.604375
0.38,56789.60542824074
0.39,56789.60649305556
0.39,56789.60758101852
0.38,56789.60863425926
0.41,56789.60969907408
0.41,56789.610763888886
0.38,56789.6118287037
0.38,56789.612905092596
0.39,56789.61399305556
0.34,56789.615069444444
0.35,56789.61615740741
0.36,56789.61724537037
0.37,56789.61829861111
0.37,56789.61939814815
0.33,56789.620462962965
0.35,56789.62152777778
0.38,56789.62262731481
0.32,56789.62369212963
